11 165
206 475
584 725
750 787
790 901
1029 1225
1286 1350
1362 1420
1485 1659
1665 1753
1778 1860
1993 2129
2175 2253
2310 2546
2636 2796
2859 2875
2884 3003
3014 3146
3285 3438
3473 3571
3595 3708
3752 3893
3973 4103
4114 4232
4261 4404
4436 4515
4536 4622
4695 4729
4772 4855
4913 5031
5063 5331
5421 5730
5807 5837
5840 5901
5953 6181
6244 6529
6684 6686
6693 6901
6904 6966
7034 7194
7239 7390
7442 7609
7698 7797
7841 7961
7999 8001
8183 8459
8496 8614
8650 8736
8746 8818
8871 8947
8953 9085
9144 9345
9387 9565
9574 9629
9659 9818
9939 10011
10050 10191
10242 10476
10510 10735
10788 10864
10871 10946
10949 11041
11062 11162
11374 11802
11847 12003
12073 12092
12099 12278
12301 12419
12458 12646
12650 12800
12975 13099
13103 13268
13288 13334
13337 13396
13484 13851
13871 13926
13937 14023
14100 14372
14398 14546
14580 14700
14722 14918
15010 15401
15404 15472
15512 15677
15696 15830
15859 15980
16110 16112
16115 16201
16206 16411
16447 16588
16708 16829
16856 16955
17086 17150
17153 17273
17328 17454
17467 17579
17724 17726
17741 17839
17912 18094
18171 18189
18194 18325
18461 18567
18604 18793
18880 19011
19014 19039
19058 19153
19175 19282
19307 19539
19621 19807
19909 20006
20023 20104
20130 20272
20404 20481
20514 20795
20905 21161
21288 21366
21389 21622
21753 22008
22055 22320
22481 22577
22648 22923
23009 23281
23321 23554
23577 23721
23824 23881
23933 24034
24114 24215
24260 24379
24429 24650
24660 24807
24861 24863
24971 25221
25224 25300
25377 25550
25597 25816
25906 25967
26013 26158
26198 26277
26280 26532
26603 26813
26859 27119
27149 27213
27244 27350
27366 27368
27486 27575
27578 27698
27758 27968
28022 28164
28177 28266
28300 28417
28460 28580
28701 28955
29002 29146
29191 29438
29454 29656
29697 29698
29782 29870
29882 30010
30046 30152
30261 30421
30488 30619
30708 30775
30778 30927
30931 30986
31045 31099
31107 31265
31288 31435
31453 31652
31703 31706
31800 31868
31925 32089
32121 32286
32289 32376
32381 32512
32606 32739
32785 32944
32985 33279
33324 33519
33556 33604
33609 33740
33786 33954
33957 33993
33998 34022
34176 34286
34299 34524
34543 34684
34709 34756
34774 34825
34862 34956
34991 35217
35261 35461
35594 35596
35608 35784
35787 36115
36167 36168
36273 36319
36388 36502
36528 36831
36871 36947
36953 37379
37439 37521
37586 37714
37746 37978
38132 38418
38448 38574
38649 38846
38887 38977
38980 39049
39078 39174
39225 39227
39324 39551
39584 39727
39774 40091
40193 40196
40277 40349
40403 40614
40664 40837
40901 41049
41092 41272
41305 41456
41510 41705
41773 41930
41977 42143
42179 42602
42720 42978
43025 43168
43205 43295
43298 43362
43389 43513
43558 43560
43572 43612
43660 43774
43777 43787
43795 44060
44094 44338
44423 44629
44661 44743
44780 44921
44981 44982
45090 45226
45272 45444
45486 45557
45573 45658
45698 45910
45940 46199
46228 46345
46378 46391
46394 46460
46509 46511
46608 46758
46827 47095
47121 47271
47397 47400
47415 47588
47591 47816
47908 48089
48156 48368
48401 48675
48703 48837
48953 49113
49160 49294
49364 49444
49540 49627
49680 49725
49811 49892
49950 50023
50141 50240
50306 50440
50456 50594
50597 50640
50656 50789
50978 51011
51014 51123
51169 51342
51403 51405
51521 51593
51620 51754
51901 52169
52212 52305
52308 52397
52400 52461
52501 52584
52594 52733
52846 53053
53062 53235
53285 53498
53535 53689
53830 54018
54029 54131
54134 54178
54278 54586
54654 54833
54861 54965
55011 55198
55218 55518
55580 55581
55688 55711
55719 55871
55979 56081
56199 56364
56371 56394
56495 56692
56917 56920
56929 57435
57557 57673
57700 57894
57972 58096
58143 58302
58309 58480
58578 58711
58750 58884
58941 59060
59137 59290
59361 59691
59731 59841
60008 60010
60018 60099
60116 60219
60248 60379
60382 60482
60508 60629
60768 60922
60962 61061
61113 61308
61311 61354
61410 61577
61628 61777
61921 62099
62159 62355
62382 62496
62518 62573
62661 62942
63108 63110
63119 63274
63312 63455
63592 63798
63809 63848
63851 63910
63988 64091
64104 64226
64246 64276
64279 64558
64616 64617
64712 64795
64798 64910
64938 65080
65164 65242
65273 65502
65528 65651
65694 65833
65872 65968
65991 66062
66111 66294
66329 66563
66707 66710
66807 66881
66884 67050
67060 67113
67160 67312
67330 67516
67525 67676
67719 67844
67937 68042
68143 68278
68311 68339
68455 68516
68638 68640
68647 68833
68886 68983
69031 69043
69061 69145
69271 69452
69499 69614
69621 69859
69932 70060
70074 70150
70173 70233
70337 70492
70496 70550
70555 70668
70695 70859
70877 71149
71185 71457
71485 71719
71785 71787
71891 72149
72280 72470
72490 72590
72614 72797
72835 72921
73052 73441
73475 73777
73800 73813
73816 74125
74167 74278
74298 74446
74568 74570
74581 74668
74714 74847
74891 75094
75224 75279
75314 75416
75448 75514
75525 75639
75665 75712
75716 75802
75841 76055
76105 76106
76178 76418
76474 76614
76644 76737
76863 77025
77049 77310
77365 77587
77640 77768
77806 78074
78217 78220
78224 78365
78400 78522
78569 78642
78649 78750
78786 78874
78908 79064
79115 79202
79206 79253
79312 79430
79476 79735
79773 79888
79893 79978
80036 80323
80326 80360
80404 80523
80557 80666
80672 80725
80742 80914
81058 81060
81071 81394
81417 81596
81658 81676
81688 81843
81874 82025
82116 82151
82162 82296
82478 82480
82491 82544
82547 82620
82670 82969
82990 83142
83188 83190
83263 83330
83361 83474
83493 83558
83582 83641
83644 83679
83682 83804
83845 83923
83926 84127
84161 84362
84508 84510
84634 85106
85152 85350
85389 85529
85534 85772
85853 85987
86088 86160
86171 86255
86301 86449
86497 86780
86803 86927
87007 87150
87242 87243
87258 87435
87463 87655
87703 87835
87881 87995
88018 88136
88168 88352
88372 88528
88549 88716
88820 88902
88910 89032
89062 89253
89295 89570
89593 89791
89819 89955
90077 90195
90229 90371
90432 90489
90495 90843
90898 90901
90986 91141
91167 91255
91269 91361
91369 91443
91472 91616
91661 91818
91829 92058
92208 92266
92313 92413
92416 92524
92557 92883
92986 93050
93090 93274
93309 93594
93623 93785
93788 93821
93824 93891
93929 94129
94172 94262
94283 94436
94443 94517
94545 94639
94642 94771
94931 94933
94944 94995
94998 95113
95127 95238
95286 95477
95480 95646
95763 96063
96101 96264
96356 96541
96581 96737
96784 96919
96922 97114
97198 97377
97419 97492
97496 97638
97665 97729
97732 97902
97947 98119
98251 98253
98264 98396
98429 98516
98552 98612
98623 98683
98728 98908
99141 99143
99150 99393
99435 99739
99772 100002
100037 100133
100341 100343
100349 100380
100383 100484
100538 100724
100813 100995
101018 101118
101121 101264
101298 101446
101489 101516
101519 101550
101697 102004
102041 102208
102238 102441
102553 102608
102639 102730
102767 103271
103302 103489
103621 103623
103633 103781
103841 103948
103959 104065
104070 104115
104231 104233
104240 104288
104323 104395
104447 104597
104628 104649
104660 104821
104902 105003
105053 105480
105595 105890
105920 106042
106073 106188
106264 106506
106547 106995
107148 107267
107314 107477
107554 107717
107800 108009
108066 108173
108201 108377
108437 108609
108646 108745
108748 108830
108946 109090
109129 109270
109341 109467
109470 109521
109527 109617
109645 109788
109881 110088
110134 110178
110184 110368
110403 110612
110649 110758
110804 110968
111034 111279
111391 111393
111408 111704
111737 111850
111877 112009
112171 112173
112272 112655
112670 112829
112907 113013
113018 113060
113101 113182
113203 113288
113325 113577
113632 113977
114008 114311
114376 114478
114535 114710
114764 114766
114773 114839
114884 115026
115065 115268
115300 115517
115630 115694
115729 115843
115890 115990
116031 116143
116156 116286
116307 116526
116588 116775
116826 116877
116881 117077
117167 117278
117285 117429
117464 117679
117808 117998
118019 118247
118317 118442
118445 118467
118470 118496
118527 118715
118748 119068
119148 119194
119249 119370
119376 119450
119462 119604
119633 119727
119730 119912
120024 120026
120029 120107
120110 120166
120223 120435
120604 120606
120619 120762
120853 120951
120954 121061
121072 121122
121176 121251
121278 121368
121425 121460
121494 121589
121634 121767
121772 121797
121846 121967
122098 122309
122317 122513
122516 122574
122629 122862
122924 122944
122950 123084
123135 123270
123314 123431
123440 123519
123724 123726
123735 124014
124046 124170
124194 124304
124307 124352
124362 124402
124409 124473
124581 124750
124790 124978
124981 125190
125290 125496
125499 125522
125525 125671
125804 125806
125822 125921
125964 126318
126378 126533
126536 126702
126825 127160
127221 127570
127614 127915
127950 128151
128271 128399
128448 128474
128477 128659
128718 128995
129040 129287
129413 129496
129576 129832
129862 130049
130103 130362
130406 130526
130529 130546
130719 130948
130951 131006
131130 131295
131377 131547
131587 131831
131861 132176
132306 132307
132383 132535
132577 132688
132724 132868
132980 133244
133371 133507
133569 133709
133742 134005
134158 134449
134502 134812
134879 135109
135254 135256
135272 135432
135452 135579
135648 135669
135677 135786
135827 136011
136090 136425
136455 136644
136774 136776
136790 136894
136898 137019
137029 137106
137174 137350
137422 137567
137605 137942
137981 138143
138199 138306
138314 138416
138564 138566
138576 138712
138787 138965
139017 139230
139353 139546
139613 139787
139793 139915
139941 140027
140030 140115
140364 140366
140471 140631
140685 140745
140748 141057
141183 141321
141344 141499
141551 141603
141609 141755
141814 142024
142053 142211
142235 142397
142445 142447
142453 142536
142602 142693
142769 142968
143034 143112
143124 143212
143228 143359
143366 143578
143624 143762
143810 144245
144377 144442
144476 144587
144632 144904
145015 145139
145178 145283
145338 145496
145645 145853
145965 146024
146038 146293
146403 146630
146722 146827
146944 147209
147240 147474
147605 147778
147837 147914
147981 148212
148379 148580
148676 148677
148687 148752
148824 149045
149110 149185
149270 149379
149475 149669
149701 149835
149842 149928
149984 150134
150160 150249
150404 150575
150618 150915
150997 151214
151345 151538
151580 151723
151793 151859
151863 151885
151995 152183
152282 152549
152572 152596
152639 152858
152900 153046
153086 153139
153153 153269
153330 153594
153755 153757
153771 153819
153873 153886
153890 153967
154012 154178
154185 154461
154563 154745
154818 154985
155000 155120
155123 155229
155232 155288
155357 155358
155419 155670
155716 155857
155937 156285
156327 156412
156460 156492
156498 156631
156738 156969
157009 157200
157241 157262
157269 157332
157345 157409
157418 157515
157543 157820
157857 158074
158245 158547
158646 158805
158843 158941
158980 159193
159196 159327
159330 159400
159535 159537
159545 159768
159867 160037
160076 160232
160255 160382
160385 160456
160461 160580
160589 160871
160992 161262
161284 161367
161371 161638
161664 161698
161711 161786
161803 161875
161878 161964
162085 162087
162095 162341
162345 162382
162486 162537
162660 162741
162766 162930
162953 162959
162996 163214
163355 163494
163612 163764
163832 164002
164146 164219
164295 164535
164590 164758
164890 165099
165142 165211
165326 165464
165499 165693
165857 166158
166222 166482
166550 166612
166615 166666
166669 166782
166832 166942
167000 167246
167251 167320
167356 167487
167490 167673
167785 167787
167795 167917
167954 168006
168009 168100
168143 168380
168510 168650
168653 168750
168753 168775
168799 168893
168935 168975
168978 169090
169113 169298
169434 169492
169526 169738
169793 169956
169990 170092
170118 170290
170392 170618
170643 170704
170710 170783
170806 170943
171090 171212
171245 171332
171350 171383
171386 171455
171487 171642
171770 171901
171904 171936
171978 172267
172330 172402
172546 172638
172641 172752
172782 172875
172878 172988
173019 173295
173414 173465
173531 173691
173736 173813
173816 173876
173907 174027
174186 174187
174195 174588
174688 174812
174915 175047
175050 175109
175218 175421
175453 175654
175657 175785
175895 175897
176003 176161
176267 176409
176440 176486
176489 176551
176647 176768
176806 176980
177023 177204
177248 177251
177260 177316
177360 177511
177560 177824
177887 178073
178113 178151
178154 178304
178357 178487
178491 178658
178663 178734
178864 178917
178946 179092
179120 179358
179445 179678
179765 179902
179930 179994
179999 180047
180127 180272
180377 180442
180449 180501
180522 180670
180711 180822
180845 181006
181023 181182
181218 181475
181515 181563
181566 181716
181846 181981
182020 182098
182149 182193
182196 182338
182373 182538
182656 182690
182693 182854
182923 183020
183029 183137
183140 183284
183312 183339
183342 183405
183495 183571
183574 183665
183807 183940
183971 184068
184071 184143
184227 184527
184643 184695
184742 184962
185117 185190
185250 185380
185506 185628
185721 185796
185824 186034
186100 186396
186438 186698
186770 187055
187218 187295
187385 187662
187717 187751
187889 187891
187900 187975
187978 188083
188208 188344
188347 188419
188422 188448
188486 188711
188822 189060
189199 189201
189293 189630
189703 189705
189854 190164
190223 190302
190311 190425
190486 190671
190770 190810
190833 190932
190991 191262
191321 191531
191591 191804
191829 191928
192061 192218
192250 192353
192416 192627
192723 192883
192948 193001
193004 193102
193171 193428
193449 193550
193553 193616
193730 194028
194140 194182
194221 194293
194303 194417
194420 194451
194497 194614
194654 194809
194968 195140
195194 195368
195410 195642
195743 195859
195883 196152
196183 196363
196397 196494
196591 196757
196784 196927
196955 197051
197070 197142
197171 197270
197274 197276
197418 197595
197691 197911
197939 198105
198156 198322
198328 198485
198593 198805
198864 199014
199050 199169
199206 199634
199711 199849
200038 200212
200263 200327
200396 200559
200597 200889
200902 200913
200994 201023
201026 201183
201232 201341
201401 201567
201599 201677
201680 201709
201713 201785
201889 202029
202107 202291
202303 202376
202387 202472
202512 202890
203021 203204
203304 203508
203611 203821
203893 204054
204075 204229
204306 204453
204555 204611
204614 204731
204773 204868
204918 204986
204994 204996
205142 205341
205407 205547
205579 205669
205674 205892
206021 206157
206202 206575
206603 206753
206790 206856
206859 206883
206889 206938
206965 207226
207238 207348
207358 207554
207625 207718
207816 207886
208034 208036
208049 208217
208251 208380
208413 208472
208475 208548
208566 208644
208647 208876
208879 208936
208955 209275
209409 209529
209535 209578
209581 209693
209705 209816
209879 210003
210071 210212
210342 210433
210436 210539
210567 210592
210619 210717
210765 211058
211162 211437
211462 211641
211661 212000
212124 212126
212137 212294
212315 212482
212497 212578
212685 212818
212855 212927
212930 212990
213025 213169
213206 213321
213325 213395
213435 213635
213738 213822
213904 214084
214182 214308
214440 214616
214674 214857
214878 215006
215154 215156
215170 215440
215443 215520
215554 215705
215740 215934
215937 216076
216174 216176
216194 216261
216285 216449
216481 216672
216723 216890
216931 217082
217215 217371
217421 217749
217781 217854
217860 217967
218004 218044
218054 218177
218278 218477
218506 218813
218816 218873
218898 219058
219142 219247
219298 219412
219474 219720
219736 219903
219987 220044
220047 220203
220313 220316
220323 220359
220365 220562
220715 220798
220832 221008
221053 221360
221469 221663
221703 221866
221899 222159
222189 222268
222291 222518
222523 222526
222663 222724
222777 222973
223024 223256
223317 223476
223505 223581
223584 223701
223763 223971
224019 224122
224134 224396
224446 224654
224683 224783
224807 224905
224914 224916
225050 225194
225255 225367
225372 225459
225579 225581
225722 225737
225740 225789
225792 225890
225907 226030
226059 226135
226138 226179
226217 226331
226344 226512
226546 226800
226860 226992
227024 227166
227205 227317
227320 227464
227584 227726
227751 227843
227868 227932
227943 228109
228125 228304
228344 228531
228610 228832
228837 228862
228907 228988
229029 229145
229163 229255
229259 229294
229331 229469
229506 229646
229649 229718
229773 230060
230167 230227
230255 230347
230388 230562
230565 230620
230623 230709
230748 230884
231009 231292
231323 231431
231467 231517
231520 231658
231688 231885
231988 232236
232334 232479
232524 232598
232680 232736
232744 232843
232922 233005
233037 233118
233129 233208
233282 233410
233413 233594
233617 233807
233975 234043
234115 234171
234304 234306
234321 234460
234497 234776
234901 234954
234991 235081
235135 235254
235408 235582
235620 235913
235946 236023
236046 236163
236206 236703
236844 237008
237052 237326
237354 237535
237568 237659
237662 237892
238058 238127
238152 238367
238392 238887
238919 239214
239294 239296
239310 239443
239457 239641
239687 239794
239812 239967
239983 240140
240198 240292
240295 240358
240361 240383
240433 240630
240669 240887
240895 241072
241244 241246
241378 241547
241572 241798
241901 242075
242084 242086
242221 242418
242459 242644
242652 242822
242950 243094
243097 243158
243193 243389
243423 243684
243777 243838
243869 244052
244115 244187
244270 244449
244452 244546
244649 244698
244701 244865
244928 245093
245204 245206
245219 245292
245295 245376
245424 245578
245626 245747
245774 245817
245828 245842
245845 245958
246066 246352
246427 246487
246521 246761
246780 246940
247033 247214
247257 247415
247471 247660
247724 247994
248040 248074
248117 248349
248373 248402
248413 248460
248481 248554
248585 248750
248790 248972
248994 249296
249441 249647
249681 249742
249767 250123
250158 250295
250323 250395
250420 250598
250646 250823
250863 251061
251064 251066
251184 251301
251390 251437
251536 251621
251624 251626
251750 251893
251974 252110
252152 252283
252373 252588
252645 252670
252673 252916
252965 253108
253255 253347
253350 253739
253744 253746
253868 254041
254081 254282
254349 254509
254543 254615
254618 254685
254710 255073
255141 255389
255394 255396
255501 255567
255574 255576
255735 255852
255924 256129
256160 256317
256394 256483
256506 256575
256619 256705
256708 256909
256975 257192
257243 257392
257396 257565
257599 257652
257655 257719
257722 257836
257977 258194
258217 258556
258601 258790
258828 258863
258866 259027
259030 259146
259154 259156
259249 259411
259414 259416
259529 259670
259680 259757
259764 259766
259816 259867
259874 259876
260012 260084
260118 260253
260256 260341
260344 260346
260437 260482
260494 260496
260579 260794
260804 260806
260941 261032
261069 261294
261304 261306
261397 261476
261486 261561
261564 261566
261716 261903
261965 262110
262113 262274
262330 262371
262374 262448
262454 262456
262572 262713
262724 262996
263017 263108
263134 263292
263351 263613
263668 263739
263742 263951
263985 264191
264194 264196
264305 264405
264411 264520
264563 264688
264753 264923
264937 265114
265209 265441
265475 265649
265683 265851
265904 266222
266391 266455
266490 266570
266605 266746
266749 266838
266882 266910
266913 267139
267184 267246
267249 267343
267346 267409
267418 267499
267535 267576
267585 267668
267714 267818
267821 267886
267924 268180
268300 268356
268404 268588
268624 268743
268752 268984
269025 269059
269066 269307
269332 269541
269586 269695
269698 269733
269766 270031
270063 270230
270233 270288
270404 270406
270553 270705
270740 270828
270847 270873
270881 270945
270971 271061
271109 271271
271345 271677
271680 271710
271717 271762
271880 271968
271974 271976
272098 272267
272274 272276
272388 272531
272534 272536
272636 272668
272678 272751
272754 272756
272873 272948
273041 273214
273224 273226
273345 273844
273893 273909
273912 274261
274264 274305
274384 274386
274399 274440
274443 274561
274596 274664
274696 274757
274765 274891
274926 275025
275095 275175
275243 275272
275290 275340
275353 275401
275404 275406
275543 275688
275741 275841
275906 276051
276100 276312
276412 276448
276477 276589
276633 276716
276724 276726
276863 276998
277001 277085
277110 277251
277358 277474
277514 277617
277707 277810
277847 278123
278174 278300
278386 278543
278592 278816
278845 278966
278988 279180
279225 279591
279687 279763
279799 279905
279931 280109
280112 280148
280185 280373
280442 280694
280744 281055
281166 281250
281253 281401
281434 281528
281564 281932
281993 282024
282027 282054
282075 282094
282110 282198
282278 282300
282303 282367
282418 282549
282567 282670
282674 282676
282815 282948
282973 283125
283188 283232
283260 283455
283494 283665
283684 283833
283892 284083
284141 284207
284219 284440
284471 284555
284559 284645
284673 284814
284839 284970
285007 285028
285031 285079
285109 285270
285375 285542
285569 285788
285794 285796
285810 285880
285886 285954
286062 286120
286123 286244
286247 286406
286529 286710
286750 286889
286912 287051
287054 287056
287117 287152
287174 287392
287421 287558
287569 287641
287644 287646
287724 287919
288005 288185
288189 288259
288264 288266
288368 288657
288660 288758
288786 288965
289019 289082
289085 289209
289255 289285
289292 289339
289369 289607
289676 290025
290070 290121
290134 290233
290270 290486
290504 290521
290528 290701
290795 290970
290999 291115
291118 291188
291264 291606
291658 292024
292116 292359
292410 292687
292690 292704
292707 292910
292980 293294
293341 293627
293709 293776
293804 294331
294477 294753
294768 294827
294842 294931
294983 295236
295259 295346
295376 295447
295476 295744
295837 296077
296084 296086
296217 296280
296283 296357
296364 296366
296479 296748
296779 296991
296994 296996
297102 297240
297244 297246
297328 297536
297602 297984
298114 298116
298126 298266
298274 298276
298332 298427
298475 298537
298544 298546
298629 298897
298973 299208
299256 299702
299742 299975
300029 300243
300290 300728
300734 300736
300839 300927
300985 301199
301242 301308
301356 301556
301603 301890
302015 302144
302178 302298
302301 302453
302482 302629
302684 302828
302865 303005
303082 303092
303124 303243
303270 303420
303424 303426
303530 303613
303635 303723
303759 303945
304042 304159
304182 304237
304260 304321
304377 304721
304766 305030
305058 305190
305194 305196
305319 305387
305390 305483
305532 305688
305736 305801
305804 305806
305912 306016
306045 306178
306218 306364
306403 306578
306581 306689
306692 306805
306844 307044
307088 307188
307192 307269
307388 307524
307593 307753
307780 307894
307930 307947
307953 308104
308134 308458
308489 308629
308754 308775
308781 308916
308966 309270
309391 309579
309634 309717
309722 309832
309889 309957
309980 310068
310093 310159
310285 310373
310452 310580
310689 311019
311125 311230
311261 311387
311416 311455
311458 311513
311565 311667
311716 311864
311973 312031
312042 312193
312226 312280
312284 312286
312349 312503
312523 312601
312604 312606
312748 312814
312819 312887
312890 312961
312964 312966
313027 313119
313144 313321
313371 313384
313390 313499
313505 313536
313686 313835
313861 313959
314058 314180
314195 314313
314324 314326
314422 314481
314525 314662
314700 314848
314851 314989
315134 315136
315149 315216
315345 315379
315383 315574
315577 315786
315872 316150
316192 316345
316401 316553
316564 316566
316670 316727
316771 316841
316898 317001
317050 317233
317271 317337
317379 317706
317712 317878
317963 318041
318044 318046
318149 318342
318430 318577
318605 318908
318911 318938
318977 319105
319143 319466
319554 319556
319731 319983
320096 320307
320311 320404
320407 320559
320564 320709
320781 320927
320966 321051
321078 321153
321191 321348
321395 321647
321816 321989
321994 321996
322204 322455
322505 322664
322716 322962
323001 323220
323248 323321
323354 323460
323552 323605
323608 323808
323811 323980
324063 324109
324114 324228
324231 324325
324371 324469
324582 324717
324720 324827
324858 324949
324974 325209
325300 325406
325432 325555
325627 325734
325765 325905
325969 326033
326053 326168
326205 326345
326380 326621
326699 326873
326877 326932
326936 327054
327102 327199
327202 327337
327365 327539
327576 327670
327679 327780
327799 327887
327970 328205
328234 328366
328481 328553
328575 328641
328682 328908
328988 329163
329240 329283
329288 329427
329446 329596
329651 329736
329772 329868
329919 330167
330207 330366
330410 330667
330682 330943
331024 331244
331288 331587
331649 331734
331747 331840
331843 331940
331984 332123
332254 332256
332263 332329
332383 332757
332776 332855
332905 333078
333190 333349
333451 333531
333618 333810
333902 333985
334071 334239
334349 334602
334638 334929
335037 335164
335254 335256
335271 335541
335634 335636
335642 335671
335674 335733
335744 335896
335904 335906
335986 336049
336054 336056
336124 336251
336254 336256
336355 336478
336484 336486
336610 336761
336764 336766
336782 336981
337054 337127
337139 337238
337241 337394
337469 337542
337572 337718
337758 337930
337949 338067
338096 338334
338344 338346
338455 338515
338584 338586
338601 338683
338701 338781
338817 339009
339031 339069
339154 339156
339165 339301
339374 339376
339388 339459
339463 339695
339804 339806
339811 339866
339874 339876
339967 340116
340251 340404
340407 340454
340464 340466
340573 340622
340625 340711
340746 340921
340924 341024
341056 341222
341298 341561
341594 341732
341884 341886
341894 342009
342038 342105
342111 342238
342257 342406
342462 342577
342580 342808
342903 343016
343122 343287
343323 343486
343594 343596
343610 343739
343742 343860
343881 343986
344058 344161
344191 344344
344349 344413
344442 344533
344536 344683
344711 344923
344964 345213
345318 345544
345549 345688
345737 345929
345967 346064
346086 346160
346183 346261
346278 346385
346424 346445
346449 346587
346696 346765
346768 346831
346866 347087
347123 347305
347369 347480
347519 347755
347776 347897
347926 347980
347983 348183
348194 348196
348297 348351
348386 348590
348630 348821
348964 349152
349155 349278
349356 349535
349599 349738
349771 349811
349814 349908
349933 349953
349956 350204
350256 350481
350517 350658
350731 350966
351067 351191
351221 351437
351491 351519
351526 351558
351567 351704
351844 351846
351984 352088
352092 352128
352131 352238
352324 352363
352368 352413
352494 352570
352573 352666
352690 353058
353061 353123
353153 353245
353344 353457
353493 353671
353674 353676
353687 353791
353821 353937
354021 354134
354169 354372
354375 354518
354612 354722
354767 354854
354867 355134
355192 355370
355385 355452
355510 355568
355574 355576
355719 355868
355970 356127
356149 356157
356160 356265
356268 356353
356356 356450
356538 356846
356873 356974
357011 357089
357092 357143
357244 357246
357262 357372
357398 357515
357520 357635
357700 357773
357791 357876
357886 358036
358154 358156
358163 358262
358298 358475
358484 358486
358618 358774
358805 359186
359231 359619
359699 359855
359887 360034
360126 360245
360248 360276
360279 360504
360537 360646
360679 360810
360839 360962
360992 361107
361110 361191
361217 361235
361238 361471
361498 361583
361605 361670
361673 361856
361984 362084
362122 362223
362261 362342
362348 362369
362490 362916
362924 362926
363071 363267
363364 363366
363376 363459
363464 363466
363593 363719
363784 363786
363801 363954
364024 364026
364033 364060
364214 364216
364321 364425
364515 364778
364837 364885
364893 365114
365227 365307
365310 365399
365402 365501
365504 365506
365518 365698
365794 365796
365804 365836
365839 365924
366054 366056
366070 366305
366318 366715
366739 367006
367114 367116
367119 367204
367229 367305
367371 367480
367634 367636
367643 367802
367863 367959
368104 368106
368115 368300
368360 368567
368622 368890
368979 369157
369184 369332
369369 369573
369671 369852
369898 369998
370067 370168
370250 370303
370332 370510
370643 370671
370675 370727
370757 370895
370998 371203
371213 371289
371295 371465
371488 371749
371752 371809
371929 371971
371977 372305
372328 372470
372489 372631
372653 372686
372690 372741
372851 373018
373044 373180
373316 373431
373457 373611
373751 373877
373932 374189
374260 374500
374607 374732
374828 374902
374993 375101
375127 375310
375333 375412
375524 375526
375537 375685
375714 375765
375772 375950
375992 376066
376084 376218
376226 376352
376355 376457
376549 376800
376808 376948
377094 377096
377108 377248
377285 377416
377468 377660
377777 378184
378314 378316
378329 378474
378510 378583
378627 378820
378861 379154
379277 379332
379343 379368
379371 379446
379562 379713
379726 379804
379813 379956
379973 380096
380127 380211
380228 380285
380294 380336
380350 380418
380544 380546
380554 380721
380856 381003
381013 381088
381101 381335
381357 381575
381697 381822
381879 382106
382222 382311
382347 382418
382436 382546
382631 382707
382829 382999
383009 383171
383275 383650
383740 384019
384022 384084
384103 384219
384240 384263
384266 384452
384477 384647
384672 384805
384808 384910
385038 385107
385110 385341
385366 385613
385719 385874
385877 385973
385980 386076
386079 386149
386152 386247
386359 386556
386591 386708
386718 386799
386904 386906
387051 387285
387302 387440
387506 387720
387749 387751
387800 387909
387991 388106
388188 388488
388555 388802
388860 389088
389126 389475
389526 389792
389829 389830
389974 390168
390197 390262
390265 390412
390457 390458
390554 390854
390905 391133
391232 391399
391448 391478
391558 391687
391780 391855
391944 392071
392098 392240
392256 392421
392554 392625
392660 392908
392933 393003
393134 393275
393337 393340
393403 393487
393515 393604
393634 393720
393746 393921
393924 394088
394135 394198
394276 394455
394502 394503
394593 394658
394692 394786
394823 395043
395078 395346
395394 395396
395488 395602
395629 395760
395849 396108
396181 396338
396358 396508
396544 396636
396665 396795
396835 397108
397158 397395
397517 397777
397802 398029
398046 398105
398153 398289
398311 398341
398348 398414
398417 398436
398441 398497
398500 398632
398646 398674
398677 398740
398744 398827
398857 399001
399097 399348
399370 399542
399563 399672
399691 399759
399779 399985
400006 400058
400071 400121
400124 400207
400245 400424
400447 400534
400537 400618
400667 400668
400765 400848
400851 400959
400992 401158
401180 401261
401267 401335
401338 401363
401369 401556
401573 401881
401903 402020
402044 402206
402247 402250
402338 402367
402370 402666
402728 403050
403055 403192
403239 403241
403336 403471
403532 403722
403780 404042
404085 404164
404167 404372
404469 404685
404721 404887
404951 405093
405150 405151
405264 405383
405431 405568
405643 405691
405694 405788
405791 405855
405880 405993
406042 406147
406192 406268
406305 406475
406531 406928
406972 407131
407134 407154
407159 407161
407193 407198
407341 407379
407384 407499
407536 407673
407707 407858
407944 408382
408425 408427
408510 408654
408708 408841
408893 409063
409100 409255
409299 409472
409600 409662
409675 409791
409906 410271
410313 410453
410588 410807
410853 411026
411092 411144
411175 411308
411338 411455
411530 411721
411753 411977
412026 412028
412117 412288
412354 412414
412544 412643
412655 412793
412908 412965
412985 413128
413239 413547
413579 413669
413717 413810
413847 414008
414054 414344
414402 414594
414616 414773
414897 414939
414998 415251
415259 415314
415387 415620
415655 415712
415715 415873
415893 416010
416148 416292
416359 416440
416443 416521
416615 416668
416707 416896
416918 416948
416951 417061
417097 417360
417397 417531
417534 417655
417689 417825
417880 418113
418148 418276
418393 418510
418563 418642
418650 418718
418723 418800
418815 418893
418974 419267
419318 419513
419563 419703
419754 419970
420010 420012
420089 420302
420336 420641
420644 420666
420714 420774
420783 420844
420877 421162
421253 421338
421354 421612
421615 421691
421743 421813
421816 421912
421915 422139
422220 422375
422411 422413
422476 422558
422602 422605
422684 422779
422825 423028
423068 423265
423415 423417
423430 423567
423611 423983
424037 424038
424132 424261
424297 424460
424484 424613
424644 424876
424902 425019
425164 425167
425172 425330
425342 425399
425412 425486
425586 425827
425851 426007
426012 426166
426284 426312
426354 426537
426593 426721
426728 426876
426900 426999
427013 427072
427102 427236
427266 427424
427481 428011
428086 428271
428285 428417
428499 428526
428529 428860
428914 429281
429395 429520
429523 429558
429570 429694
429753 429872
429875 429945
429951 430027
430060 430210
430246 430610
430648 430834
430848 431092
431122 431225
431267 431527
431620 431911
431942 432103
432132 432380
432436 432437
432531 432716
432762 432862
432869 432926
432984 432987
433084 433242
433330 433440
433443 433658
433689 433832
433878 433880
433958 434098
434179 434351
434356 434547
434587 434588
434698 434955
434958 435019
435147 435382
435489 435795
435837 436100
436168 436268
436290 436470
436473 436555
436604 436794
436837 436941
436960 437078
437187 437210
437214 437436
437454 437606
437759 437794
437797 438008
438089 438263
438347 438568
438643 438689
438716 438917
438968 439129
439193 439370
439394 439468
439471 439534
439562 439774
439777 439780
439854 440126
440208 440307
440334 440433
440467 440600
440629 440827
440957 440957
440965 441142
441153 441227
441231 441328
441354 441538
441557 441611
441662 441757
441828 441893
441896 442045
442066 442182
442185 442263
442376 442505
442508 442627
442674 442676
442758 442939
442942 443311
443359 443781
443836 443838
443944 444113
444163 444165
444254 444418
444425 444518
444524 444625
444708 444801
444818 444927
444948 445156
445184 445279
445307 445398
445518 445550
445554 445758
445784 445935
445980 446057
446086 446193
446292 446407
446433 446811
446864 446866
446965 447115
447161 447311
447416 447525
447572 447676
447703 447793
447920 448016
448019 448130
448217 448311
448387 448490
448497 448562
448705 448707
448714 448842
448932 449038
449130 449232
449244 449332
449369 449622
449652 449791
449915 450078
450163 450212
450215 450376
450385 450422
450503 450557
450560 450563
450639 450666
450812 450908
450962 451121
451181 451294
451297 451471
451600 451945
451948 452033
452065 452279
452369 452455
452536 452650
452672 452919
453053 453157
453160 453392
453407 453516
453661 453853
453857 453937
453940 454002
454088 454139
454144 454231
454235 454352
454443 454721
454724 454826
454862 454956
454981 455145
455219 455378
455392 455454
455478 455565
455612 455615
455685 455741
455764 455823
455852 455900
455904 456049
456054 456097
456143 456206
456331 456423
456456 456521
456544 456684
456792 456999
457032 457062
457109 457175
457218 457353
457405 457507
457541 457698
457800 457854
457868 457917
457984 457986
458103 458259
458330 458415
458465 458593
458643 458645
458730 458841
458871 459014
459067 459233
459343 459609
459639 460026
460119 460177
460229 460443
460527 460621
460725 460987
461040 461185
461287 461351
461385 461422
461429 461525
461534 461753
461837 461898
461985 462057
462080 462204
462266 462375
462403 462571
462726 462727
462871 462940
462943 462958
462961 463054
463159 463412
463453 463572
463606 463817
463820 463895
463927 463930
463942 464199
464241 464416
464466 464723
464774 465060
465089 465278
465341 465343
465413 465489
465542 465642
465669 465903
465984 466098
466173 466273
466390 466453
466471 466640
466660 466831
466908 467252
467291 467588
467641 467642
467717 467775
467790 467903
467925 468051
468166 468354
468486 468602
468631 468712
468784 468877
468883 468943
468966 469100
469140 469203
469207 469416
469444 469576
469690 469987
470032 470196
470253 470256
470340 470509
470568 470570
470656 470836
470839 470980
471109 471110
471121 471271
471299 471409
471480 471733
471761 471860
471868 471976
472007 472199
472205 472313
472440 472491
472523 472592
472630 472753
472793 472848
472851 472920
472951 473102
473125 473249
473343 473508
473552 473675
473800 474039
474067 474363
474475 474727
474871 474947
474989 475086
475115 475234
475280 475308
475311 475386
475472 475543
475678 475680
475686 475859
475931 475993
475996 476072
476107 476200
476263 476466
476490 476622
476707 476968
477064 477168
477224 477318
477348 477430
477433 477503
477609 477929
477986 478186
478225 478285
478288 478385
478400 478559
478592 478703
478788 478790
478797 478844
478867 478944
478971 479015
479068 479070
479080 479205
479233 479236
479249 479338
479346 479347
479421 479591
479608 479706
479800 479859
479874 479948
479978 480250
480253 480313
480412 480500
480528 480741
480769 480954
480989 481142
481248 481381
481424 481491
481622 481623
481642 481887
481924 481927
481941 482035
482054 482056
482067 482178
482255 482257
482272 482340
482356 482435
482536 482787
482844 482960
483015 483017
483026 483169
483191 483370
483495 483497
483503 483530
483533 483657
483681 483756
483769 483841
483965 483967
483973 484099
484189 484288
484317 484467
484501 484617
484655 484690
484698 484769
484806 484837
484840 485027
485051 485198
485317 485400
485429 485560
485590 485880
485911 486121
486174 486176
486262 486291
486294 486366
486414 486606
486609 486771
486803 486906
486911 486926
486934 487038
487063 487191
487206 487356
487394 487575
487714 487888
487899 487968
488020 488343
488446 488608
488626 488740
488771 488849
488935 488937
488949 489016
489058 489258
489261 489353
489429 489527
489550 489641
489679 489802
489833 489981
490009 490146
490150 490208
490234 490336
490353 490542
490570 490828
490853 491128
491235 491237
491248 491308
491341 491501
491544 491709
491767 491935
491944 492026
492035 492285
492333 492335
492338 492404
492417 492504
492583 492585
492659 492831
492928 492987
493105 493106
493120 493271
493301 493373
493431 493676
493679 493723
493747 493845
493877 494114
494224 494485
494524 494660
494663 494727
494845 494964
494982 495078
495145 495197
495230 495375
495413 495608
495656 495735
495790 495896
496016 496172
496177 496255
496258 496486
496489 496549
496703 496866
496920 497059
497081 497336
497471 497782
497795 497875
497913 498315
498375 498377
498443 498570
498610 498711
498771 498880
498907 499048
499051 499136
499139 499263
499418 499591
499725 499726
499733 499907
499980 500121
500248 500384
500472 500660
500762 500898
500908 501081
501116 501139
501149 501297
501315 501603
501624 501791
501874 501876
501888 501996
502026 502201
502248 502455
502604 502606
502619 502847
502914 502916
502923 503062
503144 503146
503151 503276
503334 503336
503348 503443
503476 503612
503633 503657
503660 503766
503795 503815
503823 503998
504059 504277
504285 504361
504424 504427
504509 504659
504692 504786
504791 504873
504922 505123
505151 505300
505409 505579
505681 505761
505792 506164
506201 506390
506514 506701
506744 506984
507087 507367
507370 507463
507489 507639
507702 507953
507980 508133
508192 508354
508403 508744
508768 508939
509031 509032
509118 509236
509257 509364
509399 509419
509422 509568
509606 509741
509834 509887
509937 510013
510035 510083
510146 510206
510330 510332
510347 510402
510447 510698
510740 511054
511143 511201
511204 511357
511470 511472
511481 511577
511580 511788
511830 511853
511856 512004
512043 512109
512147 512258
512262 512366
512397 512426
512429 512556
512587 512902
513002 513100
513136 513253
513277 513399
513446 513711
513870 513872
513876 513995
514071 514139
514260 514262
514272 514399
514450 514588
514674 514738
514800 514865
514950 514952
514964 515054
515057 515202
515236 515424
515521 515815
515859 515952
515955 516011
516170 516172
516183 516316
516353 516452
516528 516623
516672 516943
517027 517083
517103 517189
517192 517430
517447 517681
517736 517884
517923 518247
518288 518404
518407 518476
518592 518747
518750 518881
518908 519003
519049 519126
519154 519219
519222 519297
519400 519402
519414 519569
519572 519773
519819 519897
519927 520300
520339 520494
520524 520590
520611 520694
520699 520719
520844 520964
521001 521181
521213 521375
521407 521568
521592 521790
521798 521857
521887 521972
522090 522092
522105 522185
522223 522261
522271 522425
522472 522603
522678 522768
522794 522882
522900 523018
523060 523251
523380 523402
523407 523455
523464 523674
523701 523919
523945 524197
524301 524425
524429 524624
524780 524782
524791 524942
524962 525025
525028 525069
525163 525478
525499 525645
525666 525777
525800 525916
525919 525938
525941 526012
526144 526614
526639 526819
526837 526931
526947 527026
527042 527204
527271 527436
527457 527606
527609 527655
527735 527913
528057 528218
528231 528302
528333 528511
528578 528715
528753 528932
528984 529062
529112 529356
529423 529609
529753 529922
529950 530176
530206 530224
530235 530559
530683 530794
530837 530943
530988 531127
531179 531299
531305 531325
531450 531452
531462 531636
531664 531869
531973 532033
532060 532249
532283 532389
532410 532496
532595 532664
532698 532927
532951 533065
533153 533301
533309 533547
533676 533848
533901 534071
534074 534138
534287 534484
534490 534677
534716 534932
535060 535062
535074 535381
535458 535623
535686 535842
535996 536087
536094 536325
536424 536474
536511 536538
536613 536615
536710 536923
536962 537248
537341 537342
537354 537469
537502 537604
537656 537938
537963 538054
538094 538160
538180 538192
538229 538503
538562 538773
538940 538942
538950 539153
539230 539330
539333 539402
539436 539579
539711 539838
539869 539939
539967 540060
540071 540360
540499 540600
540646 540736
540830 541019
541140 541142
541150 541252
541255 541261
541376 541698
541701 541837
541892 542137
542236 542413
542416 542542
542710 542712
542722 542830
542862 542989
543048 543158
543192 543269
543272 543411
543455 543617
543663 543782
543785 544050
544112 544207
544249 544421
544482 544712
544811 544991
544994 545081
545131 545245
545253 545363
545390 545714
545890 545892
545900 546102
546105 546218
546221 546296
546409 546473
546476 546633
546669 546853
546889 547097
547217 547385
547408 547541
547562 547700
547745 547831
547834 548117
548184 548186
548319 548414
548459 548711
548751 548877
548880 548936
548992 549023
549065 549176
549201 549482
549499 549607
549632 549780
549813 550045
550143 550307
550334 550594
550634 550666
550676 550802
550828 551343
551346 551347
551370 551474
551477 551564
551567 551607
551699 552008
552040 552155
552228 552419
552461 552614
552634 552651
552700 553056
553148 553197
553250 553402
553427 553584
553627 553677
553680 553722
553730 553921
553946 554000
554003 554164
554184 554512
554532 554655
554683 554800
554846 554905
554981 555019
555022 555125
555136 555353
555380 555477
555506 555612
555641 555681
555687 555836
555839 556068
556160 556161
556170 556210
556213 556239
556242 556391
556435 556580
556639 556884
556920 557125
557218 557390
557417 557525
557559 557685
557706 557845
557876 558112
558155 558239
558260 558550
558573 558785
558794 558795
558844 559039
559043 559045
559103 559223
559263 559504
559559 559597
559619 559775
559826 560305
560308 560514
560587 560628
560653 560750
560771 560946
560966 561125
561128 561130
561247 561433
561482 561699
561761 561975
562005 562155
562181 562475
562509 562727
562730 562824
562845 562988
563014 563125
563128 563130
563201 563490
563522 563679
563718 563870
563938 564105
564142 564445
564501 564554
564557 564668
564671 564673
564728 564874
564929 565210
565248 565322
565338 565515
565521 565523
565615 565707
565747 566117
566163 566376
566408 566480
566582 566835
566905 566950
566979 567146
567149 567222
567225 567294
567321 567380
567383 567470
567543 567560
567563 567620
567623 567720
567773 567888
567916 568171
568217 568345
568434 568747
568766 568825
568828 568906
569008 569010
569022 569133
569169 569249
569308 569530
569567 569594
569597 569925
569976 570107
570110 570159
570162 570342
570401 570480
570508 570597
570700 570736
570742 570994
571038 571148
571171 571276
571296 571342
571356 571442
571445 571551
571626 571872
571904 572135
572138 572289
572369 572600
572613 572619
572635 572655
572671 572704
572711 572839
572876 573007
573010 573012
573133 573270
573329 573626
573664 573730
573733 573846
573850 573852
573910 574037
574040 574153
574183 574435
574469 574490
574621 574862
574872 575003
575077 575123
575160 575184
575187 575412
575448 575709
575749 575974
576007 576349
576381 576650
576657 576660
576774 576844
576899 577130
577157 577398
577429 577577
577603 577873
577966 578036
578070 578212
578216 578323
578334 578387
578498 578599
578623 578815
578860 579102
579145 579276
579311 579531
579632 579848
579891 580239
580301 580424
580427 580603
580648 580907
580949 581116
581220 581280
581283 581424
581428 581430
581522 581806
581881 582325
582359 582625
582628 582694
582697 582882
582897 582900
583032 583163
583208 583248
583258 583406
583447 583621
583645 583728
583732 583856
583859 583980
583983 584129
584177 584263
584266 584380
584416 584561
584598 584655
584666 585147
585247 585345
585369 585466
585469 585633
585659 585762
585785 585823
585827 585912
585976 586035
586077 586304
586329 586494
586539 586957
587004 587183
587191 587193
587311 587372
587413 587539
587542 587597
587633 587943
587952 587953
588085 588300
588303 588389
588446 588647
588650 588788
588894 588984
588995 589478
589534 589710
589718 589720
589857 589900
589953 590086
590128 590281
590309 590531
590564 590657
590684 590777
590811 590956
590985 591091
591182 591641
591688 591753
591756 591798
591801 591819
591822 591936
591942 591945
591988 592228
592231 592236
592275 592432
592487 592816
592895 592957
592992 593324
593329 593331
593365 593504
593550 593710
593725 593808
593834 593978
594012 594417
594468 594616
594641 594812
594850 595015
595038 595121
595129 595238
595293 595450
595462 595495
595498 595590
595699 595828
595831 595866
595911 596016
596062 596123
596126 596388
596446 596610
596694 596747
596795 597069
597110 597239
597242 597374
597382 597383
597500 597600
597603 597746
597780 597940
597943 598291
598406 598447
598489 598605
598640 598669
598672 599041
599126 599239
599272 599627
599671 599910
599992 600159
600186 600344
600390 600536
600573 600721
600724 600823
600856 601174
601204 601354
601384 601517
601614 601661
601694 601932
601950 602074
602088 602212
602215 602217
602284 602346
602399 602511
602559 602675
602708 603086
603095 603097
603204 603331
603355 603456
603482 603590
603595 603597
603704 603813
603847 603942
603945 603947
604057 604167
604215 604311
604363 604456
604515 604529
604532 604692
604723 605038
605054 605199
605257 605461
605464 605571
605683 605722
605727 605810
605852 606194
606228 606260
606289 606470
606510 606776
606800 606893
606896 606924
606949 607021
607050 607344
607474 607561
607564 607718
607757 607908
607946 607980
607997 608051
608085 608168
608171 608360
608381 608611
608646 608842
608944 609058
609092 609216
609233 609371
609488 609681
609686 609788
609811 609954
609957 610144
610168 610243
610265 610295
610298 610492
610516 610566
610569 610706
610744 611167
611250 611310
611340 611557
611576 611712
611784 611930
611933 611935
612015 612154
612194 612542
612579 612631
612658 612726
612730 612785
612789 612840
612843 612900
612934 613171
613232 613393
613398 613400
613535 613559
613562 613618
613659 613869
613902 614014
614040 614084
614094 614212
614215 614331
614358 614492
614525 614806
614847 614980
615003 615113
615136 615338
615377 615506
615540 615755
615899 616022
616025 616026
616029 616269
616272 616549
616587 616679
616682 616759
616789 616962
616996 617266
617300 617423
617441 617517
617536 617621
617624 617626
617725 617759
617762 617966
617994 618095
618098 618152
618192 618243
618246 618364
618386 618417
618430 618460
618474 618520
618586 618629
618642 618819
618856 619112
619207 619339
619366 619581
619604 619665
619770 619926
619977 620511
620641 620756
620759 620813
620820 620822
620933 620954
620957 621078
621082 621154
621209 621426
621478 621642
621682 621892
621922 622040
622050 622052
622113 622248
622286 622517
622552 622615
622651 622770
622832 622970
622994 623124
623143 623256
623259 623327
623331 623332
623388 623437
623472 623601
623646 623725
623757 624033
624075 624235
624302 624349
624384 624534
624542 624543
624708 624796
624799 624890
624923 625026
625097 625467
625561 625638
625641 625789
625798 625800
625824 625968
625977 626123
626169 626373
626413 626528
626559 626749
626789 626909
626947 627146
627151 627153
627263 627672
627707 627817
627853 627883
627886 628053
628081 628207
628264 628577
628627 628820
628856 629140
629235 629325
629371 629674
629700 629994
630063 630098
630140 630341
630382 630494
630534 630855
630897 630950
630980 631088
631100 631150
631157 631226
631275 631333
631336 631443
631472 631717
631812 631868
631914 632170
632192 632285
632306 632308
632311 632424
632522 632716
632736 632829
632847 633005
633027 633174
633215 633504
633522 633715
633796 633971
634008 634183
634208 634240
634243 634424
634427 634541
634583 634740
634744 635034
635123 635371
635374 635426
635461 635745
635750 635973
636015 636071
636074 636127
636171 636537
636677 637011
637063 637235
637308 637570
637606 637727
637747 637750
637753 637930
638007 638293
638331 638458
638478 638626
638658 638871
638876 638877
639000 639252
639283 639562
639565 639567
639681 639787
639790 639835
639901 639925
639928 640427
640456 640569
640602 640792
640858 641090
641128 641356
641384 641713
641824 641895
641933 642219
642251 642429
642432 643643
643654 643820
643823 644139
644222 644471
644514 644580
644601 644808
644824 645049
645099 645607
645695 645914
645962 645969
645972 646048
646114 646347
646421 646424
646441 646576
646579 646962
647067 647123
647176 647288
647317 647461
647481 647625
647654 647931
647959 647967
647996 648028
648039 648068
648077 648123
648126 648149
648154 648175
648178 648218
648246 648292
648295 648427
648451 648536
648539 648651
648654 648724
648730 648785
648890 649006
649009 649341
649347 649350
649447 649641
649680 649713
649716 649892
649898 650118
650128 650170
650222 650487
650526 650620
650655 650882
650899 650933
650936 650987
651007 651113
651156 651303
651321 651442
651536 651633
651673 651744
651780 651930
651966 651994
651997 652211
652243 652344
652370 652453
652456 652541
652583 652697
652726 652995
653033 653124
653203 653513
653520 653562
653590 653845
653853 653924
653955 654153
654159 654198
654221 654303
654306 654345
654434 654502
654528 654738
654762 654938
655009 655098
655127 655247
655287 655427
655430 655558
655578 655741
655764 655863
655891 656019
656049 656201
656308 656371
656425 656622
656675 656798
656801 656910
656918 657050
657080 657225
657228 657296
657336 657393
657421 657583
657593 657636
657679 657763
657766 657850
657874 658086
658130 658393
658505 658734
658776 658926
658997 659043
659046 659115
659155 659295
659392 659442
659491 659530
659535 659585
659599 659632
659738 659900
659913 660056
660095 660215
660230 660380
660467 660795
660856 660952
660987 661173
661209 661393
661409 661456
661474 661550
661553 661607
661690 661746
661824 662026
662112 662243
662278 662426
662431 662641
662689 662825
662851 662933
662964 663213
663268 663439
663536 663537
663547 663623
663642 663740
663762 663885
663921 664113
664154 664416
664419 664534
664602 664668
664682 664695
664728 664741
664759 664821
664930 664963
664966 665041
665081 665278
665321 665540
665623 665659
665709 665752
665769 665824
665840 665909
665929 666099
666105 666198
666238 666377
666417 666426
666557 666672
666745 666991
667033 667260
667322 667357
667361 667631
667649 667829
667848 668000
668027 668225
668253 668456
668556 668608
668668 668742
668745 668969
668994 669312
669315 669316
669372 669413
669420 669449
669455 669508
669531 669672
669694 669900
669920 670053
670184 670330
670333 670446
670602 670612
670621 670673
670676 670776
670806 670995
671032 671364
671370 671372
671429 671541
671567 671755
671801 672007
672046 672221
672320 672322
672336 672417
672423 672506
672536 672723
672768 672924
672930 672932
673057 673236
673275 673372
673402 673475
673519 673820
673889 673964
673982 674173
674224 674402
674433 674589
674612 674680
674699 674779
674786 674850
674885 675218
675288 675449
675514 675547
675550 675595
675598 675600
675636 675760
675768 675770
675862 676093
676140 676241
676257 676274
676277 676322
676338 676509
676540 676616
676648 676684
676738 676740
676746 676818
676837 676914
676920 677025
677058 677085
677110 677222
677245 677385
677388 677390
677507 677588
677620 678047
678067 678235
678303 678527
678573 678685
678713 678811
678814 678859
678862 679006
679045 679225
679330 679384
679414 679561
679592 679678
679718 679951
679995 680132
680157 680235
680238 680307
680331 680468
680497 680622
680625 680701
680742 680745
680847 680999
681036 681317
681372 681488
681543 681545
681557 681594
681597 681845
681893 682086
682118 682181
682189 682366
682422 682425
682435 682477
682504 682726
682767 682926
682989 683104
683139 683263
683309 683410
683426 683607
683612 683642
683651 683655
683790 683821
683824 683934
683978 684065
684068 684274
684293 684421
684424 684527
684632 685434
685477 685574
685667 685824
685872 685899
685903 685985
686009 686152
686200 686371
686374 686375
686443 686506
686540 686636
686686 686955
687010 687160
687177 687319
687323 687325
687456 687683
687686 687735
687776 687942
687982 688141
688211 688549
688552 688603
688649 688907
688911 688949
689065 689243
689276 689534
689538 689842
689908 690225
690296 690424
690474 690609
690648 690839
690884 691103
691131 691245
691250 691341
691456 691527
691570 691902
691958 692060
692102 692331
692388 692622
692625 692752
692796 692922
692946 693028
693031 693282
693377 693492
693519 693608
693611 693663
693721 693824
693849 694256
694348 694456
694483 694766
694881 694883
694889 694996
695034 695317
695354 695566
695571 695573
695666 695703
695752 695805
695845 696035
696044 696178
696181 696248
696251 696253
696316 696403
696426 696666
696701 696732
696735 696843
696846 696852
696871 696877
696880 696920
696923 697094
697134 697431
697463 697534
697537 697538
697643 697665
697668 697722
697765 698162
698207 698378
698386 698388
698460 698639
698690 698810
698831 698866
698869 699003
699020 699179
699209 699423
699427 699428
699481 699570
699592 699613
699618 699658
699661 699762
699798 699800
699803 699862
699904 700026
700061 700317
700353 700440
700457 700924
700927 700928
701071 701311
701342 701639
701693 702016
702101 702170
702192 702543
702571 702666
702690 702975
703004 703142
703185 703249
703252 703298
703301 703400
703434 703619
703648 703788
703814 703835
703839 703883
703919 704093
704127 704332
704372 704539
704548 704550
704629 704817
704857 705042
705074 705254
705258 705260
705389 705415
705418 705471
705502 705651
705674 705825
705828 705830
705936 705976
705979 706130
706195 706506
706537 706605
706635 706812
706837 707054
707085 707212
707215 707256
707364 707669
707699 707893
707928 708023
708058 708195
708298 708663
708668 708670
708810 708961
709016 709109
709172 709525
709584 709710
709743 709843
709848 709850
709910 709971
709974 710139
710181 710455
710535 710629
710668 710871
710905 711000
711003 711026
711063 711225
711263 711414
711525 711612
711615 711643
711671 711753
711865 712117
712156 712190
712221 712390
712393 712500
712538 712659
712686 712876
712989 713243
713292 713429
713464 713656
713659 713661
713806 714066
714150 714205
714210 714419
714507 714614
714617 714770
714822 714886
714889 715008
715036 715209
715212 715379
715417 715667
715709 715843
715850 715933
715962 716040
716066 716094
716099 716201
716314 716359
716362 716674
716698 716845
716909 717125
717173 717296
717326 717492
717529 717732
717735 717737
717844 718081
718085 718087
718161 718653
