136 213
220 311
349 608
668 731
734 779
797 912
936 1087
1098 1242
1245 1305
1327 1402
1405 1413
1434 1556
1559 1673
1699 1798
1801 1802
1821 2004
2007 2115
2121 2123
2140 2283
2306 2420
2438 2564
2582 2746
2771 2821
2826 3167
3183 3186
3195 3787
3790 3866
3897 4035
4038 4093
4115 4257
4268 4270
4284 4501
4517 4518
4536 4683
4705 4740
4743 4879
4933 5038
5049 5348
5376 5586
5627 5752
5788 6166
6204 6368
6371 6415
6419 6544
6578 6645
6648 6705
6708 6757
6778 6866
6914 7000
7003 7180
7230 7322
7327 7506
7519 7683
7687 7690
7708 7773
7779 7870
7873 7956
7961 8011
8014 8165
8196 8198
8202 8435
8477 8550
8574 8695
8698 8812
8817 8820
8834 8907
8925 9062
9081 9156
9159 9346
9408 9495
9498 9643
9679 9964
9976 10064
10095 10176
10202 10356
10370 10371
10394 10467
10470 10571
10594 10676
10702 10821
10830 10859
10862 10941
10944 11010
11033 11157
11173 11306
11320 11321
11344 11488
11531 11618
11621 11699
11717 11788
11791 11996
12000 12002
12037 12110
12113 12358
12370 12372
12375 12519
12536 12832
12837 12871
12878 12946
12950 13012
13050 13104
13136 13189
13240 13435
13438 13447
13486 13580
13583 13655
13671 13767
13776 13909
13915 13917
13932 14080
14097 14219
14236 14307
14319 14321
14338 14546
14549 14748
14789 14984
14987 14988
15012 15243
15271 15596
15599 15696
15721 15803
15840 16005
16023 16243
16270 16429
16468 16581
16677 16800
16803 17023
17034 17232
17244 17298
17301 17303
17322 17433
17442 17445
17476 17622
17670 17747
17756 17757
17788 17911
17921 17923
17937 18087
18111 18113
18126 18205
18211 18213
18218 18277
18280 18282
18299 18415
18421 18422
18436 18520
18541 18543
18548 18614
18623 18673
18703 18904
18913 18996
19019 19053
19073 19187
19190 19192
19209 19311
19349 19351
19360 19547
19550 19789
19800 19801
19844 19922
19963 20093
20114 20183
20207 20420
20447 20573
20581 20662
20665 20766
20769 20871
20910 20911
20914 21155
21173 21459
21482 21642
21647 21678
21698 21816
21838 21840
21864 22025
22028 22182
22197 22198
22225 22327
22341 22432
22439 22664
22690 22770
22773 22831
22893 22950
22954 23195
23221 23525
23588 23906
23923 23926
23940 24064
24090 24325
24328 24402
24410 24541
24548 24748
24772 24918
24921 25010
25046 25149
25152 25259
25297 25501
25504 25557
25560 25576
25630 25751
25783 25915
25959 26058
26064 26175
26193 26420
26450 26598
26615 26718
26738 26807
26811 26919
26935 27040
27096 27242
27261 27313
27319 27407
27410 27501
27532 27571
27584 27641
27655 27657
27680 28064
28090 28314
28361 28609
28642 28744
28784 28882
28924 29019
29022 29111
29114 29189
29200 29201
29259 29570
29583 29633
29654 29693
29696 29814
29825 29827
29851 29947
29986 30181
30184 30186
30195 30283
30291 30293
30330 30413
30441 30443
30452 30553
30611 30706
30709 30738
30748 30873
30876 31181
31214 31331
31340 31490
31493 31571
31593 31820
31857 32148
32151 32295
32301 32410
32451 32647
32680 32740
32780 32926
32951 33004
33007 33008
33033 33087
33090 33269
33321 33639
33697 33849
33852 33909
33943 34193
34196 34315
34324 34326
34343 34468
34496 34566
34569 34570
34581 34713
34716 34878
34909 35103
35128 35257
35269 35354
35390 35748
35784 35943
35950 36012
36034 36199
36202 36342
36396 36590
36628 36681
36693 36794
36823 37030
37033 37395
37434 37607
37610 37715
37734 37840
37880 38146
38149 38335
38372 38582
38618 38768
38783 38892
38914 39069
39077 39199
39220 39257
39262 39331
39334 39475
39496 39745
39772 39953
39956 40013
40046 40092
40096 40191
40194 40254
40284 40488
40505 40688
40713 40963
41023 41303
41306 41375
41399 41531
41535 41655
41658 41781
41803 42041
42044 42121
42124 42141
42146 42233
42243 42246
42261 42411
42437 42637
42668 42791
42804 42959
42973 43027
43030 43113
43128 43130
43154 43220
43259 43411
43430 43554
43575 43799
43802 43891
43912 44227
44276 44372
44375 44474
44478 44574
44595 44739
44742 44785
44804 44888
44897 44898
44914 45057
45061 45126
45154 45320
45338 45609
45616 45618
45635 45789
45829 45923
45940 46112
46134 46285
46320 46484
46487 46606
46632 46670
46673 46850
46901 47009
47037 47329
47356 47499
47504 47665
47699 47802
47805 48071
48092 48160
48163 48267
48301 48439
48454 48512
48515 48678
48699 48816
48849 48993
48996 49046
49049 49085
49088 49166
49169 49237
49267 49355
49361 49444
49467 49521
49532 49533
49550 49636
49651 49833
49836 50054
50086 50160
50183 50455
50458 50548
50591 50854
50858 50860
50884 51041
51059 51178
51190 51192
51225 51346
51357 51360
51378 51446
51474 51676
51690 51770
51807 51942
51945 51995
51998 52072
52110 52213
52216 52447
52452 52453
52472 52536
52540 52591
52613 52998
53013 53096
53100 53265
53274 53276
53302 53434
53455 53751
53769 53857
53860 53935
53947 53998
54024 54149
54179 54310
54329 54598
54617 54788
54831 54930
54935 55041
55072 55207
55210 55228
55231 55308
55330 55445
55448 55514
55517 55664
55694 55826
55856 55923
55926 56005
56011 56077
56080 56081
56121 56287
56300 56302
56327 56566
56569 56680
56707 56815
56818 56898
56901 56957
56982 57120
57138 57261
57265 57426
57460 57694
57697 57700
57717 57798
57801 58027
58030 58253
58256 58332
58362 58515
58526 58693
58699 58702
58718 58777
58799 59002
59005 59080
59101 59260
59294 59395
59398 59660
59663 59838
59861 59916
59927 59994
59998 60001
