4 316
362 512
520 661
693 909
912 994
1034 1436
1504 2076
2118 2401
2461 2560
2563 2719
2769 2881
2884 3124
3154 3271
3274 3444
3474 3527
3530 3723
3812 3927
3972 4142
4145 4175
4181 4271
4274 4313
4365 4607
4734 5041
5045 5156
5291 5428
5497 5591
5613 5683
5686 5803
5832 6111
6114 6201
6256 6373
6416 6537
6585 7005
7067 7227
7230 7375
7378 7491
7494 7496
7581 7712
7745 7963
7968 7970
8011 8124
8259 8348
8391 8523
8558 8560
8563 8628
8631 8694
8764 8833
8869 8954
9055 9186
9204 9323
9358 9552
9555 9640
9667 9802
9831 9987
10047 10237
10295 10460
10576 10678
10795 10830
10841 11249
11284 11680
11751 11947
11991 12232
12235 12576
12647 13019
13090 13255
13258 13260
13452 13608
13611 13853
13859 14437
14541 14907
14998 15121
15124 15276
15309 15553
15564 15686
15785 15890
15893 16176
16230 16299
16302 16364
16368 16467
16506 16621
16624 16626
16711 16989
16994 16996
17041 17104
17107 17193
17222 17493
17509 17511
17515 17727
17771 17943
17946 18082
18087 18140
18175 18289
18292 18311
18364 18386
18389 18564
18567 18748
18772 18870
18898 19166
19208 19560
19714 19976
19982 20128
20178 20460
20491 20493
20497 20828
20922 21054
21057 21230
21272 21699
21765 22030
22075 22530
22577 22618
22621 22739
22742 22786
22821 22988
23040 23456
23511 23591
23620 24038
24081 24322
24402 24537
24560 24691
24714 24857
24878 24880
24883 25091
25157 25329
25336 25337
25376 25518
25543 25705
25716 25777
25801 25933
25952 26307
26311 26344
26377 26470
26476 26477
26568 26658
26694 26950
27047 27393
27442 27484
27505 27854
27890 28182
28185 28187
28232 28392
28395 28397
28476 28532
28538 28540
28760 28858
28861 28954
28958 28960
28991 29291
29329 29521
29561 29671
29674 29907
29935 30136
30158 30402
30425 30718
30746 31241
31267 31433
31460 31775
31819 32310
32366 32368
32371 32489
32516 32592
32624 32799
32802 32827
32978 33090
33093 33161
33164 33291
33331 33525
33553 33709
33725 33839
33858 34013
34016 34047
34072 34270
34304 34413
34431 34543
34586 34749
34778 34992
34995 35165
35190 35514
35524 35526
35529 35692
35712 36097
36139 36610
36613 36665
36690 36860
36915 37289
37321 37464
37468 37662
37719 37926
37929 37952
38013 38281
38309 38607
38631 38858
38999 39125
39198 39325
39466 39583
39586 39635
39644 39882
39921 40453
40495 40704
40709 40784
40811 41010
41044 41350
41353 41424
41467 41667
41670 41847
41900 42119
42142 42359
42362 42363
42506 42716
42747 42943
42946 42948
43050 43178
43187 43190
43323 43450
43453 43494
43555 43665
43719 43877
43907 44090
44232 44342
44421 44550
44664 44859
44900 45089
45117 45241
45248 45345
45368 45528
45557 45597
45600 45700
45703 45741
45773 45775
45779 45970
46257 46354
46374 46427
46430 46685
46688 46840
46876 47074
47159 47312
47318 47320
47479 47593
47652 47721
47734 47933
47976 48053
48125 48400
48411 48417
48446 48448
48496 48548
48551 48711
48776 49176
49221 49582
49636 49888
49935 50015
50018 50090
50093 50095
50153 50230
50273 50309
50344 50700
50740 50798
50812 50914
50917 51007
51033 51120
51123 51308
51383 51565
51568 51674
51741 51960
51995 52222
52256 52386
52389 52450
52542 52661
52693 52845
52926 53022
53025 53176
53204 53328
53357 53426
53434 53679
53707 53796
53823 53864
53877 53928
53993 54414
54420 54636
54644 54647
54691 54729
54773 54953
54990 55160
55165 55198
55217 55561
55587 55683
55686 55733
55738 55891
55937 56120
56155 56233
56264 56306
56309 56346
56349 56393
56439 56745
56768 56890
56921 57052
57081 57247
57273 57335
57338 57407
57451 57689
57738 57839
57842 57911
57926 57928
57934 58045
58048 58167
58189 58315
58318 58364
58408 58527
58530 58576
58588 58627
58637 58640
58843 59396
59403 59405
59454 59728
59732 59856
59964 60060
60063 60369
60372 60375
60411 60709
60763 60994
61020 61312
61342 61601
61638 61728
61822 61976
61996 62124
62154 62329
62354 62532
62565 63039
63086 63526
63529 63631
63665 63796
63830 63928
64014 64288
64326 64367
64384 64555
64610 65034
65067 65068
65071 65260
65297 65449
65495 65772
65816 65992
66015 66218
66253 66365
66391 66696
66721 66851
66858 66893
66898 66945
67012 67324
67351 67353
67357 67570
67589 67855
67880 68150
68170 68252
68274 68395
68418 68581
68603 68804
68826 68985
68988 69104
69107 69108
69199 69589
69659 69989
70035 70242
70314 70755
70795 71006
71084 71121
71125 71191
71194 71279
71376 71579
71643 71950
71991 72068
72078 72170
72209 72495
72545 72915
72960 73240
73283 73449
73477 73626
73665 73852
73879 74016
74046 74481
74513 74637
74640 74815
74854 75328
75367 75493
75512 75565
75591 75682
75704 75849
75857 75858
75964 76127
76191 76393
76533 76667
76675 76809
76814 76977
76980 77114
77160 77288
77328 77517
77520 77603
77606 77746
77795 77879
77907 78006
78014 78020
78035 78308
78311 78313
78415 78794
78844 79164
79202 79599
79638 79773
79803 80030
80126 80296
80299 80403
80446 80578
80581 80702
80781 80889
80893 80952
80979 81303
81337 81618
81621 81711
81740 81818
81824 82030
82066 82224
82259 82442
82474 82637
82685 82937
82944 82993
83049 83294
83321 83751
83793 83973
83976 84178
84181 84183
84319 84530
84562 84662
84668 84911
84945 85081
85084 85143
85151 85153
85220 85501
85511 85513
85596 85742
85805 86527
86561 86682
86730 86989
86992 86993
87069 87257
87261 87263
87357 87547
87550 87624
87627 87695
87698 87942
87981 88177
88180 88182
88272 88453
88462 88463
88523 88858
88861 88863
88925 89012
89015 89094
89101 89103
89209 89324
89327 89735
89738 89775
89821 90093
90121 90123
90126 90723
90775 90985
91030 91108
91111 91169
91194 91317
91358 91455
91458 91490
91493 91522
91556 91877
92023 92220
92246 92337
92340 92424
92429 92431
92537 92714
92759 92941
92945 93061
93064 93347
93377 93503
93506 93529
93532 93702
93749 93888
93937 94019
94037 94040
94043 94166
94202 94214
94243 94305
94308 94408
94494 94903
94912 95031
95037 95082
95150 95448
95507 95954
95984 96295
96356 96473
96493 96550
96553 96555
96691 97070
97073 97075
97120 97413
97445 97728
97754 97956
97963 97965
98062 98447
98482 98789
98815 98949
98973 99087
99091 99205
99241 99424
99427 99436
99439 99515
99532 99675
99678 99830
99870 100069
100072 100075
100251 100506
100602 100712
100715 100717
100733 100895
100951 101176
101208 101210
101216 101295
101378 101592
101643 101940
101970 102090
102158 102406
102438 102688
102753 102912
102957 103072
103075 103177
103223 103520
103558 103810
103839 103996
104043 104339
104370 104415
104418 104638
104721 104927
104979 105104
105109 105123
105129 105302
105360 105486
105490 105604
105634 105893
105925 106066
106070 106245
106273 106323
106352 106501
106525 106568
106571 106818
106821 107186
107217 107365
107368 107570
107605 107810
107871 107873
107879 107939
107942 108127
108176 108358
108361 108754
108801 109098
109106 109171
109232 109471
109514 109755
109777 109956
109990 110101
110119 110257
110285 110860
110895 111204
111268 111341
111370 111489
111493 111649
111690 111825
111910 111932
111935 112089
112131 112473
112509 112770
112774 112892
112895 113218
113229 113306
113309 113311
113530 113601
113606 113955
113959 114024
114100 114349
114352 114355
114434 114832
114838 114840
114871 115070
115078 115080
115160 115277
115302 115450
115463 115584
115589 115591
115642 115906
115909 115911
115996 116353
116356 116433
116482 116488
116558 116957
116983 117077
117193 117405
117408 117410
117448 117489
117492 117686
117689 117691
117777 118001
118091 118387
118416 118625
118664 118776
118789 118791
119074 119290
119298 119435
119467 119530
119630 119729
119732 119920
119923 119959
119963 120075
120078 120080
120154 120356
120414 120450
120461 120917
120920 121112
121158 121160
121249 121411
121414 121493
121522 121523
121528 121575
121578 121705
121750 121841
121847 121850
121923 122145
122148 122150
122230 122635
122638 122927
122958 123021
123163 123233
123272 123449
123452 123698
123732 123842
123845 123847
123875 123947
123981 124115
124158 124419
124440 124565
124568 124571
124690 124763
124766 125147
125155 125523
125616 125618
125622 125802
125855 126045
126087 126143
126150 126328
126368 126776
126779 126781
126889 127060
127110 127373
127435 127900
127903 127986
128080 128262
128308 128678
128688 128952
129040 129462
129499 129872
129975 130472
130510 130822
130828 131046
131049 131051
131201 131361
131445 131777
131784 131846
131849 131851
131910 131916
131940 132152
132155 132157
132257 132381
132437 132597
132764 132964
132975 133051
133055 133057
133102 133171
133215 133496
133512 133518
133531 133736
133772 134100
134140 134476
134511 134780
134785 134787
134878 135127
135185 135429
135501 135915
135959 136187
136314 136391
136402 136477
136480 136764
136803 137169
137263 137391
137396 137398
137472 137542
137640 137719
137722 137901
137929 138087
138090 138169
138220 138308
138361 138521
138564 138650
138684 138936
138993 139490
139496 139668
139742 139971
140020 140206
140216 140218
140267 140410
140491 140751
140810 140955
140984 141090
141093 141183
141230 141391
141413 141559
141569 141597
141624 141630
141656 141741
141794 141892
141898 142078
142081 142542
142573 142784
142851 142909
142912 143037
143055 143060
143063 143219
143266 143417
143465 143674
143708 143856
143902 144088
144151 144389
144449 144523
144599 144731
144771 144880
144954 145103
145154 145375
145378 145384
145387 145589
145592 145652
145702 145767
145799 145926
146002 146342
146378 146578
146634 146829
146866 147071
147098 147229
147247 147320
147414 147573
147607 147784
147807 147949
147952 148047
148074 148140
148143 148249
148253 148289
148308 148473
148504 148752
148823 148975
149006 149387
149421 149523
149543 149672
149703 150041
150066 150420
150635 150869
150917 151322
151368 151533
151539 151884
151955 152177
152205 152371
152397 152562
152588 152811
152843 153017
153046 153189
153197 153198
153293 153535
153538 153695
153698 153939
153964 154163
154170 154211
154216 154295
154318 154701
154815 154934
154947 155056
155088 155210
155239 155453
155486 155743
155773 155944
155992 156316
156351 156550
156610 156774
156801 156964
157011 157025
157028 157388
157415 157658
157765 157915
157918 158278
158283 158356
158429 158869
158914 159100
159131 159399
159433 159720
159746 160003
160006 160008
160075 160326
160373 160509
160548 160667
160691 160763
160766 160895
160952 161251
161254 161770
161822 162028
162059 162231
162234 162736
162776 163010
163045 163208
163228 163415
163418 163420
163512 163597
163624 163855
163889 164027
164030 164417
164445 164719
164746 164864
164886 164956
164959 165076
165079 165080
165165 165325
165328 165330
165467 165700
165783 165811
165818 165820
165949 166166
166211 166330
166333 166413
166505 166602
166661 167005
167008 167091
167134 167258
167261 167348
167351 167484
167525 167558
167561 167596
167599 167741
167754 167842
167871 167945
167948 167950
168012 168171
168205 168341
168361 168530
168560 168970
168991 169183
169208 169298
169319 169407
169429 169584
169587 169588
169688 169959
169962 170050
170088 170315
170346 170442
170461 170565
170587 170664
170667 170668
170723 170813
170816 170818
171064 171117
171120 171294
171381 171686
171689 171754
171757 171907
171983 172165
172187 172333
172369 172601
172631 173083
173089 173268
173271 173322
173433 173556
173587 173770
173808 173961
174001 174220
174253 174353
174356 174432
174519 174846
174954 175023
175035 175180
175221 175301
175304 175381
175421 175611
175696 175847
175850 175862
175865 176057
176094 176229
176287 176297
176318 176546
176588 176651
176681 176855
176890 177097
177150 177362
177390 177528
177531 177713
177761 177877
178028 178331
178334 178448
178489 178552
178566 178646
178679 178869
178971 179031
179034 179131
179147 179333
179374 179657
179675 179711
179747 179903
179949 180198
180226 180460
180532 180657
180678 180733
180758 180996
181045 181173
181180 181213
181252 181466
181523 181755
181784 182324
182366 182555
182607 182740
182753 182865
182909 182968
183039 183374
183377 183386
183393 183515
183547 184054
184107 184471
184475 184558
184601 184637
184672 185110
185158 185295
185298 185391
185486 185667
185670 185871
185874 185923
185926 185993
186053 186253
186272 186401
186540 186862
186888 187110
187160 187319
187331 187333
187336 187473
187547 187698
187767 188001
188004 188088
188096 188098
188218 188363
188420 188563
188653 188876
188903 188955
188981 189083
189119 189273
189353 189705
189708 189807
189841 189843
189923 190147
190196 190408
190411 190413
190464 190584
190629 190794
190831 191098
191101 191103
191191 191524
191527 191528
191553 191701
191704 191707
191741 191851
191876 191971
192010 192308
192371 192683
192687 192743
192752 192809
192812 192815
192858 193016
193021 193022
193042 193343
193387 193754
193757 193758
193816 193898
193906 193908
193960 194157
194188 194333
194336 194338
194391 194747
194784 194920
194937 195093
195112 195351
195354 195356
195557 195743
195854 195976
195984 195986
196064 196132
196135 196504
196507 196508
196599 197140
197147 197148
197209 197250
197253 197382
197439 197843
197846 197848
197974 198378
198427 198665
198751 198895
198898 198898
199004 199336
199457 199680
199743 199900
199996 200073
200114 200236
200239 200358
200367 200543
200582 200940
200983 201194
201238 201602
201605 201676
201723 201872
201875 201998
202094 202421
202506 202678
202760 203046
203112 203245
203248 203780
203783 203785
203921 204009
204064 204286
204321 204859
204891 205049
205101 205635
205734 206077
206090 206190
206193 206195
206325 206442
206479 206704
206757 207013
207080 207199
207213 207278
207281 207287
207301 207547
207595 207722
207789 208038
208081 208159
208199 208449
208501 208675
208718 208724
208727 208730
208748 208903
208907 209044
209076 209113
209132 209217
209265 209523
209554 209614
209617 209795
209871 210127
210163 210322
210325 210819
210880 211179
211218 211536
211545 211628
211683 211747
211772 211805
211822 212156
212178 212180
212217 212384
212417 212418
212503 212663
212666 213104
213167 213270
213273 213357
213374 213542
213578 213622
213625 213769
213779 213956
214026 214203
214206 214208
214319 214516
214519 214900
214945 215099
215129 215245
215261 215408
215442 215653
215669 215856
215957 216202
216205 216207
216270 216398
216435 216577
216649 216959
216996 217252
217255 217257
217337 217605
217655 217843
217910 218317
218358 218478
218481 218576
218627 218782
218785 218902
218905 219008
219061 219352
219375 219377
219384 219728
219755 219883
219887 219900
219934 220162
220231 220744
220815 220992
221021 221157
221160 221168
221202 221477
221504 221794
221882 222126
222167 222475
222481 222557
222562 222641
222644 222678
222711 222856
222920 223323
223373 223518
223521 223770
223780 223821
223824 223826
223952 224217
224263 224496
224504 224506
224572 225050
225085 225369
225374 225376
225440 225834
225843 226153
226203 226491
226519 226645
226682 226780
226805 226993
227027 227279
227282 227283
227395 227787
227841 227999
228030 228151
228193 228469
228514 228612
228634 228636
228644 228788
228829 229158
229192 229335
229377 229646
229691 229953
229956 230143
230197 230317
230368 230558
230587 230718
230757 231261
231301 231573
231608 231758
231786 231928
231931 232041
232051 232053
232122 232441
232475 232625
232657 232906
232917 232965
233051 233431
233457 233458
233465 233639
233695 234120
234123 234258
234261 234263
234302 234467
234493 234575
234578 234608
234654 234990
235014 235467
235470 235472
235574 236015
236066 236163
236167 236170
236210 236437
236440 236442
236509 236695
236700 236702
236759 236873
236876 237178
237207 237269
237293 237374
237377 237555
237582 237975
237978 237981
238059 238167
238170 238172
238238 238600
238666 238897
238919 238995
239027 239162
239232 239488
239515 239586
239632 239860
239863 239930
239933 239958
239963 240026
240069 240174
240180 240182
240233 240484
240487 240488
240599 240859
240894 241018
241036 241038
241048 241328
241343 241415
241452 241591
241607 241771
241817 241963
241982 242126
242131 242198
242228 242449
242502 242537
242548 242696
242719 242924
242940 242943
242957 242958
242961 243265
243285 243288
243295 243371
243391 243492
243505 243790
243805 243923
243954 244087
244090 244200
244203 244252
244293 244682
244704 244831
244854 244856
244985 245117
245152 245204
245244 245327
245339 245426
245476 245684
245711 245787
245790 245792
245872 245979
245982 246138
246174 246385
246427 246733
246761 247021
247053 247121
247126 247337
247364 247688
247691 247693
247757 248228
248231 248233
248298 248446
248473 248652
248660 248663
248703 249063
249116 249354
249409 249511
249561 249865
249872 249873
249949 250064
250067 250095
250099 250356
250398 250604
250633 250853
250880 251022
251048 251203
251207 251320
251352 251483
251506 251663
251686 251861
251887 252177
252208 252645
252676 252891
252945 253023
253038 253218
253328 253851
253887 254064
254096 254223
254226 254421
254424 254581
254584 254796
254834 255359
255362 255693
255729 255810
255855 256124
256142 256244
256326 256462
256491 257144
257208 257398
257401 257449
257482 257702
257798 258108
258115 258194
258208 258261
258291 258532
258535 258541
258569 258889
258934 259304
259338 259532
259562 259922
260015 260249
260252 260362
260401 260492
260637 260834
260867 261264
261297 261722
261727 261778
261782 261808
261823 261863
261924 262142
262149 262222
262262 262294
262335 262492
262526 262902
262906 262989
262992 263070
263073 263300
263303 263507
263556 263745
263748 263880
263908 264098
264191 264514
264543 264912
264946 265031
265054 265116
265135 265262
265292 265402
265430 265686
265699 265915
265919 266003
266026 266224
266227 266286
266298 266467
266470 266535
266692 267200
267203 267205
267296 267573
267627 267884
267925 268432
268435 268437
268526 268750
268753 268755
268828 269158
269301 269708
269736 270000
270022 270333
270354 270603
270606 270608
270647 270942
270945 270948
271017 271750
271753 271755
271853 272124
272164 272511
272559 272795
272834 272929
272937 272966
272969 273050
273086 273239
273262 273502
273505 273774
273811 274157
274188 274384
274420 274713
274716 274756
274784 274967
274973 275139
275142 275143
275231 275337
275340 275516
275519 275812
275844 276143
276176 276617
276661 276663
276709 276863
276894 276971
276984 277172
277181 277183
277324 277608
277611 277613
277663 277852
277883 278058
278077 278184
278212 278556
278592 278738
278773 278928
278931 278933
278998 279102
279123 279275
279315 279424
279432 279433
279468 279559
279562 279658
279661 279663
279724 279965
279997 280336
280371 280733
280741 280743
280864 281054
281057 281146
281172 281288
281311 281313
281388 281666
281693 281816
281833 281836
281846 282116
282139 282285
282288 282319
282322 282323
282425 282598
282601 282603
282643 282734
282737 282740
282783 282847
282850 282852
282907 283139
283142 283143
283200 283435
283473 283592
283614 283721
283731 283733
283864 284140
284200 284347
284471 284527
284530 284597
284600 285070
285111 285338
285341 285420
285460 285722
285758 286204
286259 286773
286817 287024
287067 287244
287276 287524
287554 287712
287715 287845
287851 287961
287965 287966
288051 288119
288122 288353
288390 288661
288664 288745
288800 289014
289032 289033
289081 289239
289243 289246
289308 289464
289467 289708
289711 289963
290023 290125
290151 290303
290306 290595
290675 290789
290792 290793
290898 290969
291002 291234
291259 291421
291445 291754
291761 291763
291801 291926
291931 292049
292113 292285
292314 292429
292454 292607
292655 292768
292837 292997
293000 293079
293086 293283
293320 293479
293513 293744
293757 293788
293791 293793
293828 293903
293938 294208
294238 294373
294401 294569
294572 294573
294628 294855
294861 294863
294912 294971
294974 295041
295051 295053
295108 295443
295462 295522
295570 295699
295702 295703
295783 296031
296041 296043
296079 296205
296233 296417
296439 296483
296567 296632
296637 296720
296773 296878
296881 296952
296958 296960
297016 297257
297287 297444
297447 297448
297520 297689
297711 297774
297777 297780
297839 298127
298166 298294
298310 298503
298545 298709
298718 298720
298769 298816
298835 298901
298928 299212
299218 299220
299265 299527
299555 299663
299667 299670
299839 299995
300002 300003
300082 300226
300277 300475
300507 300604
300607 300777
300807 301020
301034 301036
301076 301247
301250 301393
301397 301438
301476 301661
301688 302029
302032 302033
302067 302073
302083 302294
302297 302421
302460 302516
302550 302744
302777 303047
303050 303070
303073 303158
303191 303327
303374 303549
303592 303593
303601 303908
304040 304184
304231 304333
304336 304375
304415 304579
304582 304583
304639 304770
304773 304878
304881 304883
304930 305048
305051 305053
305153 305338
305341 305343
305394 305548
305576 305773
305810 306079
306082 306083
306142 306317
306321 306323
306398 306678
306708 306862
306865 306867
306890 307025
307028 307235
307242 307243
307348 307570
307573 307616
307621 307623
307676 307802
307811 307813
307830 307935
307956 308062
308091 308247
308257 308315
308318 308396
308434 308833
308851 308918
308940 308989
308992 308993
309047 309183
309250 309441
309451 309453
309524 309645
309721 309808
309811 309909
310008 310103
310135 310305
310372 310536
310543 310545
310603 310758
310763 310765
310906 310970
310988 311156
311204 311393
311438 311918
311923 311925
312043 312337
312349 312479
312535 312743
312779 312880
312892 313076
313109 313625
313678 313917
313950 314129
314142 314558
314628 314949
314952 315110
315202 315352
315355 315357
315457 315496
315505 315617
315625 315627
315697 315767
315896 316062
316135 316307
316383 316466
316475 316477
316580 316724
316752 316922
316925 316927
317033 317106
317109 317229
317232 317319
317353 317490
317514 317632
317635 317637
317697 317809
317815 317817
317820 317963
318014 318190
318219 318221
318285 318384
318389 318391
318466 318596
318599 318601
318639 318670
318694 318733
318736 318806
318809 318811
318870 319020
319034 319117
319141 319211
319316 319616
319619 319621
319695 319876
319879 319881
320037 320207
320226 320366
320369 320371
320454 320755
320805 321186
321189 321253
321289 321291
321294 321405
321409 321411
321414 321619
321662 321743
321876 322045
322101 322202
322211 322213
322254 322286
322339 322407
322417 322558
322610 323025
323032 323033
323117 323287
323301 323303
323351 323535
323538 323597
323670 323772
323781 323783
323839 324048
324051 324053
324104 324208
324211 324213
324341 324546
324588 324679
324717 324839
324842 324843
324942 325391
325395 325508
325547 325709
325780 325917
325927 326041
326080 326230
326272 326620
326695 326950
327018 327140
327151 327302
327361 327363
327372 327438
327441 327443
327622 327684
327724 327813
327941 328123
328131 328133
328290 328699
328733 328917
328920 328998
329095 329230
329263 329824
329827 329828
329914 330116
330121 330168
330189 330298
330396 330508
330516 330518
330606 330904
330907 330908
330980 331147
331156 331158
331243 331488
331524 331933
331967 331968
331973 332199
332240 332389
332414 332639
332647 332648
332778 332918
332921 333071
333108 333528
333567 333885
333981 334091
334119 334321
334345 334557
334568 334701
334705 334707
334772 335227
335280 335494
335523 335622
335626 335635
335662 335695
335698 335886
335942 336058
336061 336123
336126 336165
336187 336272
336275 336551
336621 336920
336960 337232
337266 337386
337400 337757
337807 337919
337953 338102
338105 338107
338155 338430
338437 338599
338605 338607
338657 338805
338808 338861
338864 338931
339009 339198
339201 339276
339279 339374
339377 339537
339569 339698
339727 340063
340115 340278
340312 340505
340541 340698
340729 340879
340914 341196
341206 341347
341396 341675
341727 341819
341822 342248
342251 342255
342346 342896
342985 343358
343413 343751
343835 344129
344134 344212
344215 344420
344423 344457
344460 344519
344522 344590
344593 344683
344816 345074
345115 345145
345183 345362
345392 345479
345485 345536
345624 345908
345968 346277
346345 346425
346428 346720
346762 346765
346768 347024
347054 347392
347433 347641
347644 347890
347951 348206
348230 348369
348413 348613
348618 348679
348739 348815
348829 348872
348875 348989
349038 349123
349126 349258
349263 349974
350021 350324
350364 350484
350494 350587
350626 350839
350863 351023
351056 351202
351223 351293
351314 351396
351478 351903
352019 352235
352286 352594
352597 352685
352789 352921
352943 353227
353255 353382
353407 353727
353744 353890
353914 354233
354239 354293
354296 354315
354318 354433
354462 354633
354712 354840
354843 355277
355280 355367
355403 355614
355636 355707
355710 355786
355789 355919
355955 356032
356035 356325
356401 356778
356806 356999
357002 357005
357161 357219
357222 357360
357363 357467
357532 357816
357819 357846
357889 357983
357986 358059
358062 358065
358146 358314
358317 358666
358750 359072
359079 359090
359222 359345
359348 359404
359447 359620
359625 359797
359855 359989
359992 360113
360142 360224
360228 360272
360317 360438
360452 360618
360646 360856
360862 360865
360964 361115
361136 361273
361321 361676
361729 362040
362063 362417
362479 363068
363106 363510
363513 363561
363628 363954
363998 364116
364149 364261
364287 364326
364418 364936
364947 365037
365076 365247
365262 365376
365429 366117
366120 366121
366250 366628
366631 366691
366802 366805
366808 366967
366970 366971
367037 367207
367265 367315
367318 367604
367643 367872
367932 368259
368269 368271
368328 368405
368409 368521
368529 368594
368599 368601
368704 368904
368907 369015
369018 369091
369133 369200
369237 369340
369387 369543
369556 369669
369672 370031
370060 370309
370351 370544
370572 370886
370889 371062
371100 371182
371185 371282
371285 371373
371410 371557
371560 371661
371683 371757
371796 371947
372031 372543
372570 372784
372799 372949
373041 373131
373156 373319
373357 373457
373481 373619
373622 373718
373777 373919
374023 374079
374083 374192
374195 374262
374267 374321
374324 374396
374435 374590
374651 374709
374712 374766
374791 374859
374890 375154
375202 375556
375567 375570
375644 375772
375775 375841
375844 376055
376058 376060
376127 376251
376277 376609
376637 376670
376673 376957
376983 377049
377052 377134
377138 377248
377251 377346
377407 377583
377586 377818
377893 378184
378187 378326
378405 378475
378500 378716
378762 378884
378894 378924
378928 378966
379020 379147
379150 379244
379326 379564
379638 379817
379820 379882
379886 380215
380258 380387
380416 380584
380616 380823
380846 381069
381164 381311
381355 381763
381766 381878
381926 382097
382101 382177
382211 382573
382577 382681
382739 382877
382880 383242
383304 383368
383409 383517
383579 383732
383762 383915
383946 384234
384237 384429
384465 384532
384535 384586
384670 384819
384829 384856
384859 385148
385194 385511
385530 385639
385643 385698
385701 385848
385901 386198
386223 386285
386291 386350
386366 386749
386786 387110
387134 387435
387438 387510
387526 387528
387668 388013
388016 388194
388203 388394
388434 388476
388544 388850
388887 389152
389218 389372
389403 389639
389643 389646
389717 389974
389977 390117
390161 390450
390453 390456
390548 390798
390857 391001
391004 391006
391051 391205
391232 391472
391475 391514
391584 391894
391897 392152
392181 392516
392617 393107
393135 393381
393407 393886
393946 394085
394088 394225
394266 394535
394565 394734
394782 395158
395201 395485
395516 395722
395768 396258
396314 396395
396404 396619
396650 396761
396764 396988
396991 396993
397104 397150
397153 397337
397413 397716
397752 398211
398241 398610
398637 398737
398762 398869
398874 398876
398952 399122
399125 399283
399286 399393
399402 399438
399441 399606
399671 399863
399866 399930
399933 400108
400177 400235
400238 400652
400655 400656
400766 401095
401119 401225
401254 401438
401482 401714
401776 402234
402294 402763
402793 402927
402934 403098
403133 403235
403239 403426
403462 403569
403596 403741
403744 403746
403878 404159
404162 404403
404448 404771
404774 405003
405061 405241
405251 405253
405256 405444
405523 405778
405803 405927
405975 406160
406192 406572
406593 406700
406706 406878
406959 407029
407032 407360
407363 407428
407440 407509
407513 407566
407569 407571
407613 407990
408033 408301
408334 408517
408520 408609
408671 409121
409124 409262
409265 409284
409287 409288
409435 409673
409676 410001
410005 410141
410176 410427
410459 410733
410763 410894
410913 411102
411105 411158
411163 411209
411256 411258
411272 411453
411479 411594
411597 411976
412008 412188
412191 412336
412368 412555
412603 412863
412866 413073
413078 413204
413264 413346
413349 413577
413582 413613
413645 413748
413774 414006
414009 414069
414080 414170
414195 414391
414416 414582
414644 414760
414763 415052
415078 415298
415301 415303
415380 415803
415861 415863
415874 416015
416021 416023
416102 416249
416302 416454
416496 416607
416610 416907
416952 417048
417124 417369
417372 417497
417547 417616
417628 417697
417700 417817
417892 417931
417934 418033
418051 418091
418094 418185
418230 418437
418487 418568
418572 418680
418683 418879
418917 418934
418937 418975
419016 419135
419158 419251
419254 419428
419462 419735
419745 419747
419843 419932
419935 420135
420171 420209
420212 420396
420454 420835
420838 420989
421056 421381
421466 421605
421609 421701
421747 422003
422040 422346
422400 422402
422405 422671
422732 422930
422933 423073
423110 423236
423243 423395
423473 423505
423514 423823
423867 424001
424045 424195
424198 424494
424527 424702
424783 424926
424933 424935
424971 425205
425246 425281
425296 425473
425476 425507
425511 425539
425542 425770
425785 426006
426045 426111
426130 426185
426188 426267
426305 426375
426378 426436
426450 426594
426659 426928
426931 426992
426995 427061
427167 427168
427171 427558
427561 427563
427633 427823
427884 428129
428132 428135
428184 428319
428353 428355
428364 428426
428433 428628
428684 428932
429006 429196
429200 429246
429290 429658
429690 429804
429828 430004
430059 430283
430322 430795
430826 430848
430851 431096
431099 431102
431145 431530
431574 431622
431625 431787
431821 432183
432191 432343
432404 432464
432469 432663
432745 432747
432750 432960
433017 433197
433207 433311
433342 433627
433669 433847
433905 434462
434525 434918
434981 435150
435153 435544
435550 435835
435870 436054
436059 436061
436155 436351
436391 436723
436729 436731
436809 436906
436909 437011
437054 437541
437593 437706
437709 438144
438186 438388
438419 438581
438597 438700
438733 439123
439190 439667
439715 439764
439767 439901
439908 440063
440134 440414
440420 440469
440525 440592
440625 440907
440910 440990
441013 441101
441152 441302
441336 441402
441427 441489
441529 441721
441763 441850
441873 442550
442633 442730
442764 443012
443015 443130
443133 443424
443516 443746
443749 443852
443855 443925
443984 443986
443989 444517
444569 444746
444750 444916
444958 445088
445131 445148
445151 445283
445358 445580
445583 445746
445799 446014
446055 446300
446343 446483
446505 446577
446670 446787
446790 446916
446948 446984
446987 447123
447157 447283
447288 447483
447525 447780
447813 447945
447949 448045
448096 448200
448204 448385
448423 448638
448641 448706
448709 448849
448879 449273
449295 449355
449360 449570
449604 449813
449855 450048
450096 450353
450401 450480
450484 450622
450625 450691
450751 450820
450823 450949
450952 450999
451003 451282
451317 451505
451518 451716
451768 451905
451908 452104
452159 452338
452374 452560
452618 453002
453056 453145
453161 453280
453317 453570
453599 453857
453860 453927
453952 454052
454135 454393
454396 454723
454726 454913
454944 455091
455094 455096
455156 455601
455644 455750
455769 455932
455970 456623
456628 456690
456764 456844
456871 457224
457266 457564
457567 457656
457662 457914
457917 457918
457972 458243
458299 458395
458432 458587
458623 458790
458827 458990
458994 459109
459172 459429
459514 459925
459970 460095
460102 460260
460308 460588
460597 460598
460687 460772
460791 460887
460897 461073
461106 461400
461469 461903
461944 462217
462220 462222
462312 462653
462656 462909
462965 463463
463513 463783
463831 464158
464191 464273
464277 464376
464379 464545
464548 464633
464636 464742
464775 464913
464954 465146
465149 465302
465421 465546
465571 465937
465977 466186
466219 466417
466468 467088
467091 467201
467205 467341
467391 467522
467553 467732
467741 467912
467915 468025
468028 468099
468131 468170
468173 468280
468321 468751
468786 468856
468859 469088
469118 469214
469222 469351
469355 469614
469655 469740
469778 470086
470129 470389
470392 470442
470445 470447
470502 470628
470648 470731
470822 471008
471019 471129
471164 471229
471233 471261
471316 471668
471739 471997
472000 472043
472071 472155
472159 472201
472281 472486
472502 472527
472541 472581
472627 472694
472697 472899
472931 473339
473378 473624
473627 473673
473716 473863
473885 474020
474023 474121
474158 474502
474505 474634
474685 475008
475042 475458
475553 475821
475860 475993
475996 476344
476376 476641
476714 477028
477059 477164
477171 477228
477265 477384
477409 477606
477663 477741
477744 478087
478090 478157
478207 478267
478293 478625
478656 478658
478661 478737
478746 478894
478974 479369
479407 479703
479793 480027
480031 480078
480111 480517
480521 480523
480599 481085
481129 481215
481218 481401
481404 481472
481507 481820
481861 482221
482330 482482
482554 482826
482857 482965
483005 483158
483230 483377
483437 483536
483573 483907
483911 483973
484037 484133
484156 484261
484264 484449
484487 485056
485116 485260
485307 485493
485591 485795
485798 485868
485871 485902
485907 485925
485931 485933
486027 486086
486094 486156
486214 486496
486547 486653
486656 486776
486779 486817
486828 486830
486989 487313
487316 487514
487558 487710
487734 487767
487773 487951
488028 488299
488302 488340
488373 488502
488531 488765
488823 488951
488978 489080
489112 489223
489226 489382
489444 489723
489726 489728
489773 490024
490080 490400
490460 490960
491001 491288
491321 491348
491368 491567
491571 491688
491715 491790
491793 491889
491892 491941
491977 492407
492441 492727
492796 492944
492981 493139
493189 493416
493448 493501
493504 493610
493614 493924
493976 494464
494495 494550
494553 494650
494653 494722
494764 494765
494768 494970
495021 495099
495113 495170
495174 495248
495280 495499
495545 495687
495723 495884
495913 495915
495918 496061
496064 496283
496292 496461
496503 496786
496820 497183
497258 497995
498053 498170
498205 498470
498473 498673
498676 498779
498782 498785
498854 499016
499027 499185
499218 499271
499274 499705
499758 499952
499955 500120
500202 500555
500603 500676
500679 500864
500867 501049
501093 501368
501415 501554
501584 501960
501989 502318
502323 502430
502467 502745
502821 502923
502928 503352
503396 503676
503745 503894
503897 503966
503993 504255
504283 504285
504288 504422
504425 504541
504589 504690
504693 504925
504928 505011
505076 505183
505186 505290
505293 505400
505441 505637
505640 506049
506071 506271
506332 506689
506730 506801
506804 506883
506904 507076
507132 507471
507507 507674
507703 507876
507941 508303
508346 508367
508370 508535
508540 508620
508656 508839
508843 508941
508992 509426
509429 509603
509674 509976
510020 510040
510043 510113
510214 510291
510294 510427
510430 510464
510502 510601
510611 510884
510915 511171
511216 511325
511330 511421
511460 511596
511600 511873
511919 512554
512607 512718
512743 512969
512996 513373
513401 513874
513904 514327
514330 514332
514385 514557
514560 514782
514860 515026
515029 515388
515441 515637
515640 515836
515839 516341
516406 516805
516808 516984
517012 517328
517377 517642
517664 517958
517984 518051
518065 518158
518161 518260
518278 518653
518681 518957
518981 519422
519462 519886
519923 520152
520179 520240
520255 520268
520313 520494
520557 520785
520788 520874
520942 521194
521197 521507
521510 521512
521594 521777
521808 521899
521902 522042
522106 522323
522355 522520
522544 522626
522669 522767
522790 522882
522919 523120
523155 523345
523348 523377
523380 523433
523448 523574
523581 523697
523764 524146
524186 524577
524580 524582
524669 524940
524982 525405
525439 525673
525676 525883
525918 526120
526165 526371
526412 526603
526636 526776
526779 526846
526941 527244
527254 527299
527326 527532
527535 527627
527639 527642
527714 527890
527897 528142
528227 528228
528231 528415
528437 528553
528556 528656
528659 528662
528707 528989
529043 529206
529256 529508
529545 529853
529916 530058
530061 530303
530354 530606
530657 530730
530802 530964
530967 531003
531035 531311
531314 531360
531390 531517
531520 531775
531809 531833
531836 532210
532336 532851
532980 533208
533240 533403
533429 533652
533682 533978
534008 534060
534063 534296
534326 534479
534541 534690
534693 534893
534905 534979
534982 535041
535049 535051
535140 535324
535327 535357
535399 535876
535925 536117
536189 536332
536361 536847
536930 537124
537127 537128
537225 537808
537868 538088
538095 538297
538320 538360
538446 538688
538701 538758
538842 539055
539081 539186
539206 539315
539318 539377
539380 539450
539453 539597
539600 539793
539796 539798
539931 540168
540201 540544
540576 541011
541066 541445
541482 541698
541726 542049
542060 542112
542159 542332
542336 542462
542503 542799
542819 543026
543049 543280
543308 543454
543484 543639
543642 543686
543689 543727
543730 543820
543852 544112
544164 544322
544325 544391
544405 544682
544728 544888
544914 544917
545027 545206
545226 545353
545356 545420
545425 545587
545614 545785
545788 545851
545861 545863
545943 546205
546241 546451
546463 546512
546576 546622
546646 546870
546902 547163
547193 547438
547483 547906
547910 547988
547991 547993
548123 548411
548414 548583
548703 548971
549012 549617
549659 549880
549909 550198
550256 550430
550433 550581
550617 550677
550686 550779
550843 550845
550855 550985
550988 551131
551176 551723
551754 551918
552000 552440
552465 552583
552598 552722
552725 552786
552789 552791
552873 553076
553079 553296
553331 553477
553538 553903
553972 554706
554786 554938
554949 555005
555073 555307
555313 555315
555362 555600
555603 555605
555645 555938
555943 555945
555984 556255
556372 556595
556659 556751
556754 556853
556885 557129
557132 557247
557276 557463
557509 557777
557802 558014
558044 558852
558885 559290
559361 559503
559506 559691
559724 560049
560072 560156
560189 560231
560234 560487
560519 560577
560580 560983
561016 561194
561263 561674
561699 561914
561929 562118
562121 562408
562450 562681
562714 562989
563041 563166
563169 563254
563260 563482
563503 563702
563732 564083
564086 564088
564184 564305
564308 564423
564426 564428
564504 564718
564744 564982
564985 565131
565137 565313
565348 565617
565659 565788
565791 565991
565994 566422
566452 566595
566630 566664
566667 566752
566755 567050
567053 567207
567241 567413
567439 567870
567965 568426
568489 568966
568992 569226
569255 569511
569533 569859
569887 569953
569957 570069
570096 570223
570256 570404
570429 570643
570666 570812
570859 571122
571145 571423
571453 571600
571611 571672
571676 571678
571751 572069
572072 572183
572186 572254
572266 572363
572366 572537
572565 572803
572871 573064
573068 573269
573272 573439
573484 573659
573662 573850
573921 574168
574216 574507
574547 574790
574793 574850
574909 575305
575348 575468
575471 575703
575739 575891
576000 576146
576149 576152
576303 576442
576445 576725
576728 576777
576780 576782
576838 576928
576931 577334
577366 577552
577654 578067
578099 578358
578388 578690
578741 578861
578864 578922
578933 578985
579025 579314
579327 579467
579502 579719
579744 580099
580102 580178
580216 580217
580282 580326
580332 580424
580442 580454
580458 580482
580574 580737
580754 581117
581123 581293
581300 581462
581513 581727
581770 581978
581981 582317
582349 582583
582587 582588
582749 583110
583114 583311
583335 583495
583558 583810
583813 584193
584206 584208
584244 584398
584401 584458
584545 584937
584946 584948
584997 585208
585372 585684
585689 585733
585740 585762
585816 585818
585883 586287
586323 586326
586329 586500
586544 586802
586867 586988
587020 587181
587209 587600
587643 587899
587903 587931
587936 588019
588022 588197
588243 588707
588768 588931
588956 589276
589279 589475
589521 589588
589623 589763
589766 589818
589868 589970
589973 590039
590101 590391
590427 590643
590646 590648
590681 590946
590993 591205
591231 591281
591284 591356
591383 591582
591602 591603
591606 591809
591816 591818
591973 592675
592715 592977
593003 593209
593212 593359
593402 593597
593600 593617
593665 593789
593849 594056
594114 594187
594308 594541
594576 594722
594725 594842
594863 595012
595051 595423
595489 595571
595574 595732
595757 595882
595941 596274
596277 596278
596367 596609
596647 596688
596701 596849
596911 597204
597207 597208
597271 597637
597667 597822
597825 597892
597895 597943
597956 598016
598088 598360
598402 598862
598865 598933
598962 599074
599112 599257
599260 599371
599512 599599
599679 599794
599881 599985
599990 600074
600104 600107
600110 600443
600494 600786
600819 601034
601079 601261
601280 601631
601639 601641
601710 601788
601820 601870
601893 601946
601949 601951
602052 602118
602121 602606
602631 602844
602885 603048
603087 603158
603185 603221
603239 603645
603698 603979
604026 604136
604142 604222
604226 604295
604300 604371
604395 604455
604505 604593
604647 604873
604883 604885
604923 605257
605324 605729
605774 605957
605960 606076
606150 606451
606489 606691
606711 606990
607016 607221
607240 607420
607423 607596
607632 607791
607799 608002
608049 608418
608447 608509
608524 608631
608680 608828
608888 609103
609106 609108
609132 609161
609190 609366
609449 609790
609794 609824
609859 610270
610329 610500
610534 610754
610783 611429
611514 612026
612068 612457
612490 612638
612659 612770
612773 612988
612995 613054
613091 613410
613465 613745
613748 613824
613872 614213
614231 614440
614443 614604
614615 614744
614775 615076
615079 615134
615164 615406
615443 615575
615626 615874
615908 616121
616138 616228
616231 616362
616382 616665
616693 616954
616998 617182
617215 617341
617388 617950
617977 618077
618100 618285
618316 618355
618358 618446
618492 618599
618604 618932
618982 619224
619227 619381
619384 619773
619812 620183
620186 620239
620242 620361
620395 620620
620623 620678
620712 620858
620884 620959
620964 621013
621037 621263
621289 621810
621849 622302
622322 622575
622618 622816
622851 623052
623124 623319
623322 623347
623350 623494
623523 623767
623770 623883
623907 624079
624102 624320
624387 624560
624586 624706
624764 625226
625232 625235
625274 625543
625583 625851
625862 625922
625957 626195
626232 626385
626428 626612
626629 626753
626776 626988
626991 627081
627114 627353
627413 627659
627662 627825
627878 627955
627958 628388
628421 628591
628635 628790
628844 628959
629007 629126
629144 629439
629455 629613
629624 629684
629687 629720
629723 629784
629823 629903
629935 630244
630271 630653
630699 630945
630982 631125
631150 631504
631530 631694
631719 632000
632003 632059
632115 632432
632464 632774
632777 632895
632924 633102
633132 633427
633453 633560
633563 633722
633732 634178
634208 634478
634505 634637
634660 634953
635001 635483
635522 635850
635853 635884
635926 636122
636166 636357
636361 636394
636404 636510
636536 636675
636697 637043
637067 637187
637242 637243
637307 637422
637435 637484
637487 637558
637561 637677
637680 637946
637972 638161
638186 638188
638191 638407
638433 638718
638755 639148
639174 639490
639522 639937
639958 640241
640278 640649
640682 640853
640883 641446
641495 641690
641707 641851
641894 642148
642152 642419
642448 642595
642625 643181
643205 643297
643302 643305
643383 643470
643499 643693
643716 643842
643851 643909
643912 643915
643964 644173
644252 644533
644543 644545
644626 644709
644759 644865
644873 644875
644916 644960
644963 644965
645024 645059
645063 645065
645112 645500
645559 645577
645666 645750
645818 646080
646136 646261
646291 646447
646467 646875
646902 647055
647117 647197
647226 647405
647411 647732
647767 647931
647948 648133
648156 648368
648375 648635
648638 648640
648699 649125
649128 649130
649247 649477
649521 649713
649737 649997
650035 650140
650143 650201
650204 650533
650570 650878
650901 651147
651176 651323
651347 651461
651471 651472
651475 651565
651657 651956
651971 652156
652200 652341
652431 652432
652438 652687
652690 652692
652755 653035
653038 653041
653085 653147
653176 653429
653459 653626
653629 653694
653697 653872
653917 653967
654006 654107
654175 654233
654270 654439
654467 654617
654675 654677
654684 654728
654737 654792
654815 654909
654914 655024
655044 655142
655159 655162
655222 655420
655446 655594
655611 655612
655615 655754
655758 655761
655836 656066
656069 656071
656127 656338
656364 656513
656519 656521
656574 656641
656725 656846
656849 656851
656877 657009
657012 657013
657017 657227
657231 657233
657257 657405
657408 657411
657453 657556
657559 657561
657621 657941
658016 658460
658463 658536
658539 658541
658613 658844
658847 658848
658880 659021
659050 659341
659344 659503
659537 659937
659972 660164
660194 660363
660391 660430
660497 660687
660732 660936
660958 661122
661164 661364
661387 661972
662013 662246
662339 662509
662556 662676
662679 662681
662774 662818
662821 662867
662881 662962
662989 663085
663096 663190
663290 663369
663372 663494
663509 663686
663689 663691
663727 663799
663827 663906
663909 663911
663978 664303
664340 664438
664441 664515
664518 664521
664592 664760
664807 665026
665029 665031
665200 665286
665289 665291
665330 665522
665537 665600
665603 665626
665695 665941
666011 666148
666151 666247
666250 666346
666349 666351
666413 666536
666539 666541
666603 666931
666982 667017
667052 667195
667198 667201
667322 667454
667457 667505
667508 667670
667673 667886
667920 668143
668175 668320
668323 668412
668463 668505
668508 668544
668547 668728
668754 668861
668938 669205
669212 669409
669441 669721
669743 669988
669992 669995
670085 670456
670489 670688
670711 670800
670825 671050
671053 671055
671100 671317
671356 671599
671602 671605
671639 671807
671817 671820
671865 672100
672125 672238
672272 672501
672530 672743
672785 672895
672901 673086
673089 673361
673364 673366
673456 673988
674047 674457
674513 674662
674694 674977
675006 675241
675295 675584
675616 675901
675904 675906
675958 676149
676174 676318
676345 676462
676465 676517
676554 676891
676894 677010
677019 677021
677057 677166
677169 677458
677484 677673
677699 678002
678039 678305
678322 678402
678424 678426
678429 678601
678638 678914
678949 679112
679159 679412
679436 679674
679705 679738
679760 679994
680022 680106
680126 680442
680520 680776
680779 681039
681111 681249
681252 681430
681459 681611
681651 681924
681960 682446
682469 682629
682632 682795
682798 682860
682885 683169
683172 683175
683256 683627
683672 684055
684094 684178
684210 684412
684415 684482
684485 684770
684800 685166
685193 685354
685385 685462
685469 685522
685525 685679
685698 685901
685925 685927
685932 686329
686332 686430
686439 686441
686484 686685
686688 687234
687252 687367
687377 687445
687448 687451
687526 687776
687779 687781
687842 687898
687901 687989
687993 688192
688199 688371
688378 688489
688529 688531
688581 688706
688709 688711
688777 689005
689008 689035
689038 689108
689111 689189
689192 689327
689336 689565
689615 689899
689902 690108
690112 690201
690204 690423
690428 690431
690516 690664
690669 690671
690748 690774
690777 690825
690843 691265
691300 691474
691511 691690
691752 691932
691986 692175
692178 692383
692386 692387
692439 692551
692562 692692
692695 692719
692735 692737
692796 693047
693050 693124
693153 693357
693384 693557
693566 693567
693626 694013
694035 694092
694095 694178
694207 694363
694394 694502
694528 694725
694746 694890
694893 695004
695022 695023
695026 695199
695223 695384
695404 695562
695581 695780
695810 696117
696139 696265
696268 696316
696319 696336
696339 696401
696463 696700
696709 696770
696776 696777
696863 697206
697248 697710
697757 698007
698063 698228
698231 698349
698372 698628
698631 698718
698755 698833
698874 698985
699013 699088
699091 699093
699166 699407
699458 699461
699464 699722
699726 699727
699790 700032
700035 700037
700070 700114
700136 700257
700292 700488
700491 700701
700704 700727
700777 701002
701005 701007
701055 701311
701314 701316
701355 701722
701725 701727
701782 701987
702018 702297
702345 702607
702644 703068
703094 703304
703363 703473
703476 703541
703544 703583
703663 704103
704107 704110
704183 704461
704495 704615
704618 704750
704851 705165
705168 705170
705233 705515
705518 705520
705535 705565
705568 705570
705635 705935
705938 705940
706012 706152
706155 706312
706407 706661
706701 707008
707092 707325
707401 707467
707486 707600
707625 707980
708072 708379
708418 708731
708768 709458
709498 709887
709897 709993
709997 709998
710071 710295
710324 710499
710506 710508
710584 710693
710696 710698
710755 711016
711047 711230
711269 711695
711755 711946
711954 712086
712120 712345
712370 712516
712576 713007
713010 713161
713178 713306
713350 713465
713496 713737
713759 713929
713977 714220
714263 714572
714599 714946
714977 715036
715040 715533
715575 715577
715580 715648
715688 715975
716020 716215
716234 716327
716380 716855
716879 717223
717260 717390
717412 717910
717954 718095
718125 718354
718376 718550
718588 718654
718692 718793
718811 719125
719166 719422
719448 719688
719715 720021
720053 720377
720406 720602
720682 721361
721421 721720
721755 721961
722027 722294
722334 722476
722479 722685
722718 722973
723003 723041
723052 723108
723165 723266
723269 723322
723325 723499
723502 723684
723699 723771
723816 723900
723983 724111
724133 724514
724567 724640
724643 724807
724848 725037
725076 725098
725127 725189
725245 725340
725367 725394
725442 725494
725582 725741
725804 725845
725880 725919
725922 726027
726047 726395
726405 726406
726481 726723
726763 727360
727392 727487
727514 727516
727668 727709
727720 728136
728190 728383
728396 728567
728609 728773
728776 728870
728891 729039
729051 729053
729056 729343
729346 729418
