59 146
160 281
310 472
500 641
723 788
805 1050
1055 1099
1146 1185
1243 1396
1408 1682
1693 1695
1789 1895
1962 2180
2224 2345
2412 2657
2688 2903
2942 3285
3303 3527
3530 3597
3697 3700
3709 3817
3844 3915
3918 4043
4048 4131
4196 4312
4318 4466
4504 4756
4759 4845
4850 4887
4899 5092
5187 5242
5349 5447
5458 5521
5524 5587
5636 5782
5809 6210
6260 6488
6495 6696
6699 6892
6895 7055
7145 7584
7589 7660
7719 7942
8031 8069
8098 8459
8480 8554
8570 8691
8698 8726
8814 9050
9104 9172
9181 9300
9303 9305
9308 9420
9424 9760
9842 9896
9899 10015
10025 10165
10186 10436
10444 10544
10547 10668
10704 10761
10770 10856
10866 10963
10978 11097
11105 11186
11204 11329
11437 11585
11654 11768
11771 11934
11945 12124
12131 12226
12229 12338
12434 12626
12629 12740
12751 12906
12910 13001
13006 13198
13293 13493
13497 13831
13854 14019
14022 14248
14322 14478
14488 14573
14597 14804
14811 14961
14965 14968
15058 15208
15253 15507
15518 15882
15906 15990
16013 16349
16364 16428
16466 16540
16556 16607
16610 16776
16787 16875
16881 17021
17066 17174
17196 17305
17308 17407
17412 17675
17689 17898
17908 18102
18114 18116
18119 18326
18341 18447
18455 18526
18605 18927
18930 19017
19023 19137
19140 19143
19300 19376
19471 19530
19537 19707
19710 19847
19880 20059
20077 20229
20237 20345
20348 20443
20446 20559
20587 20668
20671 20762
20772 20948
20966 21332
21406 21582
21644 21702
21715 21817
21846 21902
21953 22065
22076 22329
22332 22333
22424 22626
22629 22632
22690 22844
22851 22853
22874 22978
22981 23052
23088 23200
23217 23302
23306 23388
23412 23561
23564 23599
23602 23885
23906 24003
24034 24204
24212 24364
24367 24450
24508 24672
24694 24696
24699 24824
24853 25176
25231 25489
25492 25493
25606 25656
25662 26018
26021 26095
26145 26431
26437 26595
26652 26977
26980 27265
27285 27381
27384 27386
27476 27671
27674 27800
27809 27906
27913 27916
27972 28141
28144 28146
28233 28337
28375 28512
28521 28605
28613 28700
28704 28706
28815 29000
29003 29270
29276 29805
29819 29994
30036 30185
30243 30355
30358 30546
30566 30722
30805 31090
31093 31171
31174 31453
31456 31458
31537 31661
31675 31939
31942 32263
32270 32408
32416 32418
32507 32584
32589 32640
32646 32648
32703 32847
32858 33008
33016 33018
33103 33374
33380 33652
33655 33658
33743 33941
33959 34109
34128 34512
34524 34575
34578 34680
34801 34827
34896 35177
35187 35312
35403 35649
35728 35950
35955 36112
36118 36291
36294 36678
36682 36683
36739 36888
36891 36893
36934 37023
37123 37215
37222 37223
37306 37370
37382 37498
37501 37503
37573 37685
37691 37693
37776 37931
37939 38065
38071 38073
38137 38275
38283 38469
38517 38798
38801 38880
38903 39021
39050 39150
39156 39157
39214 39326
39330 39332
39347 39481
39523 39572
39575 39577
39644 39740
39752 39965
39970 40120
40140 40346
40358 40418
40421 40627
40702 40870
40899 41167
41176 41315
41325 41328
41361 41508
41515 41706
41714 41966
41971 42113
42125 42127
42171 42245
42274 42346
42412 42541
42550 42662
42761 42953
43000 43075
43084 43260
43286 43373
43376 43533
43595 43739
43745 43885
43889 44056
44085 44258
44300 44383
44386 44527
44543 44582
44634 44669
44672 44778
44845 45073
45100 45231
45254 45471
45495 45684
45740 45807
45867 45969
45980 46101
46124 46369
46391 46546
46555 46622
46627 46668
46690 46708
46711 46798
46801 46953
46971 47077
47084 47086
47165 47181
47185 47510
47532 47617
47624 47836
47902 48130
48200 48395
48443 48521
48524 48592
48640 48691
48728 48813
48856 49122
49137 49365
49401 49642
49649 49651
49727 49803
49808 50093
50099 50101
50187 50364
50376 50529
50558 50786
50836 51002
51006 51138
51141 51266
51277 51353
51359 51589
51633 51772
51800 52009
52021 52249
52259 52261
52314 52500
52518 52657
52660 52793
52796 52881
52884 53065
53068 53156
53180 53320
53363 53492
53578 53759
53773 53896
53928 54028
54038 54089
54151 54385
54419 54721
54729 54732
54821 55083
55086 55305
55324 55443
55455 55568
55606 55886
55889 56296
56336 56377
56380 56481
56522 56555
56659 56734
56864 56938
56962 57112
57141 57308
57350 57538
57576 57700
57743 57910
57923 58082
58150 58374
58380 58607
58610 58706
58787 58908
58937 59174
59177 59295
59298 59571
59575 59831
