35 188
191 328
399 638
677 781
784 898
949 1179
1263 1322
1358 1553
1600 1686
1727 1942
1987 2106
2109 2214
2217 2304
2318 2382
2385 2563
2654 2796
2826 3001
3038 3120
3123 3267
3340 3500
3534 3791
3853 3990
3993 4119
4150 4152
4223 4274
4319 4531
4580 4712
4736 4852
4855 4898
5005 5054
5109 5279
5364 5415
5418 5581
5606 5608
5698 5797
5848 6084
6159 6243
6302 6379
6422 6587
6631 6773
6870 7059
7079 7081
7157 7226
7278 7326
7329 7379
7419 7570
7587 7588
7647 7716
7734 7800
7936 8018
8021 8146
8221 8268
8320 8388
8391 8459
8462 8510
8560 8827
8967 9025
9028 9103
9134 9287
9348 9412
9434 9575
9621 9789
9793 9907
9949 10067
10116 10291
10323 10401
10404 10454
10502 10698
10769 10915
10956 11136
11170 11321
11390 11590
11593 11645
11703 11706
11709 11858
11898 11972
11980 12060
12063 12146
12201 12427
12430 12511
12532 12533
12619 12718
12739 12819
12896 13036
13068 13071
13133 13219
13225 13277
13322 13488
13491 13567
13612 13750
13826 13875
13881 13962
14039 14177
14183 14319
14379 14461
14464 14512
14551 14996
14999 15080
15143 15320
15323 15460
15486 15488
15585 15751
15761 15830
15882 16148
16151 16280
16352 16546
16590 16591
16730 16898
16943 17079
17130 17228
17231 17299
17326 17417
17420 17517
17520 17568
17613 17674
17678 17728
17757 17826
17872 17875
17972 18123
18195 18316
18379 18563
18566 18672
18703 18806
18865 19092
19095 19272
19394 19447
19450 19622
19656 19805
19813 19964
20044 20259
20293 20397
20400 20488
20525 20694
20808 20860
20896 21036
21074 21215
21218 21260
21264 21315
21318 21438
21496 21613
21670 21727
21734 21860
21905 22085
22090 22152
22155 22157
22178 22264
22267 22303
22337 22474
22477 22592
22649 22821
22824 22926
22965 23081
23084 23165
23241 23272
23314 23482
23526 23783
23828 23830
23920 23996
24041 24247
24250 24357
24434 24661
24699 24784
24823 24912
24960 25097
25165 25275
25308 25432
25482 25512
25545 25689
25723 25868
25943 26059
26142 26210
26242 26319
26352 26622
26677 26867
26958 27094
27127 27360
27370 27493
27496 27572
27588 27590
27632 27794
27797 27873
27950 28035
28063 28161
28229 28366
28463 28463
28470 28568
28602 28710
28713 28773
28798 28990
29031 29182
29219 29400
29420 29536
29585 29810
29827 29918
29940 29942
30006 30195
30230 30523
30571 30675
30719 30846
30883 30999
31020 31214
31217 31327
31384 31527
31603 31635
31638 31781
31825 31862
31886 32081
32197 32368
32396 32568
32578 32681
32736 32872
32888 32994
33028 33192
33282 33615
33674 33929
34037 34112
34115 34212
34239 34431
34459 34689
34724 34726
34826 34865
34922 35019
35072 35127
35130 35431
35543 35703
35776 35834
35861 35990
36035 36108
36152 36302
36305 36387
36422 36425
36480 36599
36602 36818
36893 36998
37001 37137
37177 37313
37320 37416
37536 37609
37612 37734
37762 37979
38024 38037
38040 38170
38227 38449
38484 38827
38872 39063
39122 39167
39170 39419
39464 39611
39643 39781
39796 39903
39906 39962
40058 40207
40236 40237
40351 40474
40509 40641
40644 40782
40811 40962
40996 41175
41255 41306
41348 41441
41485 41563
41566 41706
41759 41829
41832 41886
41902 42132
42181 42273
42279 42355
42432 42468
42527 42586
42641 42809
42850 42997
43134 43322
43383 43605
43665 43724
43727 43825
43886 44044
44116 44175
44206 44309
44373 44522
44559 44726
44767 44996
45033 45262
45265 45330
45410 45559
45562 45677
45798 45800
45812 45911
45958 46089
46124 46203
46248 46334
46396 46483
46522 46689
46727 46763
46766 46827
46850 46856
46864 47116
47151 47331
47418 47526
47556 47768
47802 47878
47884 48017
48111 48162
48221 48452
48493 48610
48656 48766
48782 48852
48899 49045
49076 49134
49182 49375
49578 49580
49588 49790
49823 49869
49872 50050
50128 50374
50423 50646
50808 50810
50814 50945
50985 51112
51219 51389
51432 51499
51568 51570
51585 51798
51861 52081
52187 52329
52401 52554
52558 52560
52721 52779
52840 52891
52894 53032
53086 53126
53129 53324
53418 53420
53428 53543
53546 53599
53656 53746
53838 53840
53845 53975
53996 54107
54128 54130
54198 54249
54252 54347
54400 54497
54554 54798
54801 54879
54895 54896
54954 55024
55087 55166
55234 55351
55354 55356
55432 55557
55582 55685
55726 55922
55957 56050
56075 56186
56219 56221
56291 56447
56524 56556
56559 56601
56604 56645
56692 56981
56984 57044
57104 57172
57175 57278
57349 57621
57659 57787
57825 57899
57902 58031
58144 58146
58151 58256
58340 58390
58393 58441
58475 58651
58654 58745
58763 58875
58881 58956
59006 59007
59127 59177
59210 59308
59354 59553
59631 59764
59767 59827
59862 59994
60010 60096
60101 60180
60236 60312
60332 60395
60409 60517
60568 60785
60788 60885
60945 61052
61062 61098
61101 61200
61242 61380
61486 61624
61634 61756
61863 62027
62030 62114
62176 62221
62264 62442
62494 62633
62665 62901
62947 63025
63044 63135
63153 63239
63287 63302
63306 63532
63584 63773
63865 64136
64218 64269
64304 64306
64364 64587
64647 64673
64696 64775
64827 65022
65072 65125
65170 65333
65385 65386
65397 65474
65499 65586
65623 65782
65885 65940
65967 66135
66168 66327
66464 66466
66520 66599
66632 66774
66819 66981
66989 67075
67078 67174
67211 67361
67468 67559
67562 67751
67805 68082
68130 68326
68340 68413
68455 68587
68642 68821
68865 69050
69148 69372
69515 69597
69638 69699
69702 69843
69847 69922
69978 70153
70218 70427
70467 70603
70664 70738
70796 70880
71006 71211
71237 71372
71405 71539
71584 71665
71683 71762
71798 71893
71896 72013
72139 72184
72231 72326
72356 72479
72498 72682
72757 72925
72977 73071
73099 73225
73263 73403
73495 73571
73604 73902
73950 74070
74119 74330
74429 74498
74544 74799
74856 74903
74946 75125
75164 75267
75270 75320
75323 75400
75476 75639
75680 75838
75862 75912
75915 76099
76133 76266
76343 76415
76418 76535
76587 76683
76727 76745
76748 76889
76931 77101
77106 77194
77247 77315
77358 77523
77526 77643
77646 77717
77796 77849
77889 78112
78149 78199
78235 78347
78351 78423
78470 78525
78566 78681
78685 78766
78795 78901
78947 79014
79045 79171
79268 79271
79276 79345
79348 79405
79408 79552
79628 79782
79812 79985
79989 80087
80090 80144
80194 80395
80426 80476
80507 80620
80656 80749
80752 80806
80809 80934
80962 81137
81171 81265
81269 81307
81346 81432
81436 81563
81566 81568
81661 81725
81758 81854
81865 81917
81989 82078
82081 82146
82216 82218
82221 82242
82245 82372
82375 82529
82557 82700
82741 82905
82979 82981
82992 83113
83129 83131
83187 83210
83252 83322
83354 83447
83509 83511
83518 83565
83572 83648
83675 83847
83870 83941
83944 84020
84079 84081
84280 84383
84428 84558
84616 84618
84628 84771
84787 84861
84904 85060
85135 85377
85414 85639
85670 85826
85877 85973
85976 86099
86102 86195
86264 86395
86487 86641
86644 86866
86916 87138
87144 87146
87244 87291
87332 87431
87516 87518
87531 87631
87634 87685
87766 87873
87881 87883
87959 88195
88281 88406
88437 88554
88626 88628
88636 88679
88682 88727
88749 88913
88946 88973
88976 89141
89212 89429
89464 89654
89657 89693
89713 89853
89883 90028
90031 90143
90173 90460
90490 90688
90716 90864
90976 90978
90986 91210
91336 91338
91345 91403
91406 91480
91497 91579
91636 91638
91644 91681
91684 91728
91751 91784
91823 91849
91856 91858
91979 92197
92225 92288
92366 92368
92374 92511
92525 92527
92541 92642
92715 92717
92720 92840
92893 92997
93115 93117
93123 93283
93327 93433
93436 93486
93510 93639
93716 93753
93786 93948
93992 94027
94030 94113
94152 94284
94304 94450
94481 94631
94669 94983
95025 95236
95260 95362
95455 95457
95463 95715
95769 95991
95994 96039
96047 96178
96185 96451
96569 96672
96710 96801
96805 96886
96890 96980
96983 97066
97165 97167
97179 97268
97292 97403
97479 97577
97580 97644
97691 97810
97881 98022
98087 98233
98257 98348
98379 98381
98484 98606
98639 98774
98819 99144
99186 99410
99428 99605
99663 99771
99774 99809
99839 99910
99925 99987
100026 100144
100147 100245
100278 100404
100434 100927
100996 100997
101010 101097
101100 101146
101149 101259
101309 101393
101454 101613
101725 101727
101736 101793
101823 101895
101920 102012
102070 102254
102278 102363
102414 102705
102736 102801
102804 102996
103047 103139
103143 103266
103342 103399
103428 103513
103516 103661
103685 103770
103773 103921
103924 104147
104184 104533
104570 104684
104693 104769
104806 104901
104933 105046
105049 105250
105280 105553
105595 105641
105657 105765
105768 105896
105930 105970
105980 106198
106255 106257
106313 106374
106457 106620
106697 106890
106919 106957
106966 107026
107029 107227
107268 107403
107406 107476
107513 107622
107705 107975
108011 108137
108195 108303
108306 108392
108431 108470
108473 108659
108700 108845
108853 108944
109037 109092
109123 109244
109259 109337
109382 109420
109423 109559
109635 109637
109642 109737
109790 110038
110075 110191
110195 110347
110382 110604
110698 110764
110798 110856
110862 111032
111072 111100
111110 111242
111298 111342
111345 111507
111538 111773
111805 111994
111999 112038
112093 112153
112184 112302
112327 112462
112465 112531
112543 112685
112739 112968
113097 113176
113211 113331
113375 113532
113561 113663
113688 113825
113869 114004
114007 114062
114065 114161
114213 114288
114291 114477
114480 114552
114615 114617
114627 114673
114686 114757
114805 114807
114820 114896
114953 115105
115197 115283
115305 115431
115505 115507
115520 115624
115652 115729
115774 115824
115855 115999
116095 116097
116107 116133
116156 116330
116359 116486
116538 116691
116732 116873
116901 117054
117083 117222
117335 117337
117340 117376
117379 117524
117577 117817
117820 117928
118005 118039
118056 118172
118211 118350
118383 118490
118509 118596
118601 118671
118674 118756
118794 119074
119205 119322
119328 119397
119436 119576
119655 119657
119664 119861
119955 120125
120192 120341
120373 120533
120536 120632
120635 120780
120842 120895
120924 120995
121026 121184
121211 121295
121304 121495
121585 121587
121592 121661
121688 121700
121703 121893
121947 122011
122014 122197
122234 122326
122346 122445
122506 122621
122664 122691
122694 122751
122754 122792
122795 122897
122923 122923
123047 123148
123182 123299
123336 123408
123412 123563
123572 123702
123748 123921
123924 124023
124077 124381
124418 124484
124487 124613
124699 124738
124751 124856
124889 125014
125052 125176
125179 125301
125333 125460
125484 125558
125561 125720
125801 125882
125914 126074
126078 126122
126168 126285
126288 126406
126409 126493
126556 126613
126616 126657
126661 126776
126806 126942
126996 127245
127277 127600
127639 127768
127882 127923
127965 128005
128016 128099
128136 128352
128390 128535
128623 128734
128775 128884
128940 128981
128986 129080
129084 129137
129140 129255
129286 129412
129466 129545
129548 129680
129683 129742
129790 129999
130134 130208
130252 130353
130407 130462
130503 130658
130662 130705
130736 130858
130954 131079
131123 131274
131314 131417
131457 131598
131601 131669
131734 132024
132028 132312
132363 132568
132583 132586
132640 132833
132836 132888
132915 132916
133010 133136
133139 133268
133291 133411
133451 133633
133646 133648
133710 133735
133762 133915
133928 133978
134044 134188
134275 134337
134373 134449
134452 134560
134563 134630
134665 134825
134828 134870
134918 135081
135153 135183
135186 135350
135354 135427
135482 135629
135679 135876
135914 136156
136189 136374
136377 136421
136510 136885
136935 137080
137130 137230
137233 137336
137357 137422
137471 137650
137772 137987
138033 138113
138156 138203
138226 138437
138476 138518
138521 138629
138632 138687
138717 138909
138951 138996
139018 139142
139145 139247
139291 139359
139362 139431
139444 139600
139636 139803
139847 139887
139890 139961
140072 140165
140226 140548
140600 140736
140739 140828
140921 141141
141144 141203
141231 141418
141449 141589
141592 141637
141640 141707
141710 141834
141892 142063
142110 142269
142307 142400
142454 142593
142674 142717
142720 142779
142849 143010
143048 143320
143371 143520
143562 143613
143616 143706
143770 143802
143850 144068
144120 144282
144359 144415
144426 144487
144516 144609
144658 144758
144828 144902
144905 145000
145003 145075
145186 145309
145328 145384
145387 145422
145526 145768
145811 145979
146007 146157
146198 146371
146395 146639
146670 146672
146749 146795
146798 146876
146879 146959
147039 147130
147133 147217
147259 147430
147480 147584
147587 147683
147686 147767
147794 147796
147887 148113
148165 148295
148368 148431
148434 148562
148621 148622
148630 148690
148700 148765
148821 149051
149249 149252
149255 149297
149339 149470
149503 149673
149703 149868
149871 150101
150161 150406
150438 150440
150564 150963
151036 151098
151137 151230
151270 151311
151314 151550
151647 151731
151734 151919
151984 152250
152336 152471
152523 152602
152612 152613
152726 152892
152939 153083
153086 153121
153124 153176
153278 153473
153496 153709
153759 154017
154098 154203
154233 154327
154349 154474
154500 154639
154686 154808
154906 155007
155039 155176
155179 155241
155269 155397
155436 155475
155479 155531
155558 155727
155755 155993
156114 156117
156126 156206
156213 156299
156339 156621
156673 156810
156813 156958
157013 157056
157081 157082
157163 157225
157258 157381
157395 157453
157483 157534
157552 157600
157695 157766
157812 157915
157922 157980
158015 158032
158035 158143
158146 158240
158335 158370
158384 158508
158553 158664
158720 158766
158798 158979
159007 159268
159336 159449
159452 159576
159599 159600
159669 159733
159780 159956
159962 159963
160039 160083
160086 160169
160201 160400
160444 160729
160732 160812
160866 160985
160988 161140
161234 161237
161244 161359
161400 161559
161599 161665
161668 161802
162009 162067
162106 162248
162282 162576
162624 162804
162872 162934
162937 162994
163001 163138
163178 163228
163231 163279
163282 163415
163452 163582
163653 163853
163905 163979
163983 164177
164245 164375
164426 164565
164568 164856
164879 165027
165073 165272
165310 165313
165370 165473
165543 165746
165815 165977
165987 166070
166162 166163
166245 166320
166358 166486
166492 166631
166668 166858
166899 166985
166988 167103
167179 167387
167449 167549
167589 167658
167661 167736
167785 167921
167946 167950
168036 168116
168158 168383
168426 168507
168510 168582
168616 168712
168715 168807
168831 168971
168974 169104
169143 169350
169496 169497
169500 169551
169554 169617
169659 169859
169918 170146
170219 170388
170423 170675
170717 170925
170999 171072
171108 171256
171378 171524
171581 171698
171759 171968
172036 172206
172213 172385
172425 172530
172588 172655
172687 172807
172826 172828
172887 172957
173020 173150
173240 173395
173401 173403
173580 173658
173709 173891
173945 174152
174179 174213
174238 174283
174286 174443
174446 174624
174687 174842
174879 175065
175137 175140
175285 175355
175406 175458
175461 175621
175681 175833
175853 175944
175990 176302
176338 176521
176560 176723
176771 176880
176884 176922
176957 177113
177134 177231
177317 177376
177424 177559
177588 177657
177665 177714
177739 177850
177868 177868
177931 178029
178032 178095
178132 178223
178241 178243
178300 178401
178404 178512
178558 178645
178702 178705
178826 179044
179089 179233
179330 179393
179431 179553
179557 179652
179719 179851
179876 179986
179989 179991
180001 180038
180123 180179
180182 180236
180264 180319
180372 180496
180537 180622
180674 180837
180873 180876
180947 181111
181151 181374
181382 181452
181512 181749
181777 181881
181884 181928
181958 182130
182133 182161
182164 182226
182259 182434
182486 182553
182581 182774
182806 182906
182941 183218
183325 183406
183440 183586
183589 183656
183718 183780
183783 183920
183953 184057
184062 184251
184309 184426
184434 184463
184466 184520
184554 184635
184664 184734
184770 184858
184976 185028
185082 185356
185394 185681
185684 185734
185815 186116
186149 186367
186405 186474
186513 186739
186882 187077
187118 187207
187259 187541
187544 187707
187710 187836
187942 187994
188028 188098
188139 188293
188296 188371
188407 188461
188464 188656
188659 188747
188821 188995
189026 189304
189357 189477
189480 189621
189761 189889
189918 190020
190058 190195
190247 190454
190495 190873
190895 190898
191002 191155
191177 191178
191258 191294
191348 191351
191472 191736
191772 191940
192033 192075
192107 192216
192235 192236
192316 192368
192371 192417
192495 192642
192667 192670
192809 192905
192908 193065
193068 193174
193233 193591
193688 193811
193848 193966
193969 194048
194092 194241
194263 194388
194406 194502
194616 194763
194815 194968
194993 195038
195042 195208
195260 195396
195427 195626
195652 195804
195832 196049
196144 196201
196231 196396
196446 196531
196534 196632
196657 196774
196777 196889
196931 197177
197270 197340
197363 197493
197526 197681
197684 197730
197763 197888
197925 198100
198123 198239
198242 198295
198335 198491
198525 198600
198689 198691
198694 198840
198843 198890
198936 199073
199103 199238
199372 199500
199531 199609
199619 199763
199802 199988
200031 200194
200203 200325
200365 200423
200426 200534
200569 200619
200622 200668
200671 200784
200879 200949
200975 201060
201063 201114
201144 201244
201250 201387
201437 201475
201478 201559
201665 201666
201671 201727
201749 201770
201773 201823
201883 202004
202164 202166
202173 202270
202287 202384
202486 202546
202570 202722
202745 202896
202953 203119
203186 203188
203199 203276
203303 203523
203526 203539
203542 203590
203618 203658
203661 203728
203775 203777
203795 203922
203976 204214
204238 204323
204373 204453
204475 204593
204645 204646
204658 204697
204717 204784
204830 204874
204877 204923
204955 205038
205072 205170
205199 205289
205463 205608
205650 205800
205840 206096
206190 206319
206353 206408
206440 206699
206742 206937
206964 207317
207379 207458
207487 207724
207762 207974
208089 208191
208224 208349
208376 208535
208587 208628
208631 208668
208698 208831
208834 208860
208900 208937
208940 209087
209121 209256
209306 209475
209506 209691
209796 209813
209816 209953
209956 210152
210201 210342
210371 210550
210591 210625
210629 210662
210669 210783
210916 210948
210982 211152
211194 211454
211457 211502
211548 211740
211834 211836
211912 212030
212066 212160
212163 212235
212266 212353
212356 212500
212543 212800
212823 213139
213226 213371
213405 213482
213485 213642
213645 213694
213746 213995
213998 214080
214201 214345
214395 214517
214520 214633
214722 214787
214790 214925
214963 215137
215169 215488
215575 215747
215757 215854
215902 216001
216010 216069
216096 216214
216241 216342
216404 216552
216628 216679
216696 216760
216879 216881
216891 216945
216967 217049
217058 217106
217142 217223
217301 217408
217440 217638
217674 217795
217798 217919
218093 218231
218265 218353
218482 218689
218724 218781
218813 218975
219029 219089
219122 219286
219428 219431
219434 219687
219722 219923
220027 220173
220217 220258
220261 220341
220449 220533
220581 220764
220814 220876
220900 220988
220991 221182
221217 221357
221497 221642
221686 221836
221885 221995
222073 222217
222224 222420
222464 222578
222593 222674
222712 222922
222925 223038
223144 223192
223195 223223
223270 223465
223513 223638
223714 223766
223771 223847
223906 224172
224319 224378
224426 224541
224568 224695
224718 224782
224857 224948
225017 225141
225181 225539
225609 225654
225657 225741
225776 225927
225978 226117
226153 226245
226323 226429
226461 226634
226699 226844
226886 227052
227105 227161
227165 227269
227300 227406
227416 227551
227632 227715
227723 227772
227827 228001
228010 228113
228275 228442
228494 228686
228760 228893
228904 229005
229052 229180
229289 229388
229460 229491
229517 229635
229730 229923
229962 230059
230062 230129
230203 230392
230421 230507
230543 230630
230698 230818
230843 230939
231079 231218
231255 231348
231403 231621
231651 231790
231828 231981
232122 232232
232262 232418
232489 232543
232577 232642
232645 232702
232720 232853
232939 233100
233103 233150
233239 233305
233356 233478
233504 233631
233636 233731
233817 233890
233901 233967
234052 234128
234140 234216
234314 234390
234427 234567
234597 234715
234819 234946
234988 235128
235182 235302
235327 235473
235674 235714
235717 235841
235901 236015
236039 236263
236328 236454
236521 236551
236588 236749
236788 237005
237089 237252
237311 237424
237453 237587
237701 237703
237710 237810
237853 237954
238021 238123
238268 238365
238457 238526
238555 238735
238779 238830
238852 239028
239054 239210
239213 239285
239332 239490
239496 239669
239721 239786
239814 239866
239869 239976
240023 240100
240133 240220
240223 240434
240473 240529
240561 240671
240678 240770
240890 241145
241189 241438
241549 241707
241748 242041
242075 242292
242321 242503
242576 242643
242668 242818
242840 242984
243025 243209
243252 243321
243346 243458
243485 243638
243767 243768
243778 243962
244038 244146
244175 244273
244318 244365
244406 244447
244511 244753
244860 244915
244960 245086
245119 245335
245399 245428
245473 245598
245648 245742
245745 245806
245820 245912
246128 246244
246276 246326
246392 246476
246559 246637
246724 246924
247043 247162
247305 247306
247309 247411
247434 247545
247578 247700
247744 247864
247905 247962
247997 248076
248095 248207
248319 248438
248477 248803
248846 248932
248979 249104
249124 249237
249291 249382
249412 249447
249450 249572
249660 249730
249766 249819
249836 249891
249945 250159
250204 250262
250288 250447
250464 250513
250617 250654
250665 250819
250885 250897
250900 251022
251070 251248
251256 251324
251378 251547
251684 251753
251791 251855
251885 252038
252136 252167
252178 252274
252300 252411
252480 252571
252596 252658
252689 252777
252794 252877
253037 253038
253047 253243
253250 253313
253316 253364
253433 253665
253693 253813
253905 253958
254003 254082
254127 254427
254433 254482
254609 254672
254688 254748
254784 254864
254904 254992
255019 255228
255265 255438
255562 255580
255617 255666
255698 255809
255853 255990
255993 256091
256297 256355
256382 256546
256633 256815
256818 256892
256947 257018
257046 257176
257234 257415
257463 257511
257534 257586
257589 257610
257648 257741
257768 257961
258044 258102
258151 258241
258368 258370
258375 258441
258444 258716
258771 258895
258940 259023
259049 259191
259281 259388
259422 259676
259722 259866
259913 260212
260238 260355
260394 260579
260623 260679
260720 260821
260967 261044
261076 261248
261277 261404
261475 261576
261579 261638
261676 261731
261734 261796
261826 262156
262227 262261
262293 262485
262524 262768
262822 262873
263006 263062
263094 263210
263224 263367
263530 263546
263577 263660
263663 263704
263717 263786
263793 263901
263939 264102
264105 264171
264263 264604
264607 264677
264689 264762
264826 264880
264889 265023
265078 265158
265161 265203
265242 265349
265388 265469
265472 265621
265651 265788
265807 265926
266038 266137
266222 266298
266396 266498
266540 266553
266588 266656
266668 266732
266791 266888
267050 267105
267133 267201
267206 267278
267281 267372
267410 267565
267568 267625
267646 267747
267828 267879
267916 268119
268144 268304
268307 268391
268466 268591
268618 268794
268819 268934
268964 269089
269092 269151
269175 269328
269331 269511
269542 269695
269698 269762
269784 269931
269948 270097
270185 270205
270208 270238
270241 270360
270364 270573
270619 270818
270849 270995
271021 271229
271290 271416
271443 271668
271703 271935
271985 272065
272068 272141
272165 272267
272340 272342
272352 272381
272406 272457
272479 272618
272667 272721
272724 272771
272961 273016
273041 273207
273211 273367
273422 273530
273572 273647
273650 273812
273857 273979
273985 274075
274088 274172
274184 274327
274473 274555
274616 274728
274754 274879
274960 274991
274994 275147
275179 275358
275393 275547
275584 275646
275649 275939
276022 276134
276173 276372
276406 276561
276600 276862
276894 277137
277209 277281
277305 277371
277442 277526
277544 277576
277579 277690
277719 277818
277821 277881
277934 278043
278067 278140
278165 278370
278394 278551
278636 278671
278697 278840
278885 279012
279044 279212
279258 279400
279403 279504
279507 279590
279611 279750
279788 279885
279888 280011
280014 280056
280083 280224
280227 280299
280339 280569
280651 280707
280710 280891
280894 280999
281025 281201
281234 281331
281359 281502
281505 281591
281771 281830
281872 281912
281915 282063
282127 282229
282234 282334
282368 282370
282438 282657
282670 282810
282832 282991
283041 283308
283347 283521
283553 283555
283653 283683
283712 283777
283806 283854
283875 283963
284001 284174
284227 284294
284298 284481
284534 284536
284550 284613
284641 284842
284877 285063
285148 285339
285342 285470
285509 285668
285671 285744
285772 285773
285823 286226
286289 286468
286498 286731
286846 286933
286964 287160
287228 287321
287363 287467
287495 287599
287602 287686
287689 287813
287868 287871
287961 288086
288095 288171
288282 288334
288372 288480
288511 288587
288590 288719
288754 288955
289005 289079
289106 289261
289267 289345
289380 289557
289588 289748
289814 289868
289876 289939
289942 289988
290028 290111
290114 290199
290252 290255
290364 290464
290506 290589
290592 290645
290693 290824
290838 290966
290982 291049
291064 291065
291113 291180
291231 291233
291337 291384
291387 291436
291529 291817
291859 291953
291956 292006
292009 292114
292184 292186
292200 292243
292320 292426
292443 292518
292634 292789
292815 292817
292900 293030
293080 293170
293232 293280
293320 293434
293444 293506
293545 293617
293622 293625
293766 293823
293910 293953
293956 294001
294037 294161
294188 294397
294447 294516
294542 294686
294725 294726
294736 294942
294991 295117
295120 295185
295190 295192
295227 295280
295314 295379
295444 295508
295511 295583
295617 295675
295707 295852
295875 295877
295903 295990
296038 296209
296212 296281
296330 296332
296402 296460
296503 296621
296653 296728
296731 296831
296906 296962
296992 297124
297154 297212
297235 297408
297430 297536
297598 297601
297722 297756
297759 297883
297886 297958
297997 298192
298276 298477
298527 298586
298606 298695
298705 298792
298822 298963
298983 299284
299310 299312
299416 299712
299769 299990
299993 300056
300101 300234
300238 300320
300389 300488
300522 300661
300704 300841
300873 300948
300951 301008
301159 301161
301164 301310
301349 301478
301589 301750
301803 301974
302012 302100
302103 302221
302309 302311
302314 302383
302397 302450
302461 302509
302562 302725
302762 302818
302839 302988
303052 303199
303369 303371
303384 303410
303413 303447
303450 303636
303680 303747
303765 303850
303870 303958
303977 304129
304219 304221
304235 304292
304329 304454
304509 304591
304594 304893
304987 305142
305179 305301
305328 305584
305625 305746
305843 305950
305994 306045
306048 306279
306325 306388
306394 306456
306484 306577
306597 306598
306647 306747
306764 306766
306866 306988
307015 307135
307199 307249
307276 307404
307460 307554
307590 307682
307685 307778
307885 308084
308238 308337
308356 308452
308512 308697
308706 308876
308889 308929
308933 308983
309088 309248
309319 309497
309525 309734
309788 309938
309972 310125
310171 310340
310343 310393
310481 310679
310738 311015
311053 311233
311315 311378
311420 311516
311549 311623
311669 311823
311855 311984
311987 312097
312123 312252
312353 312595
312660 312749
312766 312943
313030 313079
313113 313232
313271 313378
313415 313417
313510 313579
313583 313804
313862 313958
313961 314124
314152 314220
314223 314362
314460 314584
314615 314711
314716 314953
315040 315199
315218 315339
315352 315474
315556 315558
315571 315735
315773 315921
315950 316182
316239 316504
316564 316627
316647 316687
316747 316748
316851 316964
316967 317084
317135 317335
317413 317445
317448 317591
317619 317717
317761 318006
318085 318088
318099 318179
318211 318409
318467 318703
318741 318849
318852 318885
318888 318978
318981 319055
319117 319301
319329 319457
319586 319588
319598 319687
319710 319802
319819 319936
319975 320152
320288 320376
320416 320573
320608 320767
320792 320912
320921 320999
321002 321112
321122 321196
321228 321373
321474 321583
321617 321810
321876 322095
322128 322305
322348 322496
322564 322766
322806 322887
322943 322987
323024 323101
323235 323283
323323 323472
323530 323792
323843 323845
323930 324126
324162 324350
324353 324416
324479 324629
324712 324938
324981 325065
325117 325244
325397 325398
325407 325500
325527 325711
325761 325901
325904 326060
326119 326408
326444 326462
326465 326504
326532 326625
326628 326686
326712 326905
327010 327261
327332 327501
327542 327842
327845 327877
327880 328005
328037 328106
328109 328287
328323 328325
328356 328460
328482 328560
328580 328691
328743 328880
328883 328967
329006 329200
329245 329319
329322 329366
329374 329466
329564 329636
329678 329793
329865 329934
329953 330137
330172 330175
330253 330318
330346 330393
330454 330596
330620 330701
330795 330796
330807 330879
330924 331101
331144 331234
331278 331432
331634 331636
331648 331826
331910 332027
332061 332198
332237 332375
332378 332428
332431 332565
332599 332749
332866 332967
333004 333079
333164 333166
333169 333245
333286 333496
333499 333585
333694 333696
333707 333763
333766 333832
333900 334014
334042 334150
334203 334309
334375 334514
334517 334549
334734 334736
334751 334836
334880 335097
335100 335145
335198 335499
335527 335650
335679 335946
336034 336036
336039 336104
336119 336188
336236 336344
336389 336483
336520 336553
336562 336620
336814 336816
336830 336919
336954 337262
337328 337408
337446 337526
337570 337853
337909 338153
338262 338297
338301 338438
338500 338679
338710 338897
339000 339035
339040 339102
339141 339186
339189 339290
339332 339453
339466 339560
339675 339903
339936 340040
340071 340280
340388 340481
340488 340590
340619 340667
340670 340719
340772 340995
341100 341403
341472 341743
341773 341904
341946 342227
342270 342330
342333 342551
342600 342674
342706 342939
342966 343140
343174 343202
343216 343290
343339 343585
343727 343777
343807 344185
344210 344305
344338 344449
344589 344802
344839 345037
345064 345219
345271 345329
345332 345440
345481 345691
345721 345821
345853 345988
346081 346230
346265 346383
346425 346426
346500 346570
346622 346843
346887 347054
347057 347142
347199 347254
347257 347492
347582 347715
347748 347862
347892 347966
347974 348036
348069 348125
348128 348199
348247 348280
348283 348374
348414 348579
348624 348804
348843 349119
349184 349303
349335 349476
349585 349730
349770 349805
349808 349833
349836 350011
350061 350173
350209 350357
350379 350421
350433 350496
350538 350673
350676 350768
350815 351005
351034 351103
351106 351193
351269 351312
351336 351454
351457 351645
351650 351739
351803 351863
351892 352027
352030 352099
352102 352155
352197 352265
352268 352417
352483 352555
352597 352760
352796 352872
352875 353015
353064 353225
353356 353425
353471 353597
353625 353789
353823 353905
353979 354154
354216 354309
354443 354445
354450 354596
354623 354980
355029 355312
355419 355473
355502 355606
355650 355813
355861 356081
356115 356263
356271 356365
356368 356465
356533 356568
356581 356647
356650 356767
356810 356892
356895 356976
357009 357160
357196 357272
357302 357486
357489 357562
357591 357671
357675 357746
357873 357875
357883 358005
358044 358254
358313 358369
358372 358420
358457 358602
358605 358742
358893 358895
358901 358980
359009 359171
359209 359456
359459 359556
359629 359691
359694 359739
359796 359826
359851 360046
360082 360281
360317 360496
360541 360773
360784 360890
360938 361163
361208 361320
361369 361395
361398 361504
361512 361624
361661 361720
361745 361975
362013 362125
362128 362218
362343 362345
362353 362454
362518 362568
362571 362702
362768 362885
362888 363069
363222 363225
363234 363295
363327 363425
363428 363511
363548 363611
363614 363642
363645 363838
363889 363976
364004 364113
364163 364369
364401 364667
364714 364810
364813 364908
364970 365101
365137 365290
365318 365647
365792 366024
366049 366104
366107 366159
366195 366499
366552 366660
366700 366914
366919 366995
367040 367189
367225 367393
367583 367585
367593 367722
367760 367901
367932 368155
368236 368322
368325 368375
368417 368571
368602 368762
368787 368831
368834 369035
369076 369126
369175 369281
369284 369330
369365 369659
369747 369864
369877 369894
369929 370091
370153 370302
370345 370494
370497 370541
370682 370685
370691 370798
370854 370968
370971 371092
371134 371182
371211 371261
371292 371533
371646 371741
371775 371910
371913 372010
372061 372207
372239 372382
372385 372569
372640 372842
372880 372972
372975 373116
373152 373319
373322 373439
373498 373673
373676 373723
373757 373996
374057 374303
374349 374566
374601 374703
374780 374852
374855 374945
374948 375085
375091 375203
375311 375551
375578 375648
375677 375804
375807 375908
375935 376159
376240 376346
376365 376538
376543 376763
376796 376962
376997 377324
377387 377471
377532 377662
377696 377769
377796 377901
377936 378016
378046 378078
378081 378150
378229 378276
378316 378391
378399 378517
378520 378610
378643 378744
378769 378863
378919 378921
378935 378971
379079 379081
379095 379142
379180 379321
379363 379531
379639 379641
379649 379714
379732 379809
379840 380095
380232 380377
380488 380491
380494 380734
380776 380831
380866 381046
381149 381151
381154 381163
381224 381408
381474 381633
381739 381741
381752 382031
382060 382115
382122 382231
382339 382341
382350 382522
382578 382693
382783 382901
382949 383035
383038 383105
383150 383303
383456 383482
383508 383612
383615 383708
383763 383805
383808 383975
384017 384173
384203 384343
384371 384574
384592 384701
384742 384890
384933 385017
385031 385183
385220 385293
385305 385383
385470 385622
385658 385794
385798 385845
385848 385876
385960 386035
386038 386141
386146 386256
386282 386433
386462 386586
386712 386952
386994 387189
387294 387346
387380 387540
387576 387621
387624 387800
387863 387953
387983 388124
388128 388191
388222 388405
388466 388624
388628 388673
388720 388796
388830 389012
389049 389336
389375 389688
389785 389904
389907 389976
390016 390157
390254 390361
390390 390554
390586 390653
390668 390731
390745 390939
391035 391163
391201 391415
391418 391553
391595 391695
391716 391919
392035 392109
392133 392267
392306 392572
392663 392758
392795 392870
392873 392949
392952 393007
393030 393062
393065 393134
393169 393539
393587 393894
393942 394026
394029 394154
394263 394406
394444 394695
394766 394914
394917 395088
395160 395247
395297 395497
395532 395631
395658 395791
395794 395850
395885 395961
395996 396069
396093 396212
396309 396421
396472 396531
396534 396591
396596 396660
396713 396837
396891 396933
396962 397132
397225 397370
397445 397620
397662 397779
397806 397957
397983 398109
398214 398547
398574 398694
398746 398838
398870 398968
399013 399137
399317 399389
399434 399600
399690 399691
399701 399751
399754 399847
399906 400005
400149 400151
400155 400225
400228 400298
400333 400524
400557 400835
400902 401110
401145 401305
401308 401497
401562 401673
401700 401797
401801 401847
401850 401929
401994 402147
402176 402318
402464 402526
402566 402720
402742 402881
402904 403213
403281 403480
403529 403602
403605 403823
403863 404079
404134 404225
404228 404438
404467 404540
404571 404636
404639 404761
404828 404890
404921 405027
405062 405139
405145 405266
405271 405331
405381 405447
405453 405517
405555 405784
405886 405968
405999 406134
406171 406249
406252 406397
406469 406545
406561 406647
406682 406861
406894 406985
406988 407038
407086 407124
407154 407206
407215 407331
407372 407457
407460 407635
407809 407811
407822 407927
407973 408190
408214 408280
408283 408348
408351 408407
408485 408552
408586 408676
408700 408919
408966 409185
409232 409317
409326 409473
409499 409617
409745 409911
409982 410058
410078 410257
410276 410278
410293 410437
410486 410589
410603 410679
410825 410879
410918 410975
410978 411096
411121 411190
411209 411347
411385 411549
411582 411673
411710 411824
411959 411961
411967 412032
412067 412225
412228 412367
412410 412455
412504 412726
412754 412813
412817 412893
412928 413122
413249 413251
413258 413334
413367 413552
413594 413690
413693 413736
413739 413831
413890 414084
414120 414246
414350 414442
414449 414451
414525 414581
414602 414764
414789 414903
414945 415058
415061 415183
415262 415292
415304 415373
415409 415456
415580 415640
415643 415703
415719 415793
415825 415907
415910 415952
415977 416135
416161 416266
416270 416307
416335 416419
416435 416483
416506 416616
416650 416872
416978 417050
417078 417237
417265 417316
417319 417494
417540 417575
417610 417882
417885 417934
417992 418169
418244 418246
418255 418348
418377 418496
418523 418632
418725 418794
418833 419091
419248 419347
419375 419538
419575 419741
419891 419941
419944 419988
420023 420156
420183 420186
420226 420272
420275 420314
420326 420384
420421 420543
420564 420639
420669 420793
420821 420881
420884 420983
421024 421182
421215 421379
421406 421565
421614 421665
421669 421720
421760 421814
421935 421936
421945 421960
421963 422057
422078 422192
422201 422333
422379 422555
422578 422747
422794 422796
422805 422911
422951 423020
423076 423276
423322 423684
423748 423811
423838 423901
423931 424109
424138 424197
424334 424336
424357 424444
424452 424551
424554 424706
424748 424921
424924 425042
425102 425331
425416 425563
425594 425691
425736 425832
425837 425889
425961 426175
426224 426386
426390 426491
426570 426724
426766 426953
426986 427082
427125 427287
427365 427483
427528 427870
427933 428198
428207 428270
428274 428276
428359 428525
428528 428578
428629 428893
428939 429070
429073 429075
429212 429275
429335 429388
429408 429466
429473 429571
429600 429651
429679 429913
430051 430052
430061 430117
430135 430284
430342 430413
430444 430596
430613 430714
430743 430808
430811 430895
430943 431128
431205 431265
431526 431579
431600 431649
431676 431799
431842 432074
432139 432248
432251 432432
432480 432637
432640 432708
432782 432936
432972 433269
433410 433412
433418 433566
433603 433629
433632 433823
433857 433927
434010 434012
434027 434080
434107 434147
434167 434303
434308 434378
434399 434568
434586 434725
434755 434785
434788 434855
434858 434933
434936 435001
435112 435157
435195 435248
435327 435461
435549 435655
435802 435802
435811 435911
435929 436003
436040 436088
436091 436127
436162 436337
436367 436430
436449 436562
436581 436686
436711 436939
436988 437048
437051 437104
437145 437294
437335 437432
437540 437614
437651 437770
437773 437847
437922 438030
438042 438114
438143 438315
438329 438415
438429 438478
438573 438610
438644 438830
438868 439088
439091 439141
439289 439427
439443 439513
439612 439713
439802 439803
439897 440052
440063 440110
440113 440197
440244 440347
440350 440442
440473 440672
440779 440827
440846 441027
441083 441227
441230 441304
441307 441365
441397 441568
441581 441605
441608 441653
441716 441956
442007 442105
442219 442270
442306 442453
442458 442576
442614 442737
442831 442832
442837 442938
442950 443064
443205 443207
443220 443362
443411 443484
443492 443563
443613 443699
443702 443743
443749 443807
443861 443888
443903 443972
444006 444060
444063 444158
444161 444235
444251 444306
444375 444377
444388 444443
444486 444606
444632 444709
444852 444885
444922 445001
445006 445079
445131 445264
445433 445461
445464 445503
445506 445616
445663 445852
445892 446060
446171 446249
446266 446303
446306 446365
446458 446486
446507 446575
446606 446715
446745 446839
446874 447042
447139 447249
447298 447457
447494 447576
447608 447664
447667 447765
447768 447959
448008 448065
448088 448222
448225 448360
448399 448562
448588 448745
448784 449010
449087 449115
449118 449217
449242 449326
449340 449412
449437 449540
449625 449627
449679 449793
449861 449922
449948 450220
450230 450232
450244 450261
450264 450314
450323 450452
450496 450619
450688 450768
450788 450859
450903 451042
451072 451212
451232 451374
451494 451527
451542 451625
451643 451731
451741 451747
451753 451849
451887 452091
452192 452295
452310 452403
452430 452474
452493 452602
452639 452716
452738 452848
452869 452982
453001 453062
453065 453167
453302 453303
453316 453407
453487 453541
453569 453743
453746 453905
454031 454166
454310 454312
454320 454445
454469 454543
454594 454678
454739 455018
455055 455112
455139 455292
455347 455410
455434 455573
455620 455739
455866 455903
455977 456117
456176 456354
456384 456482
456535 456723
456873 456905
456935 457025
457070 457126
457131 457310
457344 457362
457365 457518
457621 457747
457756 457932
457972 458080
458103 458114
458117 458255
458401 458550
458608 458693
458697 458776
458883 459128
459174 459224
459261 459358
459406 459562
459673 459815
459860 460047
460099 460195
460198 460360
460470 460568
460571 460617
460657 460825
460886 461115
461167 461318
461398 461515
461569 461745
461775 461991
462151 462152
462162 462328
462387 462456
462466 462574
462577 462675
462748 462875
462878 463020
463039 463142
463203 463497
463551 463873
464017 464092
464137 464238
464276 464456
464540 464572
464622 464734
464754 464855
464858 464967
465026 465260
465386 465388
465513 465610
465640 465722
465767 465896
465950 466095
466123 466329
466336 466383
466418 466519
466670 466672
466684 466734
466752 466927
466961 467160
467193 467273
467278 467408
467453 467564
467576 467716
467803 467908
467911 468054
468134 468191
468238 468390
468539 468602
468631 468855
468913 468984
469051 469052
469057 469203
469211 469307
469405 469407
469416 469522
469602 469661
469715 470015
470178 470381
470428 470492
470505 470608
470655 470780
470832 470986
470989 471044
471123 471126
471133 471279
471370 471577
471799 471801
471870 471969
471972 472031
472085 472164
472167 472215
472219 472221
472319 472433
472446 472542
472584 472621
472633 472753
472757 472843
472879 472954
472962 473071
473118 473176
473192 473275
473283 473451
473501 473602
473609 473611
473680 473744
473816 473909
473979 473981
473993 474070
474095 474151
474154 474198
474203 474275
474314 474361
474366 474553
474584 474733
474769 474857
474864 474956
475017 475223
475226 475304
475334 475493
475496 475572
475648 475819
475846 475933
475936 476100
476151 476243
476289 476325
476328 476484
476522 476594
476597 476650
476653 476789
476810 476828
476831 476873
476894 477051
477080 477143
477146 477221
477254 477465
477489 477592
477598 477601
477755 477835
477889 478129
478206 478410
478449 478627
478684 478816
478844 478908
478919 478921
479092 479170
479209 479403
479455 479517
479553 479744
479796 479847
479884 480038
480078 480337
480403 480441
480483 480695
480744 480794
480834 480937
480967 481162
481213 481443
481446 481490
481540 481668
481690 481933
481940 481941
482083 482190
482227 482331
482363 482535
482575 482610
482652 482754
482759 482761
482933 483017
483059 483168
483175 483281
483284 483378
483420 483466
483469 483512
483554 483639
483642 483741
483852 483979
484017 484258
484269 484360
484447 484554
484587 484677
484680 484770
484813 484836
484839 485103
485130 485174
485177 485237
485240 485330
485398 485404
485410 485474
485477 485591
485594 485647
485742 485974
486018 486300
486335 486402
486405 486571
486623 486725
486765 486949
486959 486961
487141 487313
487365 487527
487586 487638
487656 487790
487925 488085
488088 488151
488204 488376
488433 488603
488634 488683
488686 488736
488739 488741
488891 489073
489117 489190
489193 489237
489273 489388
489391 489454
489457 489495
489499 489501
489623 489687
489690 489770
489773 489795
489798 489844
489921 489977
489981 490041
490044 490219
490270 490360
490405 490528
490531 490569
490572 490575
490654 490713
490745 490914
490952 491007
491010 491011
491093 491195
491269 491353
491519 491570
491576 491729
491764 491866
491871 492062
492092 492195
492288 492342
492373 492476
492479 492554
492565 492668
492671 492729
492738 492831
492839 492841
492926 492989
493019 493078
493095 493274
493301 493395
493399 493401
493563 493592
493595 493638
493676 493812
493844 494139
494210 494462
494493 494639
494669 494770
494813 495040
495071 495328
495432 495487
495525 495663
495707 495852
495855 495960
495965 496014
496042 496107
496136 496215
496278 496364
496370 496438
496444 496533
496572 496756
496759 497031
497116 497294
497297 497386
497389 497391
497517 497611
497658 497787
497825 497990
498014 498076
498139 498267
498272 498395
498566 498605
498664 498732
498756 498838
498877 498983
499056 499180
499183 499274
499277 499280
499375 499551
499591 499719
499730 499731
499891 499949
499999 500177
500231 500361
500393 500585
500610 500742
500745 500789
500826 500880
500889 500891
500934 500965
501001 501051
501054 501056
501162 501216
501239 501390
501429 501493
501496 501601
501604 501675
501682 501751
501836 501979
502066 502199
502229 502321
502324 502460
502463 502561
502637 502816
502865 502941
502944 503013
503080 503096
503099 503145
503184 503341
503410 503498
503617 503722
503732 503803
503856 503958
503962 504034
504037 504104
504110 504111
504276 504347
504383 504528
504563 504669
504707 504790
504794 504889
504949 505016
505063 505301
505349 505605
505659 505771
505808 506050
506083 506246
506361 506436
506482 506565
506580 506680
506745 506809
506812 506882
506930 506985
506988 507112
507139 507241
507297 507409
507444 507606
507643 507801
507858 507893
507924 508008
508043 508300
508344 508484
508504 508597
508711 508907
508939 509218
509281 509293
509296 509464
509500 509657
509754 509805
509858 509996
510066 510318
510425 510493
510496 510611
510666 510686
510689 510776
510779 510924
510961 511008
511109 511111
511122 511173
511176 511233
511298 511489
511526 511631
511635 511726
511879 511881
511884 511918
511958 512080
512125 512153
512187 512297
512334 512486
512745 512747
512771 512921
512968 512998
513041 513156
513189 513316
513325 513411
513438 513583
513728 513795
513827 513932
513935 513996
513999 514047
514098 514334
514382 514481
514547 514619
514657 514854
514885 515025
515028 515087
515152 515203
515232 515392
515428 515639
515683 515884
515959 516114
516149 516228
516271 516391
516428 516530
516533 516650
516682 516859
516897 517056
517065 517182
517210 517414
517425 517515
517604 517667
517677 517752
517815 517884
517934 518085
518158 518261
518363 518406
518450 518583
518613 518624
518627 518709
518734 518921
518924 518985
518988 519058
519201 519469
519509 519537
519540 519683
519718 519843
519929 520044
520047 520092
520131 520230
520259 520315
520346 520413
520547 520590
520593 520639
520647 520754
520809 520879
520893 520979
521025 521106
521109 521200
521260 521437
521512 521652
521793 521861
521911 521987
521993 522091
522123 522193
522207 522269
522401 522526
522530 522551
522554 522604
522636 522762
522765 522821
522919 522921
522931 523021
523043 523155
523206 523316
523332 523427
523439 523441
523545 523616
523619 523719
523741 523832
523835 523923
523926 523965
524039 524145
524178 524243
524246 524367
524370 524437
524499 524596
524599 524601
524713 524805
524808 524908
524952 525011
525025 525098
525101 525148
525159 525161
525242 525288
525306 525392
525422 525642
525739 525741
525749 525857
525929 526059
526136 526189
526193 526250
526292 526345
526354 526467
526471 526564
526569 526571
526699 526757
526793 526895
526937 526996
526999 527086
527129 527203
527206 527414
527460 527706
527869 527871
527876 527941
527944 527991
528017 528094
528156 528322
528363 528466
528557 528739
528859 528861
528866 528886
528889 529043
529082 529124
529128 529131
529247 529318
529357 529496
529550 529771
529782 529859
529889 529966
530008 530203
530253 530399
530433 530652
530736 530980
531015 531166
531169 531325
531355 531410
531460 531461
531475 531688
531714 531827
531860 531952
532039 532041
532045 532218
532250 532544
532617 532695
532699 532763
532782 532871
532940 533024
533102 533139
533143 533284
533339 533471
533543 533682
533724 533923
534004 534087
534094 534150
534159 534161
534277 534337
534375 534402
534405 534473
534476 534592
534628 534718
534721 534803
534889 534891
534903 535084
535121 535237
535241 535426
535457 535592
535682 535840
535849 535851
536011 536126
536157 536302
536356 536525
536556 536821
536829 536831
536939 537006
537011 537035
537038 537070
537096 537280
537301 537489
537528 537732
537754 537886
537912 537965
537993 538095
538179 538181
538184 538248
538283 538379
538425 538511
538577 538680
538741 538851
538891 539018
539052 539115
539126 539346
539392 539491
539521 539605
539666 539732
539765 539934
539968 540112
540115 540168
540207 540406
540458 540541
540544 540584
540587 540650
540763 540966
541043 541096
541103 541141
541173 541252
541349 541351
541354 541385
541388 541447
541486 541730
541799 541852
541877 541970
541980 542057
542209 542211
542221 542234
542237 542499
542609 542611
542688 542742
542777 542949
542994 543202
543239 543464
543552 543589
543606 543632
543641 543734
543783 543901
543926 543996
544019 544120
544183 544362
544493 544502
544505 544581
544597 544742
544746 544854
544879 544892
544895 544952
544955 545011
545071 545072
545078 545165
545197 545320
545343 545532
545535 545592
545738 545754
545780 545898
545902 545975
546005 546088
546103 546162
546206 546311
546340 546417
546422 546562
546651 546652
546663 546713
546764 546992
546995 547136
547183 547275
547310 547444
547560 547626
547678 547760
547791 547934
547941 548033
548073 548208
548211 548263
548275 548302
548448 548493
548496 548624
548635 548692
548735 548766
548769 548898
548922 549172
549280 549325
549352 549452
549477 549627
549655 549694
549718 549800
549834 549987
549990 550039
550071 550072
550083 550268
550470 550472
550483 550583
550620 550782
550786 550860
550872 550965
551019 551227
551265 551327
551480 551532
551535 551615
551671 551959
551962 552021
552064 552169
552222 552423
552426 552483
552590 552659
552692 552798
552821 552978
552981 553067
553130 553180
553203 553348
553387 553536
553567 553660
553682 553825
553865 554083
554120 554247
554250 554357
554399 554496
554509 554608
554646 554815
554867 554947
554950 555070
555152 555324
555357 555410
555413 555584
555612 555766
555818 556055
556096 556159
556162 556308
556311 556384
556445 556480
556514 556682
556716 556801
556828 556959
556998 557129
557132 557342
557381 557494
557541 557724
557783 557901
557904 557976
558008 558175
558179 558181
558190 558227
558230 558268
558271 558381
558442 558524
558561 558691
558779 558781
558786 558977
559019 559084
559299 559301
559309 559559
559595 559752
559830 559881
559922 560047
560084 560161
560164 560238
560274 560333
560365 560496
560576 560714
560717 560792
560860 560991
561119 561121
561124 561199
561208 561259
561262 561306
561348 561417
561449 561606
561704 561839
561879 562034
562037 562104
562125 562215
562291 562434
562490 562530
562563 562683
562715 562847
562884 563017
563053 563177
563241 563365
563403 563610
563613 563736
563781 563887
563924 564040
564100 564101
564108 564286
564289 564338
564391 564552
564586 564702
564830 564945
564989 565060
565066 565143
565170 565300
565333 565463
565495 565600
565645 565773
565949 565951
565956 566028
566031 566143
566213 566367
566370 566509
566545 566591
566595 566732
566760 566845
566849 566981
567029 567114
567121 567248
567289 567465
567500 567686
567723 567768
567805 567866
567869 567938
567958 568104
568107 568187
568234 568314
568317 568443
568491 568591
568594 568682
568774 568901
568968 569094
569097 569234
569237 569240
569277 569538
569585 569613
569666 569763
569805 569929
570030 570176
570220 570442
570550 570551
570555 570669
570697 570835
570989 570991
571161 571412
571459 571659
571725 572014
572050 572198
572246 572297
572300 572341
572375 572467
572502 572707
572732 572962
573009 573118
573165 573167
573171 573271
573386 573388
573395 573605
573667 573834
573886 573892
573898 573978
574013 574222
574268 574356
574377 574488
574577 574640
574689 574780
574853 574899
574937 575050
575096 575358
575376 575418
575428 575495
575607 575610
575614 575765
575768 575827
575890 575939
575942 575986
575989 576033
576146 576147
576157 576354
576364 576480
576551 576634
576638 576713
576729 576816
576861 577038
577088 577314
577342 577486
577532 577757
577795 577885
577890 577933
577936 578002
578081 578216
578271 578403
578545 578547
578551 578661
578665 578728
578761 578879
578924 579069
579121 579240
579244 579367
579427 579497
579525 579582
579585 579628
579631 579708
579793 579909
579935 580075
580088 580111
580145 580339
580346 580395
580426 580604
580607 580671
580674 580715
580748 580868
580921 581164
581167 581185
581188 581254
581320 581378
581381 581443
581478 581623
581664 581724
581733 581797
581806 581891
581949 582038
582082 582184
582187 582238
582262 582448
582478 582595
582598 582668
582749 582840
582854 582962
583005 583165
583189 583295
583298 583389
583447 583615
583647 583729
583776 583879
583882 583945
584014 584064
584092 584355
584388 584542
584587 584662
584682 584755
584759 584818
584838 584900
584903 584946
584949 584951
584993 585079
585095 585154
585172 585300
585328 585422
585552 585564
585596 585761
585772 585849
585899 586082
586200 586318
586335 586336
586348 586455
586488 586634
586653 586764
586825 586992
586995 587044
587083 587172
587218 587387
587402 587460
587539 587666
587669 587740
587879 587881
587886 587994
588013 588110
588189 588279
588300 588372
588545 588642
588645 588744
588762 588926
588963 589069
589090 589181
589216 589311
589408 589526
589552 589617
589690 589854
589880 589980
589984 590053
590150 590151
590161 590216
590227 590278
590366 590426
590430 590632
590707 590859
590876 591033
591079 591181
591212 591299
591409 591411
591414 591454
591457 591498
591528 591627
591669 591820
591824 591928
592063 592089
592131 592241
592283 592374
592379 592452
592550 592608
592640 592860
592901 593074
593133 593197
593200 593340
593397 593549
593601 593772
593859 593861
593864 593995
593998 594144
594171 594269
594294 594433
594456 594615
594643 594754
594780 594922
595029 595031
595042 595121
595147 595332
595367 595518
595550 595678
595792 595793
595894 595994
596022 596067
596070 596119
596122 596311
596355 596476
596484 596554
596600 596840
596938 597109
597148 597254
597291 597457
597563 597655
597658 597802
597849 598045
598050 598197
598258 598361
598378 598440
598482 598705
598798 598855
598872 598961
598987 599255
599277 599372
599384 599460
599469 599588
599646 599770
599783 599892
599967 600067
600109 600239
600282 600410
600415 600446
600449 600627
600782 600840
600880 601094
601168 601489
601545 601617
601620 601759
601768 601899
601972 602165
602268 602324
602334 602492
602558 602697
602792 602859
602864 603012
603044 603359
603430 603599
603623 603741
603793 603924
603964 604101
604155 604240
604245 604341
604376 604478
604481 604643
604722 604932
604945 605010
605013 605117
605196 605315
605348 605419
605439 605514
605564 605643
605646 605758
605790 605978
606017 606133
606144 606259
606377 606435
606484 606645
606740 606895
606959 606985
606988 607235
607238 607326
607373 607445
607448 607720
607762 607843
607846 607912
607956 608046
608049 608142
608206 608445
608478 608765
608772 608773
608785 608895
608901 608934
608937 609009
609073 609174
609221 609283
609287 609342
609351 609656
609721 609813
609817 610132
610188 610294
610316 610337
610340 610423
610476 610591
610594 610644
610647 610817
610820 610823
610924 611106
611145 611232
611403 611405
611408 611455
611476 611501
611505 611584
611587 611727
611765 611829
611863 611935
612027 612214
612280 612419
612422 612503
612506 612508
612612 612758
612761 612763
612911 612993
613041 613241
613244 613306
613311 613313
613413 613453
613477 613544
613577 613766
613771 613773
613929 614015
614018 614105
614115 614224
614283 614490
614598 614809
614861 614965
614996 615215
615276 615602
615696 615733
615766 615836
615868 615874
615879 615997
616047 616185
616188 616285
616288 616336
616375 616589
616668 616766
616769 616878
616926 616979
616982 617115
617119 617390
617503 617616
617656 617755
617758 617836
617903 618082
618136 618263
618266 618417
618523 618789
618822 619015
619114 619184
619187 619283
619286 619334
619363 619407
619411 619413
619496 619600
619640 619823
619868 620003
620011 620013
620161 620325
620370 620614
620621 620623
620703 620733
620743 620809
620812 620926
620931 620933
621023 621077
621108 621238
621262 621342
621392 621481
621498 621667
621693 621912
621915 622004
622041 622232
622266 622401
622427 622541
622545 622615
622721 622723
622735 622819
622822 622848
622898 623013
623053 623166
623169 623226
623231 623233
623300 623356
623360 623440
623484 623558
623612 623700
623723 623921
623931 623933
624019 624070
624102 624181
624213 624348
624361 624468
624552 624753
624756 624926
624965 625143
625151 625153
625263 625444
625493 625714
625739 625827
625830 625908
625954 626023
626066 626235
626263 626494
626501 626503
626651 626692
626722 626854
626909 626947
626950 627000
627022 627217
627220 627274
627326 627411
627448 627503
627506 627619
627643 627845
627901 628081
628188 628190
628193 628295
628334 628401
628404 628482
628514 628605
628645 628763
628766 628833
628880 628994
629028 629168
629171 629300
629381 629383
629394 629503
629540 629747
629772 629956
629985 630130
630179 630267
630270 630317
630431 630433
630436 630539
630563 630739
630801 630940
630966 631232
631282 631357
631373 631444
631480 631512
631515 631679
631691 631693
631779 631828
631854 631949
631986 632015
632056 632161
632206 632362
632403 632537
632573 632664
632679 632776
632781 632783
632978 633137
633174 633294
633328 633445
633516 633695
633701 633703
633790 633830
633846 633871
633874 633959
633989 634176
634187 634250
634261 634263
634343 634638
634681 634695
634698 634851
634854 635071
635161 635163
635166 635353
635356 635383
635456 635497
635581 635638
635642 635661
635664 635739
635790 635856
635860 635863
635951 636001
636004 636075
636141 636405
636448 636575
636615 636791
636796 636856
636912 636947
636963 637055
637059 637116
637119 637162
637271 637273
637279 637400
637471 637473
637482 637562
637565 637690
637747 637812
637815 637841
637855 637906
637934 638013
638017 638116
638160 638213
638242 638347
638353 638438
638462 638508
638511 638617
638668 638824
638828 638906
639031 639033
639040 639252
639255 639395
639507 639614
639617 639758
639761 639803
639845 639913
639921 639923
639998 640281
640331 640333
640447 640586
640589 640718
640721 640834
640862 640979
641043 641095
641104 641453
641508 641539
641542 641667
641670 641783
641819 641890
641926 642020
642056 642165
642301 642444
642484 642486
642494 642558
642564 642566
642672 642725
642752 642999
643021 643126
643129 643145
643150 643216
643220 643291
643339 643535
643559 643710
643884 643886
643897 643956
643975 644027
644030 644073
644116 644211
644214 644287
644290 644547
644591 644723
644786 644870
644874 644974
644977 645066
645144 645146
645156 645255
645287 645393
645396 645573
645603 645720
645742 645771
645793 645839
645842 645891
645928 646125
646185 646274
646302 646363
646366 646517
646527 646607
646610 646661
646744 646882
646916 647085
647132 647161
647164 647284
647311 647375
647389 647391
647409 647449
647478 647541
647544 647546
647645 647697
647707 647733
647736 647820
647874 648044
648079 648385
648564 648566
648573 648657
648690 648795
648830 648966
649011 649118
649168 649289
649323 649469
649529 649595
649629 649865
649869 649872
649988 650030
650033 650146
650205 650320
650328 650453
650556 650611
650638 650742
650790 650874
650877 650931
651046 651105
651108 651206
651209 651263
651370 651424
651427 651492
651554 651684
651734 651887
651890 651982
651985 652048
652081 652204
652244 652246
652249 652417
652472 652510
652513 652636
652681 652784
652787 652867
652870 652978
653039 653220
653258 653416
653492 653535
653569 653671
653679 653772
653775 653948
653988 654056
654080 654171
654242 654380
654410 654523
654577 654749
654776 654825
654828 654933
654973 655164
655167 655340
655391 655488
655491 655608
655649 655921
655924 656060
656103 656199
656205 656301
656344 656487
656586 656633
656662 656778
656781 656953
656998 657388
657414 657587
657717 657887
657920 658019
658023 658233
658296 658490
658514 658676
658679 658806
658848 659096
659129 659198
659337 659497
659523 659771
659776 659868
659894 660003
660006 660095
660109 660178
660217 660385
660390 660581
660587 660662
660700 660813
660816 660962
661004 661158
661202 661242
661245 661289
661292 661369
661372 661469
661511 661659
661662 661769
661779 661781
661877 661956
662027 662095
662121 662228
662315 662462
662468 662531
662639 662641
662652 662687
662690 662749
662771 662844
662847 662958
662961 663005
663045 663183
663209 663280
663283 663327
663330 663492
663555 663647
663670 663754
663758 663760
663866 663942
663984 664035
664038 664085
664104 664106
664125 664210
664226 664355
664369 664371
664436 664656
664693 664789
664828 665031
665159 665161
665166 665230
665282 665461
665516 665679
665738 665784
665797 665895
665939 665941
665949 666008
666062 666123
666132 666218
666339 666341
666351 666402
666425 666512
666549 666674
666703 666782
666785 666915
667019 667021
667024 667090
667113 667223
667239 667318
667342 667392
667420 667621
667748 667868
667909 668075
668149 668296
668340 668386
668389 668508
668511 668629
668672 668913
668916 668968
668971 669142
669174 669241
669244 669330
669333 669514
669558 669800
669803 670149
670199 670286
670315 670441
670479 670517
670520 670622
670625 670692
670716 670991
671089 671243
671246 671326
671366 671427
671431 671553
671602 671798
671847 671882
671885 672000
672020 672303
672306 672471
672509 672647
672760 672929
672932 673017
673020 673134
673173 673395
673425 673535
673538 673683
673736 673810
673813 673903
673924 674053
674098 674402
674405 674451
674543 674608
674620 674692
674706 674780
674876 674878
674883 674909
674912 674964
674984 675080
675138 675287
675323 675541
675656 675658
675664 675744
675765 675866
675903 675965
675996 676051
676054 676110
676115 676250
676281 676401
676496 676498
676514 676553
676609 676649
676720 676755
676840 676898
676961 677120
677151 677220
677225 677248
677314 677458
677481 677536
677687 677717
677738 677812
677835 678092
678120 678231
678236 678369
678429 678486
678519 678651
678698 678766
678769 678980
678989 679082
679186 679261
679300 679457
679497 679757
679760 679848
679969 680040
680043 680095
680098 680187
680227 680324
680327 680398
680401 680449
680463 680603
680664 680704
680707 680994
681050 681240
681287 681401
681404 681503
681542 681805
681842 681932
681994 682164
682201 682312
682315 682593
682691 682831
682867 683016
683086 683143
683176 683207
683210 683354
683411 683463
683481 683578
683581 683650
683710 683815
683818 683886
683901 684092
684097 684098
684158 684226
684263 684470
684555 684690
684740 684858
684861 684945
684960 685155
685190 685307
685340 685448
685473 685571
685604 685777
685819 686012
686038 686145
686214 686334
686337 686338
686455 686529
686534 686631
686672 686842
686906 687144
687178 687306
687344 687461
687464 687575
687598 687673
687746 687748
687753 687884
687887 688006
688030 688077
688080 688142
688177 688258
688328 688554
688656 688690
688699 688775
688803 689031
689056 689097
689100 689173
689336 689338
689342 689479
689482 689528
689573 689777
689827 690099
690102 690151
690163 690234
690282 690357
690360 690529
690636 690855
690892 691181
691259 691440
691473 691594
691624 691750
691753 691880
691883 691971
691974 692119
692163 692227
692230 692256
692259 692334
692337 692506
692547 692897
693013 693068
693096 693267
693270 693406
693445 693541
693601 693823
693877 694067
694070 694176
694221 694391
694430 694480
694486 694548
694551 694623
694757 694957
694982 695072
695111 695390
695393 695432
695435 695511
695582 695673
695677 695877
695880 695968
695982 696135
696144 696225
696233 696311
696314 696389
696394 696454
696547 696580
696583 696806
696839 696948
696951 697049
697086 697298
697304 697391
697424 697484
697487 697644
697647 697700
697829 698167
698186 698188
698229 698266
698269 698332
698374 698486
698511 698669
698672 698832
698875 698983
699016 699104
699131 699233
699241 699358
699383 699438
699444 699506
699530 699606
699622 699731
699757 699972
699998 700147
700227 700277
700292 700377
700381 700383
700479 700505
700508 700580
700586 700746
700749 700839
700847 700927
700948 701033
701056 701202
701236 701271
701274 701375
701419 701637
701680 701931
702071 702073
702083 702311
702314 702457
702496 702597
702601 702698
702755 702974
702977 703122
703125 703188
703295 703349
703368 703441
703476 703637
703671 703741
703744 703954
703996 704215
704308 704475
704616 705056
705115 705167
705214 705262
705268 705317
705321 705362
705411 705450
705453 705602
705634 705789
705827 705969
706049 706086
706089 706138
706142 706186
706195 706253
706284 706400
706444 706644
706677 706767
706818 706916
706919 707110
707232 707272
707302 707503
707581 707630
707656 707763
707782 707853
707888 708089
708131 708264
708269 708396
708514 708566
708622 708807
708810 708878
708935 709072
709107 709230
709233 709313
709347 709507
709570 709673
709693 709763
709766 709810
709863 710080
710117 710301
710454 710526
710573 710689
710692 710772
710823 710896
710942 711026
711029 711117
711169 711260
711263 711265
711454 711480
711484 711504
711507 711587
711612 711640
711643 711701
711726 711887
711923 712135
712159 712311
712314 712434
712478 712641
712673 712818
712821 712906
712937 712986
712989 713140
713152 713153
713264 713377
713423 713600
713653 713876
713914 714046
714080 714187
714229 714435
714518 714558
714589 714717
714750 714875
714920 715057
715061 715063
715214 715337
715377 715509
715554 715694
715789 715885
715892 715986
716030 716061
716064 716146
716202 716248
716251 716343
716346 716431
716468 716586
716591 716593
716666 716725
716767 716916
716956 717166
717260 717325
717350 717419
717448 717563
717571 717573
717751 717901
717939 718049
718094 718156
718225 718313
718390 718445
718448 718490
718525 718658
718679 718779
718782 718976
719018 719298
719453 719517
719543 719820
719864 719945
719948 720136
720142 720143
720236 720305
720349 720518
720579 720719
720782 720827
720847 720920
720945 721114
721121 721123
721239 721378
721382 721557
721585 721639
721642 721696
721753 721814
721821 721957
721962 722165
722189 722287
722327 722391
722394 722488
722491 722493
722611 722713
722763 722969
723030 723255
723291 723335
723338 723473
723589 723767
723796 723998
724026 724093
724097 724188
724197 724268
724322 724440
724443 724590
724639 724682
724691 724820
724823 724910
724966 725035
725117 725209
725213 725215
725380 725417
725454 725500
725503 725548
725590 725753
725760 725823
725832 725833
726054 726179
726188 726303
726348 726439
726466 726623
726873 727076
727082 727175
727210 727366
727462 727649
727702 727903
727926 728011
728087 728154
728197 728357
728361 728363
728571 728712
728755 729042
729089 729234
729242 729329
729332 729388
729436 729563
729585 729630
729642 729709
729714 729800
729906 729976
729979 730030
730087 730162
730165 730310
730315 730395
730461 730588
730595 730676
730683 730773
730831 730842
730845 730980
730983 731056
731122 731261
731277 731373
731464 731522
731525 731693
731735 731793
731796 732006
732070 732164
732200 732319
732365 732475
732482 732608
732612 732691
732694 732806
732850 732974
733007 733241
733337 733401
733443 733538
733565 733639
733646 733770
733815 734081
734117 734364
734542 734726
734787 734845
734848 734945
734986 735259
735262 735263
735322 735416
735421 735423
735535 735617
735651 735799
735845 735931
735935 735956
735962 736034
736041 736043
736135 736256
736259 736323
736331 736333
736490 736553
736560 736672
736714 736873
736883 736958
736970 737033
737106 737155
737158 737207
737239 737383
737386 737492
737530 737612
737615 737661
737664 737709
737713 737787
737791 737793
737952 738214
738245 738289
738292 738458
738461 738463
738543 738592
738632 738796
738806 738885
738955 739124
739131 739133
739227 739339
739342 739389
739392 739446
739479 739613
739617 739696
739701 739703
739818 739884
739887 740090
740138 740157
740160 740349
740394 740560
740563 740677
740723 740831
740837 740966
740969 741088
741091 741093
741343 741506
741534 741659
741662 741663
741769 741918
741953 742066
742069 742120
742129 742207
742211 742283
742358 742406
742413 742458
742461 742463
742614 742681
742708 742783
742786 742806
742818 742902
742905 743016
743021 743023
743097 743171
743248 743468
743545 743737
743789 743944
743947 744103
744108 744345
744351 744353
744456 744586
744654 744746
744766 744874
744941 744943
744951 745161
745242 745340
745343 745472
745499 745668
745671 745673
745772 746026
746029 746279
746341 746388
746409 746584
746627 746865
746912 747273
747417 747505
747538 747672
747678 747831
747871 748025
748056 748095
748098 748141
748144 748301
748376 748611
748621 748623
748793 748945
748948 749018
749021 749023
749151 749222
749225 749297
749336 749389
749392 749504
749508 749580
749583 749682
749771 749773
749785 749882
749930 750035
750038 750124
750206 750280
750285 750465
750497 750648
750651 750706
750712 750713
750816 751018
751045 751217
751225 751346
751351 751393
751401 751403
751553 751762
751767 751792
751812 751978
752027 752302
752406 752445
752453 752635
752670 752769
752772 752838
752873 752963
752969 753076
753081 753083
753201 753356
753359 753441
753502 753570
753573 753673
753761 753946
754007 754198
754201 754203
754290 754456
754516 754614
754621 754623
754723 754755
754785 754958
754981 755138
755141 755143
755278 755323
755326 755510
755542 755677
755709 755842
755862 756041
756082 756145
756174 756376
756484 756487
756529 756687
756742 756949
756976 757060
757063 757116
757153 757261
757264 757363
757366 757428
757492 757683
757723 757791
757801 757868
757871 757947
757994 758115
758147 758250
758258 758372
758486 758725
758788 758890
758895 759032
759070 759140
759143 759227
759230 759269
759309 759558
759650 759717
759741 759908
759931 760064
760121 760173
760176 760249
760276 760314
760317 760373
760408 760593
760669 760854
760913 760948
760966 761120
761161 761472
761583 761650
761653 761752
761779 761920
761959 762055
762058 762172
762228 762260
762264 762333
762386 762592
762629 762810
762813 762815
762892 762967
762970 763134
763195 763197
763205 763257
763322 763427
763435 763437
763500 763540
763565 763677
763727 763800
763805 763807
763854 763911
763915 763917
764014 764073
764076 764157
764162 764272
764275 764277
764380 764517
764525 764527
764579 764712
764715 764717
764838 765009
765031 765125
765177 765308
765311 765392
765395 765397
765569 765728
765791 765914
765940 766196
766236 766332
766335 766392
766439 766599
766636 766681
766684 766775
766779 766865
766945 766997
767010 767160
767180 767372
767375 767377
767471 767521
767525 767617
767629 767833
767916 767970
768010 768147
768150 768219
768224 768295
768337 768468
768471 768523
768625 768817
768852 769096
769157 769266
769269 769339
769362 769423
769527 769775
769810 769823
769826 769884
769891 769941
769953 770114
770270 770360
770394 770410
770498 770529
770565 770586
770589 770628
770631 770739
770767 770828
770838 770840
770960 771114
771117 771225
771228 771230
771292 771389
771467 771537
771540 771652
771684 771792
771795 771872
771878 771880
771952 772002
772008 772010
772131 772209
772241 772294
772297 772338
772341 772421
772442 772514
772518 772520
772579 772654
772657 772658
772732 772792
772797 772800
772943 773011
773019 773073
773109 773298
773331 773390
773393 773487
773552 773876
773944 774122
774154 774329
774333 774481
774623 774682
774686 774895
774898 775005
775091 775255
775258 775260
775299 775342
775348 775350
775487 775619
775651 775695
775698 775746
775749 775925
775928 776224
776271 776401
776433 776597
776631 776969
777084 777262
777309 777454
777462 777463
777514 777567
777639 777747
777751 777753
777828 778095
778101 778103
778164 778218
778221 778223
778302 778522
778557 778750
778761 778763
778868 778985
778988 779090
779124 779281
779319 779433
779436 779514
779611 779613
779627 779751
779811 779813
779817 779917
779971 779973
779982 780078
780081 780083
780202 780273
780288 780342
780345 780482
780533 780638
780641 780758
780844 780967
781021 781227
781272 781307
781310 781463
781558 781728
781767 781952
781957 782078
782135 782292
782299 782375
782542 782543
782621 782746
782762 782863
782951 782953
782960 783020
783023 783144
783147 783203
783206 783289
783347 783514
783581 783583
783593 783806
783811 783813
783940 784029
784064 784170
784210 784369
784372 784375
784459 784497
784536 784762
784772 784773
784841 785028
785052 785339
785383 785581
785671 785673
785678 785768
785805 785937
785940 786045
786163 786199
786202 786355
786385 786546
786551 786553
786653 786702
786705 786764
786767 786770
786923 787052
787080 787293
787331 787553
787620 787743
787920 788022
788028 788138
788229 788273
788318 788453
788476 788557
