36 251
292 462
543 694
721 879
899 1076
1215 1414
1467 1620
1627 1809
1857 2019
2177 2506
2559 2565
2582 2861
2962 3129
3181 3235
3311 3371
3374 3426
3429 3431
3589 3784
3811 4131
4311 4393
4440 4689
4704 4808
4881 5013
5018 5064
5174 5454
5573 5758
5767 5930
5933 5980
6173 6309
6367 6621
6651 6787
6870 7061
7251 7462
7499 7638
7674 7994
7997 8057
8279 8396
8399 8401
8850 8855
8940 9006
9057 9295
9363 9506
9509 9511
9691 9776
9779 9900
9932 9939
9962 10112
10242 10395
10477 10589
10610 10796
10894 10900
10945 11069
11082 11615
11696 11793
11888 11986
11997 12188
12335 12642
12851 12904
12921 13028
13031 13296
13338 13404
13461 13567
13660 13793
13945 14186
14229 14277
14284 14333
14579 14887
14959 15385
15388 15391
15505 15651
15697 15948
15989 16206
16209 16211
16334 16540
16596 16730
16942 17224
17265 17315
17320 17556
17618 17903
17908 18382
18468 19171
19384 19534
19537 19666
19719 20060
20113 20518
20578 21043
21053 21148
21183 21191
21210 21363
21390 21542
21548 21550
21673 21738
21810 22040
22067 22125
22177 22268
22424 22558
22640 22747
22938 22940
22945 23309
23349 23453
23529 23809
23869 23928
23933 24066
24124 24240
24263 24404
24435 24472
24611 24742
24882 25019
25038 25133
25174 25285
25347 25488
25578 25651
25675 25888
25912 25956
26012 26251
26331 26577
26630 26861
26889 26895
26932 26961
26964 27064
27068 27070
27207 27523
27597 28044
28048 28050
28255 28346
28404 28567
28662 28917
28920 28944
28947 29182
29221 29431
29480 29622
29758 29760
29771 29869
29946 30091
30180 30194
30213 30319
30350 30417
30572 30681
30731 30862
30986 31169
31228 31547
31617 31870
31934 32039
32063 32169
32188 32300
32330 32383
32419 32523
32528 32530
32712 32811
32953 33085
33088 33090
33248 33304
33398 33458
33595 33697
34190 34207
34367 34373
34429 34613
34636 34726
34729 34946
35068 35157
35210 35324
35441 35572
35631 35716
35864 35890
35893 35945
35955 36214
36240 36465
36468 36569
36661 36824
36874 37101
37156 37237
37252 37358
37361 37380
37387 37508
37592 37611
37621 37670
37692 37873
37910 38196
38203 38270
38275 38277
38353 38359
38421 38777
38785 38787
38959 39212
39217 39316
39362 39550
39553 39759
39762 39763
39875 39932
40025 40127
40226 40390
40603 40793
40796 40862
40911 41348
41394 41751
41791 41915
41951 41984
41987 42059
42076 42386
42462 42698
42707 42749
42789 42994
43032 43194
43214 43371
43406 43542
43551 43817
43855 43857
43920 43973
43997 44046
44104 44258
44449 44529
44571 44694
44769 44978
45033 45036
45190 45253
45351 45391
45470 45699
45702 45726
45729 45807
45811 45839
45842 45893
45970 46128
46221 46269
46275 46482
46550 46787
46864 46995
47023 47116
47154 47285
47294 47297
47560 47661
47775 47896
48001 48282
48285 48287
48539 48679
48701 48952
48962 49075
49181 49314
49320 49386
49389 49391
49617 49715
49782 49858
49875 49897
50012 50106
50273 50329
50339 50547
50615 50785
50864 50888
50919 51074
51080 51081
51160 51247
51265 51333
51349 51457
51549 51770
51821 51906
51916 52064
52092 52143
52153 52328
52368 52576
52579 52581
52709 52781
52870 53276
53322 53464
53469 53471
53557 53935
54038 54171
54175 54185
54194 54321
54347 54394
54397 54557
54694 54752
54772 54920
54995 55141
55193 55338
55427 55638
55662 55837
55869 55990
56041 56215
