24 157
169 250
271 337
376 494
535 653
725 853
916 952
977 1104
1143 1163
1166 1397
1465 1537
1560 1817
1848 2062
2104 2153
2178 2336
2339 2402
2427 2548
2598 2728
2822 2926
2962 3227
3263 3476
3479 3481
3584 3752
3755 3894
3940 4114
4144 4320
4360 4536
4598 4835
4855 4974
5045 5250
5282 5476
5505 5612
5650 5995
6056 6189
6192 6256
6289 6540
6579 6685
6721 6922
6963 7139
7174 7270
7274 7356
7383 7451
7478 7599
7627 7762
7771 7874
7879 7881
7984 8178
8212 8284
8287 8325
8358 8581
8621 8843
8846 8977
9071 9226
9263 9371
9415 9782
9813 10112
10115 10178
10275 10468
10494 10663
10677 10775
10801 10936
10939 10941
10949 11234
11265 11324
11339 11388
11391 11501
11525 11601
11614 11766
11822 11866
11886 11969
11972 12165
12168 12242
12271 12345
12348 12441
12519 12521
12534 12736
12771 12892
12939 12941
12949 12989
12992 13138
13199 13201
13211 13260
13301 13408
13451 13654
13739 13741
13746 14056
14111 14227
14253 14508
14546 14717
14728 14730
14784 14926
14961 15072
15075 15161
15219 15221
15226 15290
15329 15433
15488 15652
15689 15691
15703 15769
15824 15888
15949 16042
16045 16093
16101 16194
16228 16242
16245 16451
16459 16461
16546 16738
16764 16908
16913 16986
17023 17193
17299 17301
17305 17489
17537 17659
17686 17790
17886 17888
17973 18028
18044 18219
18271 18315
18333 18533
18536 18605
18636 18974
19003 19129
19193 19414
19446 19687
19707 19813
19816 19882
19923 20052
20071 20096
20099 20174
20230 20279
20282 20343
20359 20361
20451 20545
20548 20677
20702 20849
20909 20911
20919 20962
20983 21064
21089 21091
21145 21249
21281 21374
21417 21652
21714 22069
22139 22141
22154 22210
22227 22335
22374 22604
22623 22688
22719 22909
22929 23054
23070 23165
23296 23398
23401 23543
23578 23663
23683 23788
23814 24011
24054 24173
24204 24317
24368 24371
24376 24466
24487 24581
24613 24760
24781 24902
24940 25014
25041 25276
25279 25281
25410 25591
25629 25674
25683 25819
25851 26002
26049 26148
26170 26578
26624 26685
26688 26827
26880 26914
26939 27020
27024 27126
27140 27240
27277 27330
27333 27578
27679 27681
27695 27713
27716 27831
27836 28083
28141 28328
28380 28445
28471 28524
28527 28630
28668 28765
28789 29045
29117 29221
29255 29673
29759 31781
31889 32129
32160 32332
32335 32412
32415 32466
32500 32750
32753 32904
33000 33134
33161 33345
33390 33480
33501 33618
33629 33692
33726 33834
33884 33963
33991 34162
34190 34262
34285 34362
34369 34371
34450 34634
34661 34823
34853 35055
35079 35290
35334 35495
35517 35883
35945 36185
36209 36369
36384 36463
36549 36551
36559 36798
36839 37032
37062 37116
37138 37205
37208 37283
37289 37291
37371 37622
37664 37901
37931 38255
38302 38381
38413 38467
38500 38701
38755 38822
38837 38959
38984 39166
39228 39419
39447 39503
39506 39566
39586 39733
39767 39970
40004 40068
40083 40202
40254 40394
40410 40582
40612 40774
40827 40925
40944 41103
41122 41298
41348 41576
41579 41660
41694 41847
41872 41972
41975 42034
42103 42209
42232 42380
42410 42536
42559 42718
42799 42801
42812 43032
43074 43157
43170 43241
43264 43368
43411 43478
43496 43720
43763 43891
43932 44023
44026 44123
44153 44302
44350 44417
44449 44495
44510 44585
44626 44663
44680 44779
44803 45007
45109 45111
45118 45191
45220 45576
45616 45743
45774 45994
46035 46257
46359 46361
46369 46402
46405 46573
46609 46712
46716 46940
46970 47113
47219 47221
47230 47516
47560 47672
47688 47794
47820 47899
47902 48172
48198 48373
48427 48520
48549 48673
48689 48691
48738 48974
49006 49108
49153 49508
49558 49617
49635 49716
49729 49731
49798 49881
49896 49992
50020 50143
50165 50259
50292 50413
50452 50584
50643 50705
50736 50898
50929 51025
51047 51120
51136 51278
51307 51425
51455 51591
51622 51774
51782 51851
51925 52116
52145 52370
52422 52477
52501 52676
52697 52851
52859 52962
52969 52971
53043 53060
53063 53131
53139 53292
53353 53540
53589 53766
53771 53949
53989 54082
54100 54251
54276 54412
54441 54603
54637 54784
54849 54851
54978 55400
55467 55578
55598 55717
55732 55838
55881 56085
56163 56210
56220 56358
56361 56521
56570 56629
56651 56738
56741 56799
56804 57055
57058 57165
57268 57270
57276 57467
57526 57611
57645 57879
57941 58014
58043 58187
58210 58278
58318 58498
58530 58778
58805 59018
59076 59143
59176 59315
59318 59548
59580 59798
59807 60126
60182 60377
60435 60502
60529 60662
60704 61023
61071 61364
61411 61585
61616 61855
61886 62041
62063 62153
62156 62278
62368 62370
62381 62641
62702 62936
62970 63106
63109 63239
63388 63390
63404 63606
63627 63928
63977 64036
64056 64156
64175 64301
64367 64491
64524 64818
64862 64965
64980 65057
65082 65195
65215 65358
65426 65437
65462 65653
65673 65855
65881 65958
65965 66057
66094 66305
66340 66448
66470 66649
66688 66881
66884 67009
67046 67243
67277 67519
67566 67751
67796 67863
67894 68104
68128 68279
68312 68567
68594 68757
68869 68870
68878 69154
69185 69364
69389 69536
69554 69691
69760 69909
69934 70078
70143 70336
70367 70618
70677 70756
70782 70909
70931 71030
71045 71115
71153 71267
71309 71442
71459 71619
71732 71958
71998 72287
72294 72349
72378 72534
72607 72610
72613 72993
73045 73105
73121 73281
73284 73468
73519 73753
73759 73760
73866 74056
74065 74224
74258 74493
74562 74739
74773 74934
74938 75008
75032 75165
75243 75396
75399 75444
75462 75660
75715 75854
75877 75953
75978 76132
76147 76245
76281 76342
76418 76420
76432 76490
76507 76635
76638 76715
76745 76904
76924 77097
77139 77251
77295 77490
77536 77830
77844 77904
77922 78011
78074 78076
78081 78141
78163 78262
78299 78519
78550 78822
78846 79116
79186 79365
79369 79447
79490 79694
79768 79825
79828 79958
79975 80188
80225 80266
80285 80352
80379 80592
80620 80759
80785 80958
81087 81382
81416 81639
81705 81952
82012 82197
82227 82350
82354 82430
82510 82720
82754 82831
82855 83035
83095 83374
83377 83555
83600 83668
83671 83744
83792 83975
84018 84053
84076 84212
84241 84366
84369 84371
84450 84580
84588 84641
84644 84783
84816 84968
84988 85083
85115 85188
85191 85292
85298 85361
85469 85471
85476 85559
85562 85863
85892 86020
86051 86211
86259 86261
86343 86413
86450 86521
86524 86867
86935 87240
87284 87505
87568 87634
87681 87833
87859 87946
87949 87951
88019 88195
88198 88279
88331 88490
88542 88783
88817 88954
88965 89035
89097 89148
89172 89398
89401 89634
89639 89641
89703 90002
90038 90140
90165 90373
90407 90527
90552 90787
90864 90928
90966 91187
91193 91261
91291 91486
91489 91700
91756 91814
91839 92024
92063 92247
92321 92619
92659 92889
92912 93031
93136 93190
93214 93383
93416 93592
93649 93738
93759 93911
93924 93926
93950 94140
94221 94402
94406 94472
94515 94661
94696 94865
94894 95055
95058 95145
95149 95151
95307 95502
95511 95599
95604 95682
95725 95867
95926 96145
96178 96362
96391 96552
96575 96623
96626 96691
96750 96814
96845 97008
97041 97237
97269 97464
97481 97679
97787 97994
98047 98147
98150 98203
98206 98349
98397 98592
98627 98850
98905 99022
99032 99088
99137 99215
99218 99323
99326 99396
99399 99401
99502 99825
99894 100163
100202 100442
100480 100582
100619 100748
100768 100852
100869 100994
100999 101001
101092 101178
101198 101305
101345 101454
101469 101547
101599 101735
101760 101763
101768 101932
101935 101996
101999 102001
102079 102147
102174 102262
102265 102328
102376 102462
102482 102567
102605 102640
102665 102881
102907 102983
103007 103183
103313 103527
103574 103701
103722 103825
103829 103831
103930 104105
104131 104288
104357 104630
104673 104750
104779 104894
104911 105107
105139 105331
105393 105525
105591 105660
105688 105800
105803 105929
105952 106116
106119 106121
106271 106354
106357 106541
106599 106847
106879 107017
107052 107206
107209 107211
107328 107449
107476 107548
107551 107709
107754 107868
107895 108035
108068 108158
108161 108300
108309 108311
108405 108492
108495 108823
108882 109034
109086 109210
109286 109519
109559 109651
109675 109996
109999 110001
110089 110229
110241 110410
110487 110546
110574 110695
110733 110895
110898 111101
111149 111216
111248 111529
111590 111720
111761 112075
112115 112338
112405 112485
112514 112651
112688 112814
112852 113146
113172 113340
113379 113421
113425 113514
113587 113760
113781 113897
113925 114065
114113 114273
114304 114417
114449 114626
114702 114941
114969 115072
115113 115342
115374 115581
115589 115591
115733 115992
116023 116183
116227 116563
116566 116650
116683 116837
116877 116946
116949 117013
117054 117304
117365 117651
117683 117974
118032 118185
118218 118356
118359 118361
118435 118495
118516 118598
118632 118791
118796 118912
118980 119135
119148 119150
119239 119704
119707 119841
119918 120040
120068 120228
120296 120379
120382 120476
120507 120742
120765 120945
120961 121049
121058 121060
121082 121221
121265 121332
121335 121457
121460 121463
121519 121778
121820 121989
122012 122105
122177 122247
122271 122500
122567 122727
122746 122902
122905 122956
122990 123083
123086 123185
123279 123421
123425 123427
123451 123621
123669 123744
123777 123946
123983 124267
124375 124491
124494 124593
124625 124742
124799 125079
125129 125207
125230 125327
125330 125408
125448 125643
125702 125801
125831 125948
125975 126142
126173 126319
126355 126430
126466 126564
126567 126619
126643 126725
126729 126731
126809 126854
126885 127036
127067 127224
127242 127328
127387 127603
127607 127608
127713 127979
128032 128128
128131 128264
128320 128566
128611 128804
128841 128908
128936 129111
129132 129320
129328 129331
129388 129466
129504 129730
129778 129859
129883 130016
130045 130218
130249 130370
130440 130608
130626 130751
130771 130886
130918 131105
131123 131192
131199 131201
131286 131466
131495 131662
131682 131874
131912 132264
132294 132448
132516 132616
132642 132823
132863 133082
133143 133179
133208 133433
133460 133537
133578 133700
133730 133830
133833 133911
133980 134254
134301 134465
134489 134637
134658 134789
134832 134902
134905 134988
135022 135143
135173 135236
135239 135400
135485 135568
135592 135733
135759 135852
135898 135935
135951 136005
136037 136189
136226 136274
136277 136498
136530 136626
136633 136711
136745 136972
136979 136981
137076 137137
137173 137327
137330 137430
137477 137730
137776 137809
137841 138024
138058 138227
138268 138338
138373 138543
138571 138751
138808 138956
138981 139063
139073 139150
139190 139364
139410 139493
139513 139577
139598 139748
139792 139961
140011 140446
140457 140458
140547 140640
140669 140793
140796 141071
141118 141308
141348 141475
141478 141575
141658 141661
141667 141724
141767 141878
141934 142266
142299 142341
142344 142412
142470 142619
142649 142783
142841 143067
143095 143250
143279 143451
143454 143456
143596 143789
143840 144001
144039 144218
144221 144282
144325 144420
144444 144545
144548 144640
144649 144651
144766 144857
144860 145122
145162 145165
145168 145255
145286 145403
145439 145624
145661 145874
145892 145955
145973 146041
146049 146051
146172 146282
146285 146450
146494 146592
146619 146796
146828 146965
147037 147313
147376 147736
147812 148093
148146 148309
148368 148503
148524 148659
148710 148944
148949 148951
149041 149189
149242 149397
149430 149549
149587 149785
149811 150022
150091 150257
150281 150465
150568 150792
150833 150915
150918 151059
151098 151199
151231 151429
151460 151563
151589 151776
151779 151781
151877 152116
152150 152365
152402 152494
152517 152662
152696 152897
152936 153029
153045 153156
153196 153530
153539 153541
153593 153667
153702 153839
153872 154010
154013 154154
154157 154318
154380 154455
154458 154561
154595 154678
154719 154892
154922 155082
155089 155091
155169 155248
155281 155433
155463 155594
155647 155788
155813 155975
156003 156127
156182 156378
156404 156517
156533 156658
156681 156775
156879 156881
156889 156928
156955 157117
157139 157250
157302 157509
157538 157801
157809 157811
157872 157991
157994 158385
158467 158651
158654 158790
158848 158916
158936 159115
159170 159295
159327 159414
159417 159535
159559 159724
159729 159731
159830 159888
159918 160057
160093 160331
160382 160600
160619 160621
160740 160887
160907 161015
161068 161165
161178 161249
161278 161406
161448 161745
161776 161885
161911 162009
162044 162257
162314 162479
162483 162504
162508 162715
162778 162892
162939 163092
163113 163226
163229 163231
163321 163478
163500 163891
163944 164094
164131 164166
164188 164309
164337 164484
164506 164665
164669 164671
164765 164856
164859 164938
164965 165027
165030 165087
165145 165183
165199 165359
165390 165548
165625 165938
165961 166132
166181 166316
166319 166321
166440 166653
166680 166807
166835 166993
167017 167148
167169 167282
167333 167513
167535 167647
167665 167767
167823 168080
168128 168306
168335 168496
168499 168501
168649 168778
168781 168869
168918 169136
169197 169521
169557 169659
169662 169799
169831 169912
169927 169928
169950 170227
170295 170326
170361 170473
170483 170657
170692 170895
170899 171030
171056 171124
171154 171365
171463 171545
171552 171660
171678 171862
171889 171998
172022 172235
172319 172321
172328 172502
172506 172575
172612 172862
172901 173052
173077 173226
173229 173231
173315 173403
173425 173493
173520 173635
173664 173755
173809 173947
173970 174103
174123 174203
174209 174211
174323 174392
174428 174769
174822 174918
174921 175171
175205 175304
175314 175396
175465 175524
175556 175777
175807 175842
175872 176032
176055 176160
176191 176326
176353 176393
176427 176564
176593 176679
176752 176906
176948 177105
177153 177204
177213 177290
177314 177406
177432 177588
177699 177701
177713 177828
177861 178069
178107 178143
178172 178325
178349 178542
178578 178712
178715 178772
178856 179013
179039 179171
179199 179357
179396 179502
179528 179795
179831 179970
180016 180075
180097 180182
180210 180323
180327 180388
180399 180401
180496 180700
180722 180874
180930 180978
180981 181131
181138 181300
181338 181442
181535 181755
181770 181901
181956 182026
182029 182146
182164 182340
182401 182632
182664 182874
182880 182995
183069 183071
183079 183129
183160 183370
183403 183666
183692 183793
183796 183881
183907 184007
184058 184155
184197 184382
184421 184465
184474 184476
184570 184640
184670 184860
184863 185072
185151 185294
185297 185408
185477 185855
185918 186043
186096 186130
186153 186284
186308 186451
186454 186456
186472 186585
186631 186903
186943 187045
187082 187247
187271 187372
187392 187563
187588 187719
187762 187905
187930 188051
188076 188194
188289 188291
188300 188374
188397 188582
188645 188710
188738 188999
189056 189219
189247 189449
189486 189518
189547 189700
189734 189960
189979 190131
190194 190339
190362 190486
190530 190826
190894 191001
191024 191127
191177 191274
191302 191464
191496 191636
191671 191764
191786 191861
191915 192202
192211 192410
192469 192598
192625 192732
192755 192836
192870 193040
193049 193051
193151 193320
193343 193630
193663 193786
193812 193939
194023 194364
194402 194710
194740 195104
195176 195396
195428 195538
195569 195876
195932 196188
196252 196380
196405 196525
196552 196653
196699 197016
197042 197183
197252 197307
197310 197451
197490 197591
197636 197777
197909 197911
197921 198029
198057 198202
198217 198335
198397 198768
198813 198866
198892 198980
199006 199142
199181 199406
199432 199542
199571 199768
199771 199773
199893 200101
200141 200328
200355 200421
200436 200569
200592 200753
200830 200958
200986 201241
201244 201321
201359 201496
201525 201641
201700 201890
201907 202116
202159 202340
202393 202518
202540 202714
202719 202721
202810 203059
203100 203349
203377 203521
203550 203749
203787 203885
203906 204021
204056 204198
204249 204370
204387 204472
204519 204636
204639 204641
204734 204823
204849 204982
204985 205050
205074 205287
205343 205411
205441 205708
205748 205851
205884 206038
206149 206151
206160 206432
206484 206725
206784 206834
206882 207002
207031 207210
207248 207405
207432 207504
207554 207813
207835 207925
207928 207991
208047 208084
208104 208427
208449 208555
208645 208842
208846 208958
208982 209109
209164 209241
209275 209386
209405 209537
209571 209778
209834 210196
210303 210440
210483 210520
210539 210573
210576 210694
210719 210845
210911 210966
210969 211081
211110 211222
211249 211348
211382 211605
211643 211829
211858 211979
211982 212093
212133 212197
212222 212317
212346 212578
212669 212931
212946 213023
213081 213118
213136 213277
213299 213443
213493 213674
213702 213800
213834 213863
213949 213993
214021 214130
214180 214346
214389 214527
214530 214683
214744 214913
214960 215129
215153 215292
215321 215485
215505 215752
215839 215841
215851 216113
216141 216238
216261 216384
216395 216469
216495 216590
216636 216668
216699 216854
216882 217174
217179 217181
217287 217455
217473 217712
217733 217822
217843 217929
217948 218010
218045 218361
218429 218491
218506 218761
218803 218890
218893 218952
218981 219396
219454 219672
219707 219787
219790 219869
219907 219981
219984 220082
220128 220165
220193 220414
220447 220528
220531 220572
220575 220842
220920 221168
221235 221502
221527 221689
221740 221798
221820 222017
222049 222235
222280 222330
222354 222456
222466 222553
222584 222669
222685 222774
222794 222931
223002 223254
223277 223363
223499 223501
223508 223569
223596 223738
223773 223894
223926 224154
224195 224240
224280 224464
224467 224575
224606 224741
224761 225039
225108 225265
225316 225469
225493 225634
225637 225778
225943 226005
226008 226066
226069 226166
226175 226255
226312 226637
226702 226944
226964 227064
227112 227371
227429 227431
227440 227674
227731 227984
228005 228090
228108 228206
228259 228557
228590 228689
228713 228803
228829 228995
229039 229136
229181 229313
229324 229411
229442 229616
229619 229621
229701 229787
229812 230043
230067 230177
230205 230350
230391 230612
230739 230741
230753 231014
231050 231182
231228 231389
231433 231588
231624 231723
231733 231812
231899 231901
231914 232033
232059 232105
232108 232241
232293 232439
232471 232593
232638 232800
232824 232961
232993 233127
233156 233280
233359 233361
233372 233445
233472 233648
233687 233870
233893 233931
233957 234101
234126 234216
234250 234320
234323 234380
234389 234391
234471 234483
234528 234616
234619 234801
234860 235058
235083 235197
235242 235567
235635 235844
235911 236347
236402 236570
236618 236634
236637 236794
236840 236917
236937 237085
237109 237194
237223 237506
237569 237750
237775 237958
237969 237971
238094 238162
238192 238325
238360 238536
238577 238640
238643 238756
238775 238876
238907 239102
239147 239231
239270 239376
239478 239512
239525 239615
239628 239719
239722 239820
239846 240047
240095 240364
240399 240457
240487 240626
240629 240631
240739 240967
240999 241039
241065 241173
241176 241345
241378 241526
241537 241646
241680 241903
241961 242125
242150 242248
242259 242261
242329 242387
242416 242489
242526 242757
242800 243027
243085 243200
243203 243470
243513 243619
243622 243701
243718 243875
243911 244059
244106 244279
244309 244478
244539 244541
244551 244685
244734 244882
244886 245031
245085 245290
245334 245438
245443 245502
245543 245626
245644 245768
245816 245923
245951 246002
246005 246111
246135 246308
246348 246441
246444 246450
246485 246491
246494 246508
246538 246796
246800 246801
246859 247156
247193 247303
247330 247499
247529 247662
247735 247801
247834 247979
247982 248128
248160 248347
248350 248455
248503 248593
248622 248907
248946 249011
249033 249115
249153 249251
249254 249476
249573 249733
249772 249861
249909 250057
250080 250212
250215 250334
250339 250341
250489 250717
250768 250912
250952 251089
251137 251396
251445 251574
251577 251604
251607 251663
251669 251671
251787 251976
252000 252327
252426 252664
252691 252936
253024 253284
253322 253466
253469 253471
253517 253639
253694 254067
254139 254141
254243 254297
254315 254507
254561 254695
254719 255044
255075 255213
255247 255270
255273 255411
255419 255551
255580 255812
255858 256117
256120 256256
256259 256261
256401 256601
256630 256805
256848 257044
257062 257128
257196 257392
257459 257461
257469 257538
257541 257635
257678 257812
257843 257984
257987 258038
258041 258150
258221 258316
258319 258378
258389 258459
258549 258551
258559 258701
258739 258894
258939 259147
259209 259211
259223 259355
259358 259532
259575 259831
259869 260107
260173 260293
260296 260491
260523 260724
260786 260915
260938 261088
261122 261422
261510 261749
261800 262031
262068 262268
262298 262429
262529 262531
262537 262670
262691 262765
262795 262885
262888 263071
263105 263276
263353 263438
263455 263737
263772 263985
264037 264190
264249 264251
264259 264503
264557 264616
264635 264764
264778 264828
264844 264928
264968 265168
265210 265611
265703 265768
265771 265976
266014 266193
266243 266252
266279 266414
266446 266581
266586 266659
266697 266925
266981 267050
267053 267139
267176 267272
267359 267361
267375 267462
267480 267565
267596 267921
267957 268301
268364 268539
268608 268808
268868 268965
268991 269192
269228 269352
269383 269559
269569 269571
269675 269713
269734 269785
269788 269879
269918 269951
269969 270145
270168 270364
270410 270708
270732 270903
270949 271099
271136 271276
271303 271393
271410 271516
271568 271635
271661 271750
271783 272009
272089 272091
272282 272415
272436 272599
272607 272766
272793 272795
272870 273092
273119 273273
273298 273421
273424 273647
273688 273723
273754 273905
273908 274048
274088 274162
274165 274236
274239 274344
274378 274381
274484 274560
274580 274823
274846 275026
275051 275213
275259 275299
275338 275741
275785 275872
275877 275963
275997 276116
276136 276223
276226 276291
276311 276461
276478 276480
276519 276686
276703 276854
276898 276989
276992 277068
277106 277139
277167 277354
277388 277657
277729 277788
277813 277906
277920 278054
278133 278136
278148 278209
278232 278329
278375 278407
278410 278616
278660 278786
278827 278986
279013 279092
279100 279201
279223 279268
279292 279373
279376 279538
279568 279763
279806 280032
280134 280238
280255 280328
280384 280497
280564 280566
280580 280732
280773 281001
281007 281029
281062 281334
281366 281658
281661 281731
281804 281806
281819 282117
282166 282242
282245 282311
282347 282861
282961 283102
283106 283190
283209 283297
283316 283397
283417 283500
283519 283793
283873 283908
283927 284180
284214 284394
284415 284486
284515 284735
284760 284901
284915 285046
285138 285292
285295 285421
285457 285480
285483 285757
285760 285816
285855 285936
285970 286297
286367 286539
286586 286835
286844 286933
287019 287422
287464 287635
287638 287756
287771 287901
287944 288089
288118 288243
288286 288416
288444 288603
288639 288874
288898 289089
289154 289156
289168 289242
289338 289429
289454 289549
289583 289687
289784 289786
289793 289969
289972 290038
290079 290158
290186 290307
290349 290568
290588 290742
290821 290943
290946 291026
291086 291195
291198 291330
291376 291629
291657 291786
291857 292085
292099 292336
292399 292608
292629 292751
292796 292952
292973 293165
293221 293377
293404 293560
293633 293814
293849 294054
294096 294131
294149 294273
294347 294680
294734 294736
294740 295008
295017 295123
295143 295232
295264 295266
295343 295416
295471 295675
295678 295753
295783 295891
295923 295950
295953 296045
296074 296283
296313 296492
296522 296649
296675 296768
296771 296883
296992 297220
297243 297312
297328 297443
297469 297610
297657 297798
297853 297937
297960 298089
298127 298440
298474 298746
298749 298826
298855 298952
298983 299070
299073 299197
299239 299364
299372 299481
299484 299573
299705 300111
300158 300387
300397 300440
300458 300527
300549 300604
300625 300997
301069 301071
301074 301135
301141 301399
301433 301583
301615 301735
301775 301777
301785 301830
301833 301936
301966 302325
302398 302400
302404 302462
302492 303022
303049 303135
303164 303338
303375 303377
303385 303427
303442 303512
303551 303760
303797 303952
303978 304242
304291 304565
304599 304911
304966 304967
304976 305280
305318 305457
305460 305846
305914 305917
305928 306001
306022 306160
306180 306346
306374 306565
306588 306683
306707 306800
306835 306913
306988 306990
307000 307212
307239 307394
307426 307568
307615 307617
307623 307750
307810 308006
308036 308131
308190 308353
308398 308588
308652 308919
308963 309112
309162 309356
309436 309650
309710 310052
310111 310182
310210 310333
310355 310422
310427 310493
310496 310562
310597 310869
310892 310987
310990 311126
311202 311460
311501 311653
311681 311817
311845 312025
312049 312235
312313 312434
312456 312619
312645 312858
312867 313150
313179 313365
313453 313566
313581 313722
313812 313952
314003 314045
314072 314377
314400 314502
314528 314657
314681 314885
314970 315195
315239 315397
315428 315734
315771 315873
315909 316046
316102 316148
316151 316281
316312 316561
316621 316763
316774 316870
316903 316977
317027 317138
317175 317268
317394 317432
317468 317528
317589 317818
317854 318005
318046 318130
318157 318287
318308 318480
318533 318633
318657 318742
318745 318832
318897 318968
319067 319180
319208 319337
319340 319578
319633 319697
319733 319892
319916 320168
320232 320340
320370 320492
320525 320786
320818 321010
321040 321162
321199 321351
321377 321531
321583 321586
321589 321767
321771 321822
321825 321882
321929 322043
322122 322123
322132 322351
322386 322526
322553 322878
322881 322980
323054 323127
323130 323181
323201 323455
323506 323641
323668 323773
323792 323924
324002 324069
324074 324151
324180 324378
324433 324729
324755 324911
324992 325095
325117 325245
325278 325451
325512 325612
325636 325980
326068 326134
326137 326265
326295 326408
326411 326533
326558 326561
326609 326870
326907 327118
327154 327289
327318 327499
327543 327670
327681 327831
327889 327971
327974 328060
328098 328312
328376 328758
328819 328967
328970 329098
329161 329343
329347 329394
329423 329562
329644 329780
329783 329850
329853 329915
329971 330132
330135 330237
330240 330356
330387 330544
330603 330751
330778 330831
330834 330893
331018 331020
331135 331225
331305 331617
331643 331794
331812 331813
331869 332257
332283 332371
332392 332491
332525 332642
332645 332712
332764 332875
332904 333022
333025 333067
333194 333250
333253 333487
333551 333987
334040 334123
334148 334357
334393 334512
334515 334642
334752 334922
334939 335022
335025 335055
335058 335144
335168 335361
335432 335520
335545 335650
335679 335809
335812 335943
336005 336248
336253 336368
336392 336510
336516 336670
336707 336824
336847 337002
337050 337188
337213 337308
337314 337413
337461 337704
337837 338075
338078 338229
338300 338579
338620 338735
338759 338835
338839 338841
338857 338929
338966 339221
339224 339314
339357 339500
339507 339621
339660 339662
339740 339945
339975 340292
340359 340426
340451 340541
340568 340702
340733 341068
341121 341188
341191 341276
341320 341593
341596 341684
341709 341944
341982 342069
342072 342286
342289 342414
342489 342629
342632 342816
342891 342970
342973 343158
343178 343354
343357 343421
343424 343584
343615 343688
343707 343774
343804 343965
344050 344191
344238 344284
344311 344528
344531 344632
344695 344749
344783 344945
344964 345034
345037 345148
345175 345345
345373 345527
345551 345727
345821 346062
346087 346176
346209 346370
346401 346703
346775 347025
347064 347426
347472 347537
347564 347684
347687 347767
347812 347990
348014 348016
348100 348202
348224 348399
348431 348634
348661 348789
348792 348896
348926 349146
349166 349326
349329 349370
349491 349622
349652 349821
349851 350155
350180 350263
350280 350351
350378 350451
350484 350631
350671 350862
350897 351081
351109 351185
351188 351285
351312 351313
351376 351589
351619 351946
351976 352133
352156 352316
352401 352518
352549 352804
352825 352970
352973 353109
353169 353323
353353 353493
353520 353609
353628 353766
353820 354034
354038 354101
354181 354220
354241 354428
354468 354587
354590 354689
354709 354924
354959 355055
355058 355127
355234 355338
355359 355501
355531 355728
355760 355875
355891 356089
356175 356468
356508 356644
356680 356879
356900 356993
357002 357069
357113 357163
357184 357338
357358 357459
357474 357631
357670 357839
357842 357942
357971 358093
358121 358214
358240 358281
358284 358530
358573 358576
358653 358723
358779 358990
359018 359112
359115 359179
359193 359448
359472 359682
359768 359877
359888 360086
360121 360283
360297 360404
360415 360506
360556 360558
360572 360650
360684 360737
360740 360840
360859 360953
360979 361094
361119 361208
361211 361302
361306 361355
361410 361614
361637 361745
361767 361897
361943 362140
362161 362325
362336 362502
362526 362530
362584 362782
362807 362982
362989 363097
363192 363392
363395 363457
363513 363720
363748 364057
364117 364228
364274 364504
364525 364578
364581 364694
364720 364870
364928 364969
364994 365289
365320 365565
365613 365712
365743 366061
366128 366167
366196 366441
366477 366800
366836 366903
366934 367052
367076 367211
367234 367291
367321 367322
367406 367556
367576 367790
367816 367983
367986 368073
368129 368197
368229 368358
368383 368469
368472 368544
368592 368655
368676 368856
368871 369059
369093 369157
369185 369288
369291 369438
369457 369588
369696 369698
369710 369836
369839 369973
370020 370174
370233 370547
370575 370685
370699 370760
370763 370835
370870 371112
371128 371130
371147 371266
371311 371362
371397 371562
371579 372004
372065 372139
372184 372523
372526 372592
372638 372805
372808 372970
372973 373099
373126 373164
373167 373252
373332 373478
373503 373709
373761 373815
373841 374046
374059 374065
374068 374274
374337 374556
374614 375075
375117 375168
375193 375391
375439 375642
375670 375903
375956 376039
376042 376110
376137 376215
376252 376443
376461 376463
376553 376623
376626 376748
376806 377087
377132 377231
377254 377403
377460 377462
377476 377655
377681 377949
377961 377962
377987 378060
378100 378183
378227 378230
378273 378379
378382 378458
378480 378500
378505 378785
378809 378895
378943 379051
379087 379088
379154 379222
379237 379310
379337 379488
379491 379693
379785 379941
379971 380089
380092 380373
380413 380714
380751 380847
380850 380908
380932 381080
381166 381382
381402 381563
381588 381720
381723 381851
381861 382018
382054 382056
382126 382283
382312 382514
382547 382629
382637 382640
382661 382752
382771 382802
382805 382872
382901 382902
382946 383125
383153 383337
383357 383469
383513 383665
383668 383758
383796 383871
383904 384270
384315 384384
384402 384511
384552 384734
384808 385079
385151 385358
385386 385498
385593 385706
385734 385935
385969 386104
386143 386185
386198 386272
386311 386431
386456 386594
386615 386771
386774 386900
386945 386947
387019 387124
387127 387315
387341 387447
387450 387728
387769 387771
387774 387840
387851 387923
387945 388020
388041 388043
388079 388153
388156 388265
388301 388588
388609 388687
388708 388783
388828 389014
389096 389290
389321 389558
389642 389712
389743 389863
389898 390115
390136 390283
390312 390488
390491 390603
390679 390681
390687 390857
390885 391159
391197 391309
391369 391436
391439 391494
391516 391607
391628 391768
391791 391815
391818 391957
392023 392085
392088 392209
392248 392631
392661 392748
392794 393097
393148 393199
393222 393369
393379 393462
393466 393533
393609 393652
393655 393748
393766 393936
393954 394148
394183 394185
394246 394392
394444 394609
394640 394678
394687 394851
394854 394963
394985 395140
395197 395247
395271 395477
395517 395710
395719 395786
395810 395950
395992 396184
396210 396231
396234 396354
396379 396478
396481 396656
396745 396800
396829 397037
397064 397318
397394 397553
397580 397669
397712 397956
398027 398395
398457 398486
398489 398676
398724 398840
398862 399180
399263 399362
399400 399624
399701 400078
400105 400217
400240 400335
400369 400473
400541 400745
400794 400935
400969 401127
401158 401228
401231 401374
401409 401707
401710 401757
401829 401973
401979 402052
402056 402127
402130 402200
402284 402544
402572 402621
402646 402855
402886 403077
403138 403263
403267 403343
403375 403540
403557 403696
403779 403781
403784 403858
403926 404057
404085 404262
404284 404440
404469 404495
404498 404593
404596 404698
404702 404740
404743 404856
404944 405231
405263 405332
405335 405593
405634 405754
405780 405964
406031 406190
406207 406297
406300 406370
406392 406731
406756 406903
406972 407045
407064 407166
407194 407345
407368 407443
407492 407760
407783 408002
408069 408148
408191 408444
408447 408610
408655 408785
408804 408989
408992 409034
409074 409218
409238 409393
409454 409658
409676 409904
409936 410064
410160 410336
410352 410647
410717 410868
410887 411119
411148 411283
411286 411424
411481 411623
411667 411866
411888 411989
412018 412214
412225 412393
412439 412441
412448 412518
412521 412615
412647 412813
412833 412999
413034 413036
413088 413318
413397 413625
413645 413832
413835 413982
414069 414257
414260 414477
414517 414769
414803 415034
415057 415244
415346 415348
415450 415529
415556 415846
415884 416031
416064 416206
416228 416330
416333 416416
416469 416642
416645 416744
416787 417155
417167 417211
417214 417271
417274 417457
417503 417825
417859 418044
418067 418127
418130 418274
418310 418438
418481 418672
418711 418827
418839 418855
418858 418959
418990 419158
419275 419301
419304 419484
419502 419621
419655 419815
419877 420216
420244 420369
420418 420452
420470 420744
420747 420904
420924 421156
421159 421204
421233 421492
421575 421628
421664 421938
421982 422231
422269 422415
422420 422505
422557 422807
422810 423011
423065 423188
423191 423269
423272 423340
423373 423546
423588 423789
423838 424025
424048 424263
424304 424357
424379 424530
424572 424752
424769 424919
424929 425067
425152 425259
425262 425434
425460 425485
425488 425627
425654 425876
425902 426073
426076 426139
426207 426341
426380 426610
426708 426711
426722 426902
426905 427051
427075 427235
427281 427374
427399 427554
427557 427620
427653 427823
427851 427989
428085 428337
428340 428513
428549 428637
428668 428768
428819 429046
429080 429096
429099 429278
429301 429467
429485 429618
429656 429658
429728 429806
429831 429920
429954 430199
430227 430438
430465 430623
430677 430824
430869 430961
431018 431218
431236 431389
431392 431496
431518 431571
431574 431624
431663 431912
432005 432290
432327 432404
432407 432565
432605 432607
432679 432737
432765 432980
433010 433147
433193 433401
433437 433564
433567 433736
433757 433898
433901 434023
434056 434058
434112 434219
434236 434395
434418 434492
434495 434729
434732 434811
434844 435019
435077 435198
435201 435279
435283 435323
435354 435547
435575 435708
435711 435797
435868 436010
436013 436206
436218 436536
436591 436659
436689 436805
436829 437037
437059 437189
437212 437279
437282 437362
437411 437471
437474 437573
437576 437822
437868 438096
438132 438245
438248 438313
438346 438463
438497 438654
438682 438817
438837 438929
438957 438960
439010 439088
439103 439198
439238 439500
439555 439746
439778 440037
440062 440306
440309 440408
440489 440491
440504 440684
440732 441070
441144 441326
441350 441483
441509 441662
441686 441862
441876 441924
442022 442265
442295 442645
442712 442951
442975 443164
443218 443418
443452 443604
443607 443761
443786 443787
443822 443964
444003 444006
444012 444380
444460 444751
444784 445009
445042 445243
445290 445384
445407 445516
445566 445677
445702 445786
445789 445867
445899 446162
446218 446539
446565 446640
446655 446752
446817 447091
447146 447275
447311 447471
447493 447636
447652 447812
447815 447899
447954 447956
448023 448102
448142 448261
448331 448590
448626 448669
448695 448892
448919 449130
449133 449212
449300 449427
449442 449590
449618 449874
449947 450112
450144 450207
450210 450317
450369 450371
450376 450437
450462 450541
450589 450654
450710 450772
450820 450888
450937 451034
451117 451169
451204 451420
451494 451496
451502 451735
451762 451895
451950 452121
452183 452350
452356 452444
452447 452531
452578 452618
452645 452940
452975 453133
453149 453152
453184 453286
453322 453443
453475 453477
453536 453771
453775 453817
453835 453913
453931 454002
454048 454262
454300 454522
454556 454817
454913 455031
455062 455191
455220 455304
455376 455529
455567 455738
455754 455756
455779 455928
455969 456071
456104 456173
456176 456319
456339 456487
456568 456639
456664 456846
456871 457039
457042 457158
457232 457325
457328 457437
457456 457640
457655 457767
457791 457960
457963 458161
458204 458366
458424 458689
458727 459076
459136 459224
459253 459350
459399 459435
459460 459596
459621 459961
460022 465675
465725 465902
465950 466278
466326 466462
466491 466564
466590 466592
466652 466708
466740 466903
466940 467091
467160 467485
467521 467921
467995 468249
468286 468429
468451 468592
468615 468769
468834 468836
468882 468941
468979 469253
469284 469410
469415 469558
469649 469651
469662 469952
469994 470135
470193 470379
470400 470566
470605 470606
470692 470964
470990 471047
471050 471230
471241 471359
471416 471580
471610 471687
471705 471830
471859 472041
472069 472262
472318 472387
472409 472517
472536 472756
472792 472862
472874 472950
472969 473191
473226 473547
473659 473661
473672 473720
473755 473921
473944 474108
474130 474333
474371 474603
474669 474821
474848 475014
475052 475189
475221 475395
475422 475440
475453 475640
475672 475753
475771 475879
475899 475996
476040 476043
476110 476342
476345 476416
476440 476616
476673 476938
476950 477020
477042 477056
477059 477230
477285 477324
477352 477532
477539 477613
477641 477799
477833 477931
477934 478049
478083 478388
478414 478554
478589 478806
478834 479022
479068 479070
479160 479218
479221 479469
479523 479615
479644 479811
479814 479903
479933 480200
480267 480483
480513 480755
480779 480975
481036 481190
481229 481458
481578 481581
481595 481795
481798 481860
481864 481911
481914 482054
482075 482249
482302 482386
482389 482552
482578 482809
482846 483071
483136 483204
483226 483360
483395 483583
483614 483926
484038 484275
484321 484545
484564 484711
484729 485103
485150 485300
485303 485417
485456 485696
485747 485783
485819 485939
485989 486125
486128 486268
486305 486418
486421 486564
486593 486708
486726 486882
486924 486925
487011 487169
487219 487296
487299 487479
487515 487566
487599 487718
487752 487957
487986 488096
488102 488235
488275 488456
488467 488621
488727 488826
488858 488999
489024 489454
489479 489613
489703 489705
489795 489948
489951 490109
490112 490194
490222 490405
490507 490747
490768 491057
491150 491215
491218 491540
491600 491873
491908 492116
492160 492314
492322 492400
492452 492455
492539 492629
492632 492718
492721 492835
492888 493232
493273 493549
493595 493655
493658 493752
493793 493836
493839 494003
494026 494124
494149 494225
494275 494663
494750 494986
495016 495310
495361 495469
495518 495601
495604 495743
495790 495870
495876 495991
496036 496152
496182 496261
496320 496357
496381 496540
496566 496879
496921 497182
497186 497187
497286 497505
497572 497670
497673 497781
497831 497873
497882 498126
498168 498368
498371 498480
498503 498688
498738 498741
498747 498797
498800 498859
498929 498931
498939 499036
499081 499356
499384 499566
499595 499729
499757 500149
500229 500380
500420 500575
500649 500651
500661 500711
500730 500802
500859 500861
500873 501005
501008 501140
501163 501270
501330 501331
501336 501424
501459 501531
501573 501646
501649 501728
501767 501960
501986 502154
502242 502245
502254 502409
502412 502445
502478 502570
502609 502810
502849 502876
502879 503134
503178 503332
503353 503355
503361 503653
503697 503931
503957 504045
504064 504120
504166 504241
504244 504354
504383 504659
504687 504805
504808 504921
505030 505179
505182 505481
505523 505673
505708 505838
505841 506067
506086 506218
506284 506543
506573 506754
506788 506904
506955 506956
506980 507192
507224 507404
507425 507635
507668 507846
507900 507902
507916 508040
508092 508127
508130 508241
508259 508336
508373 508426
508463 508602
508613 508687
508714 508848
508851 508884
508930 509201
509272 509623
509669 509979
510021 510135
510164 510211
510229 510326
510369 510487
510551 510625
510628 510766
510860 510862
510870 510937
510967 511160
511194 511352
511355 511399
511402 511579
511625 511713
511770 511772
511783 512005
512033 512276
512299 512378
512381 512432
512441 512466
512469 512617
512677 512763
512792 513035
513140 513142
513150 513289
513326 513352
513355 513476
513504 513819
513850 514001
514040 514042
514054 514082
514087 514113
514142 514200
514217 514218
514264 514404
514433 514549
514552 514690
514725 514762
514794 514872
514875 514974
515008 515202
515233 515538
515649 515652
515655 515953
515971 516175
516178 516302
516350 516575
516607 516780
516803 516937
516960 516962
516998 517019
517022 517160
517203 517383
517403 517504
517528 517622
517644 517713
517754 517756
517804 517907
517950 518156
518211 518296
518299 518454
518475 518722
518759 518848
518851 519001
519004 519006
519077 519209
519212 519283
519329 519366
519369 519606
519636 519692
519720 519808
519811 519973
520018 520271
520307 520534
520562 520725
520728 520792
520795 520822
520828 521005
521008 521148
521152 521212
521238 521472
521475 521638
521641 521700
521754 521794
521812 522065
522103 522310
522317 522456
522464 522573
522607 522706
522709 522886
522916 523167
523299 523463
523484 523781
523817 523918
524008 524136
524164 524234
524262 524434
524458 524592
524595 524667
524740 524742
524756 524970
524984 525131
525180 525270
525286 525417
525438 525576
525617 525720
525723 525869
525942 526337
526373 526636
526656 526798
526854 526940
526963 527028
527031 527106
527130 527249
527306 527443
527483 527578
527581 527724
527727 527856
527942 528096
528114 528288
528314 528426
528445 528592
528612 528704
528707 528873
528938 529078
529081 529144
529157 529343
529388 529528
529550 529718
529743 529914
529917 529984
530099 530228
530245 530439
530459 530602
530630 530755
530783 530884
530887 530983
531005 531149
531152 531244
531289 531403
531406 531539
531561 531686
531790 531792
531799 531862
531879 532112
532157 532302
532327 532480
532615 532822
532825 532934
532980 533258
533315 533526
533545 533660
533705 533910
533936 534166
534267 534321
534344 534438
534441 534637
534640 534720
534748 534923
534944 535132
535199 535202
535211 535332
535345 535471
535491 535705
535730 535846
535860 535948
535952 536022
536042 536317
536373 536505
536529 536614
536647 536790
536814 536930
536939 537031
537159 537374
537421 537661
537673 537769
537775 537877
537904 538101
538104 538200
538312 538367
538370 538468
538474 538652
538667 538739
538753 538976
538996 539168
539171 539239
539273 539448
539469 539601
539698 539811
539858 540085
540121 540274
540317 540444
540448 540542
540547 540623
540665 540906
540969 540972
540978 541315
541351 541489
541519 541687
541786 541935
541984 542120
542198 542200
542210 542222
542289 542373
542376 542521
542588 542756
542769 542879
542914 543067
543092 543265
543308 543463
543485 543619
543622 543625
543628 543728
543749 544008
544062 544385
544413 544557
544592 544865
544888 545110
545152 545200
545203 545322
545325 545464
545467 545545
545605 545606
545613 545807
545812 545995
546020 546102
546105 546342
546424 546682
546723 546847
546850 546963
547028 547212
547232 547357
547421 547566
547589 547689
547707 547830
547871 547986
548005 548124
548154 548403
548422 548666
548761 548858
548862 549011
549034 549171
549226 549314
549344 549561
549584 549862
549976 550234
550241 550307
550332 550477
550504 550680
550683 550753
550803 550975
551008 551114
551149 551304
551327 551479
551505 551661
551686 551786
551809 551882
551894 552019
552074 552076
552084 552213
552216 552334
552360 552493
552521 552809
552878 553421
553477 553563
553596 553813
553848 553851
553854 554095
554136 554195
554212 554322
554325 554421
554501 554564
554575 554783
554787 554878
554881 554960
554963 555086
555118 555121
555125 555264
555284 555455
555478 555644
555647 555708
555732 555895
555898 555979
556027 556095
556098 556183
556197 556340
556343 556445
556471 556592
556595 556651
556654 556724
556727 556837
556866 557026
557108 557163
557166 557289
557330 557400
557406 557519
557544 557683
557720 558006
558009 558070
558125 558392
558414 558590
558705 558780
558792 558947
558970 559114
559132 559258
559295 559515
559544 559715
559718 559818
559842 559980
560092 560160
560195 560395
560398 560485
560516 560694
560711 560810
560818 560914
560921 561004
561056 561288
561384 561502
561529 561801
561804 561858
561866 561921
561950 562009
562030 562084
562087 562172
562202 562287
562290 562377
562380 562471
562496 562571
562600 562602
562607 562651
562654 562706
562803 562913
562931 563005
563041 563095
563102 563341
563362 563431
563525 563526
563537 563851
563981 563983
564035 564215
564222 564307
564339 564567
564606 564864
564871 565020
565041 565088
565091 565268
565311 565491
565508 565752
565760 565878
565944 565946
565954 566058
566061 566117
566161 566236
566257 566398
566428 566585
566617 566708
566711 566833
566869 566872
566875 566943
566948 567206
567275 567276
567283 567388
567391 567822
567873 568043
568056 568128
568152 568225
568243 568298
568315 568426
568493 568637
568668 568755
568794 569065
569127 569258
569277 569321
569324 569456
569466 569710
569757 570088
570162 570336
570400 570628
570657 570865
570897 571025
571065 571230
571264 571530
571533 571656
571773 571983
571986 572052
572058 572142
572146 572233
572274 572623
572651 572887
572890 572973
572999 573126
573171 573293
573318 573378
573457 573715
573722 573846
573925 573926
573936 574333
574385 574484
574487 574516
574519 574706
574767 574952
574995 575033
575042 575176
575210 575360
575363 575593
575633 575795
575821 575874
575902 575993
576025 576096
576099 576183
576209 576307
576310 576445
576470 576550
576553 576626
576703 576845
576848 577066
577069 577187
577246 577325
577328 577569
577598 577632
577635 577809
577850 578100
578143 578214
578217 578416
578519 578805
578824 579001
579004 579204
579208 579254
579292 579677
579765 579766
579780 579819
579822 579945
579966 580099
580108 580268
580273 580358
580408 580461
580473 580534
580573 580747
580755 580955
581036 581158
581186 581384
581412 581568
581622 581796
581799 581865
581892 581895
581959 582119
582122 582279
582308 582499
582537 582738
582741 582874
582877 582953
582993 583107
583165 583166
583171 583374
583396 583517
583524 583618
583658 583806
583830 583832
583898 583901
583910 583916
583919 583961
583965 584015
584025 584071
584087 584237
584269 584370
584388 584639
584710 584829
584848 584925
584958 584993
585009 585157
585256 585467
585497 585585
585588 585638
585641 585763
585787 585940
586027 586139
586156 586303
586359 586497
586518 586766
586874 586877
586882 587199
587202 587253
587273 587357
587380 587513
587550 587768
587793 587930
587960 588133
588163 588284
588287 588619
588706 588942
588954 589221
589264 589332
589336 589436
589456 589584
589645 589646
589652 589830
589833 589905
589961 590038
590059 590224
590234 590360
590444 590446
590451 590489
590497 590756
590813 590985
591034 591036
591048 591196
591233 591429
591459 591625
591668 591678
591686 591919
591943 592047
592070 592140
592162 592251
592272 592343
592375 592647
592726 592962
593004 593179
593188 593301
593354 593526
593546 593688
593734 593834
593840 593958
593998 594073
594092 594181
594210 594416
594516 594518
594528 594802
594805 594811
594865 595020
595040 595467
595543 595696
595713 595856
595865 595954
595987 596026
596029 596193
596214 596506
596593 596664
596699 596854
596886 596951
596978 597126
597143 597201
597218 597303
597313 597384
597394 597456
597479 597582
597585 597680
597722 597809
597840 598018
598045 598158
598243 598253
598275 598339
598342 598543
598546 598643
598736 598983
598998 599150
599176 599414
599456 599605
599630 599765
599783 599973
600016 600128
600149 600238
600312 600433
600439 600547
600616 600618
600624 600774
600787 600911
600914 601061
601086 601221
601296 601457
601474 601604
601645 601838
601858 601944
601959 602049
602071 602148
602166 602240
602272 602558
602606 602781
602804 602864
602867 602939
602942 603060
603129 603197
603217 603361
603364 603517
603575 603682
603685 603869
603903 604122
604154 604265
604268 604352
604376 604525
604547 604776
604879 605022
605025 605127
605148 605216
605219 605289
605301 605429
605432 605517
605546 605629
605634 605707
605727 605841
605866 606051
606071 606194
606215 606335
606338 606400
606403 606454
606507 606734
606768 606966
606989 607096
607119 607241
607246 607405
607456 607458
607467 607683
607695 607768
607771 607830
607833 607973
608014 608157
608179 608636
608674 608711
608747 608965
609000 609141
609167 609223
609226 609357
609390 609659
609735 609853
609856 609916
610026 610074
610102 610211
610226 610303
610330 610394
610404 610467
610473 610547
610550 610633
610637 610722
610808 611113
611153 611234
611238 611379
611406 611632
611661 611716
611735 611794
611812 611882
611885 611954
611992 612285
612342 612690
612725 613034
613064 613124
613145 613271
613323 613385
613416 613491
613502 613555
613570 613664
613706 613851
613869 613967
614005 614230
614316 614318
614330 614576
614622 614814
614822 614952
614968 614974
614977 615087
615124 615262
615312 615502
615548 615614
615617 615784
615805 615913
615934 616039
616079 616260
616286 616369
616378 616448
616518 616875
617048 617169
617195 617540
617579 617729
617757 617844
617936 618024
618064 618318
618365 618544
618578 618709
618712 618853
618971 619048
619075 619168
619200 619325
619380 619686
619788 619928
619946 620132
620155 620346
620351 620477
620480 620530
620533 620643
620705 620706
620716 620864
620882 621010
621089 621161
621171 621240
621256 621326
621463 621610
621659 621740
621743 621853
621954 621956
621969 622168
622200 622389
622416 622669
622736 622842
622865 623100
623120 623253
623287 623366
623392 623524
623547 623732
623783 623911
623935 624116
624124 624126
624193 624345
624372 624432
624436 624675
624725 624877
624899 625096
625146 625363
625422 625673
625722 626003
626048 626302
626355 626494
626573 626941
626944 626946
627001 627176
627234 627236
627241 627459
627476 627580
627583 627663
627666 627794
627851 627958
627961 628051
628079 628215
628244 628320
628323 628450
628475 628610
628613 628757
628798 629070
629114 629444
629481 629603
629622 629682
629685 629696
629770 629962
629996 630174
630216 630290
630293 630384
630412 630502
630550 630842
630878 630923
630926 631090
631120 631290
631331 631678
631754 631883
631918 632192
632250 632399
632402 632571
632574 632669
632674 632676
632756 632827
632850 633096
633128 633167
633193 633422
633448 633667
633794 633796
633806 633945
633983 634213
634235 634390
634474 634622
634625 634710
634716 634802
634838 634976
635008 635146
635172 635235
635253 635371
635392 635566
635588 635719
635724 635726
635828 635915
635932 636256
636290 636430
636463 636497
636524 636739
636765 636835
636851 636980
637008 637137
637176 637329
637390 637465
637487 637631
637634 637704
637710 637711
637732 637792
637808 637870
637962 637963
637968 638248
638289 638372
638375 638465
638491 638639
638670 638770
638794 638857
638860 638935
638938 639003
639006 639096
639184 639381
639384 639582
639624 639892
639928 639969
639991 640133
640163 640345
640348 640407
640424 640510
640514 640516
640575 640652
640684 640792
640822 640909
640942 641123
641167 641306
641325 641462
641491 641635
641665 641822
641883 642036
642065 642296
642320 642433
642509 642684
642687 642739
642757 642886
642911 643056
643171 643394
643415 643730
643734 643736
643824 643943
643960 644098
644144 644289
644320 644482
644518 644777
644845 645106
645128 645211
645233 645360
645462 645463
645466 645552
645555 645701
645720 645841
645844 645928
645931 646032
646113 646161
646168 646410
646444 646521
646546 646692
646715 646915
646964 647133
647169 647466
647469 647747
647789 647854
647879 648126
648178 648451
648499 648708
648733 648885
648914 649057
649098 649210
649232 649407
649514 649516
649519 649737
649743 649979
650014 650187
650223 650369
650376 650453
650468 650537
650574 650738
650756 650867
650873 650876
650918 651063
651104 651254
651257 651350
651409 651613
651655 651843
651884 652046
652082 652278
652331 652422
652425 652579
652614 652616
652630 652765
652782 652900
652921 653059
653102 653159
653162 653211
653214 653301
653334 653494
653598 653839
653842 653872
653888 654069
654125 654224
654246 654506
654546 654602
654628 654858
654892 655071
655102 655206
655246 655371
655386 655475
655539 655595
655625 655789
655827 655989
655992 656059
656082 656272
656343 656346
656349 656436
656454 656572
656594 656657
656660 656744
656784 657080
657143 657659
657728 657871
657876 657945
657979 658074
658135 658319
658322 658466
658522 658697
658740 658969
658991 659187
659293 659522
659557 659748
659778 659851
659869 660006
660028 660208
660212 660213
660320 660597
660654 660820
660845 661121
661160 661202
661227 661399
661430 661522
661541 661696
661722 661896
661923 662021
662043 662131
662222 662320
662348 662616
662652 662831
662892 662955
662976 663041
663044 663160
663180 663338
663372 663569
663572 663656
663664 663666
663720 663822
663831 663982
664011 664201
664224 664462
664527 664714
664754 664933
664954 665162
665205 665411
665414 665416
665521 665894
665907 665972
665999 666066
666069 666172
666201 666365
666406 666507
666510 666606
666698 666874
666904 667050
667053 667170
667244 667332
667335 667533
667563 667718
667721 667835
667907 668158
668230 668567
668603 668714
668742 668845
668874 668973
669000 669159
669162 669234
669299 669393
669420 669440
669443 669515
669531 669610
669647 669762
669765 669904
669939 670017
670020 670185
670266 670372
670375 670511
670545 670777
670796 670865
670868 670919
670922 670993
670996 671100
671130 671269
671350 671516
671519 671597
671633 671706
671740 671912
671946 672080
672083 672155
672158 672208
672284 672286
672321 672360
672363 672557
672608 672857
672860 673012
673122 673380
673423 673500
673532 673737
673755 673829
673877 674058
674085 674196
674199 674297
674305 674426
674433 674436
674522 674777
674796 675055
675095 675277
675298 675445
675482 675576
675579 675697
675717 675899
675945 676063
676084 676263
676274 676276
676321 676419
676472 676571
676606 676843
676859 676963
677012 677088
677091 677156
677177 677335
677362 677519
677545 677851
677880 678040
678073 678219
678304 678374
678377 678447
678469 678651
678721 678847
678865 679009
679034 679137
679191 679296
679316 679454
679485 679676
679681 679849
679867 679945
679970 680077
680157 680297
680300 680358
680403 680528
680535 680652
680679 680814
680817 680885
680909 681068
681073 681076
681165 681271
681288 681409
681434 681475
681488 681551
681589 681873
681933 682135
682148 682465
682503 682557
682584 682695
682725 682986
683043 683182
683186 683265
683275 683408
683444 683588
683611 684081
684166 684418
684435 684643
684678 684963
685014 685098
685115 685218
685247 685359
685362 685435
685539 685728
685758 685964
686024 686026
686032 686109
686112 686181
686207 686349
686379 686502
686528 686589
686610 686715
686767 686998
687077 687232
687235 687328
687370 687578
687654 687842
687886 688023
688041 688177
688202 688323
688333 688453
688509 688599
688616 688747
688785 688844
688855 689046
689170 689230
689269 689376
689409 689736
689773 689948
690004 690065
690084 690278
690296 690462
690480 690634
690692 690751
690780 690933
690995 691089
691104 691201
691219 691357
691376 691523
691633 691805
691846 692025
692071 692304
692328 692465
692498 692618
692647 692784
692813 692946
692961 693109
693136 693306
693352 693529
693554 693693
693773 693951
693973 694087
694121 694291
694305 694391
694410 694474
694485 694548
694578 695028
695092 695247
695275 695394
695430 695620
695638 695933
696074 696076
696082 696318
696353 696598
696646 696815
696818 696890
696893 696947
696950 697019
697071 697124
697150 697421
697446 697600
697603 697737
697772 697843
697866 697939
697969 698097
698154 698155
698158 698223
698226 698493
698558 698647
698663 698724
698727 698912
698968 699208
699247 699314
699340 699487
699524 699803
699825 699962
700019 700077
700108 700166
700173 700245
700268 700432
700454 700519
700543 700642
700662 700736
700739 700780
700783 704756
704844 705049
705074 705224
705267 705340
705363 705621
705657 705982
706090 706172
706188 706306
706342 706500
706526 706626
706655 706969
706981 707086
707173 707488
707554 707865
707905 707988
708017 708152
708175 708295
708321 708551
708574 708728
708794 708990
709026 709182
709217 709435
709438 709579
709608 709857
709880 710109
710177 710258
710273 710355
710384 710534
710598 710658
710664 710868
710892 711034
711082 711173
711185 711404
711434 711530
711535 711681
711684 711686
711846 711945
711957 712131
712160 712315
712380 712483
712486 712730
712790 712927
712955 713224
713265 713325
713340 713605
713635 713694
713697 713865
713907 713941
713944 714038
714044 714046
714115 714298
714324 714412
714430 714613
714639 714796
714834 714884
714887 715190
715220 715294
715297 715384
715454 715456
715469 715726
715765 716006
716064 716214
716217 716247
716303 716432
716487 716601
716604 716606
716675 716813
716842 716931
717012 717105
717132 717277
717344 717556
717603 717606
717614 717766
717769 717898
717943 718253
718317 718553
718589 718849
718904 718906
718921 719050
719093 719209
719241 719377
719426 719714
719749 719830
719833 719899
719917 720137
720144 720146
720268 720381
720384 720545
720586 720780
720827 724972
724975 725080
725087 725217
725287 725360
725392 725544
725564 725704
725714 725843
725899 726032
726081 726323
726350 726391
726394 726468
726498 726694
726721 726976
727000 727133
727254 727256
727262 727538
727583 727632
727646 727851
727930 728174
728205 728294
728297 728478
728545 728632
728666 728714
728729 728851
728873 729049
729086 729293
729341 729458
729464 729552
729573 729727
729760 729899
730003 730006
730016 730173
730199 730281
730284 730386
730417 730764
730810 730966
730994 731100
731119 731254
731264 731266
731390 731722
731771 732006
732049 732211
732239 732466
732509 732656
732684 732775
732803 733052
733106 733211
733229 733496
733526 733803
733860 734016
734019 734111
734152 734371
734392 734430
734471 734569
734597 734642
734678 734805
734856 735088
735121 735258
735261 735386
735466 735542
735545 735648
735651 735763
735774 735776
735871 735940
735943 736011
736014 736016
736095 736156
736184 736312
736341 736589
736616 736741
736808 737048
737064 737266
737344 737346
737359 737443
737477 737575
737647 737754
737798 737885
737956 738233
738259 738342
738379 738465
738541 738797
738873 738876
738984 739026
739044 739213
739233 739345
739349 739444
739509 739582
739585 739761
739794 739909
739912 739983
740011 740164
740216 740402
740425 740497
740500 740616
740639 740710
740731 740797
740829 741007
741043 741252
741365 741595
741621 741800
741857 742054
742080 742184
742187 742286
742352 742453
742456 742513
742538 742664
742693 742865
742868 743018
743042 743181
743184 743186
743201 743272
743288 743418
743436 743575
743622 743766
743825 744009
744036 744202
744278 744456
744484 744561
744564 744735
744829 744914
744950 745048
745086 745187
745234 745353
745398 745460
745480 745683
745704 745816
745819 745922
746048 746050
746055 746150
746169 746292
746334 746336
746348 746627
746634 746636
746702 746845
746928 746930
746936 747026
747046 747179
747196 747337
747404 747406
747410 747589
747592 747796
747837 747891
747894 748142
748192 748281
748291 748392
748421 748509
748529 748632
748672 748788
748810 748917
748951 749047
749063 749170
749222 749441
749473 749476
749485 749556
749590 749984
750042 750153
750169 750307
750363 750743
750782 750857
750872 750943
750974 751101
751131 751252
751281 751463
751601 751602
751609 751821
751857 751975
752019 752104
752107 752196
752233 752411
752441 752604
752634 752796
752823 753127
753217 753340
753359 753429
753483 753486
753552 753861
753881 754047
754111 754183
754205 754445
754468 754694
754753 754819
754822 755066
755107 755152
755177 755301
755327 755467
755507 755752
755784 755931
756014 756016
756020 756165
756200 756325
756341 756481
756517 756526
756529 756748
756801 756997
757043 757362
757492 757493
757496 757598
757630 757696
757751 758087
758166 758445
758492 758687
758708 758853
758878 759097
759138 759266
759281 759368
759462 759592
759644 759646
759655 759911
759973 759975
759980 760141
760200 760427
760474 760731
760760 760992
761029 761124
761149 761258
761285 761454
761501 761679
761706 761942
761993 762246
762277 762517
762544 762726
762746 762929
762988 763118
763191 763249
763292 763389
763484 763486
763501 763606
763634 763751
763765 763891
763894 763896
763973 764092
764120 764229
764253 764365
764423 764625
764644 764848
764874 765115
765138 765290
765332 765427
765465 765759
765788 765916
765941 766098
766128 766237
766287 766410
766434 766624
766677 766727
766754 767015
767043 767300
767419 767600
767620 767687
767707 767841
767901 767947
767975 768085
768165 768495
768527 768820
768852 769009
769131 769168
769171 769223
769240 769297
769325 769521
769557 769727
769744 770123
770143 770146
770152 770276
770307 770478
770533 770733
770790 771116
771124 771126
771138 771357
771383 771566
771595 771818
771839 771964
772134 772136
772142 772375
772425 772548
772561 772718
772794 773010
773051 773131
773134 773353
773438 773711
773777 774007
774046 774271
774274 774276
774369 774514
774548 774738
774784 775022
775048 775228
775294 775485
775517 775695
775740 775800
775821 775917
775939 776091
776143 776266
776269 776347
776373 776534
776591 776819
776840 776946
777074 777076
777079 777162
777182 777503
777516 777601
777623 777777
777828 777867
777887 778092
778126 778413
778486 778598
778601 778696
778750 778886
778893 778973
778983 779054
779104 779160
779178 779211
779214 779340
779343 779486
779557 779707
779729 779872
779927 780294
780332 780405
780408 780475
780509 780677
780698 780752
780755 780853
780931 781004
781024 781252
781281 781583
781635 781881
781909 782083
782104 782230
782295 782366
782372 782439
782465 782662
782689 782761
782776 782875
782909 782952
782972 782996
782999 783112
783146 783318
783333 783497
783519 783680
783741 783916
783954 784019
784036 784167
784200 784268
784271 784590
784733 784736
784745 784826
784830 784938
784969 785123
785126 785285
785319 785386
785413 785532
785535 785748
785754 785756
785845 786074
786107 786151
786154 786402
786450 786581
786600 786752
786774 786973
787009 787149
787177 787525
787561 787658
787661 787793
787818 788021
788045 788138
788149 788246
788314 788316
788324 788538
788562 788799
788826 788934
788970 789080
789114 789282
789401 789572
789611 789712
789715 789786
789817 789871
789896 790088
790118 790304
790333 790525
790529 790625
790769 790930
790933 791025
791054 791317
791331 791435
791546 791547
791551 791829
791858 791973
791976 792095
792144 792303
792306 792382
792410 792608
792637 792772
792787 792870
792873 792980
793077 793161
793164 793279
793293 793402
793425 793581
793612 793805
793839 793898
793918 794045
794078 794153
794156 794231
794234 794326
794333 794336
794408 794414
794441 794671
794699 794793
794812 794944
794973 795089
795114 795223
795233 795315
795390 795776
795840 795949
795953 796133
796168 796230
796233 796332
796352 796471
796474 796629
796689 796807
796810 797113
797184 797186
797221 797443
797483 797719
797757 797868
797892 798034
798099 798314
798353 798391
798394 798563
798608 798727
798767 799003
799078 799413
799441 799557
799627 799717
799720 799777
799818 799979
800006 800084
800123 800214
800217 800388
800450 800482
800519 800628
800663 800949
800982 801172
801175 801292
801398 801777
801780 801933
801995 802037
802058 802187
802215 802407
802427 802553
802579 802751
802855 803178
803250 803563
803615 803668
803671 803747
803784 803941
803964 804076
804112 804313
804357 804471
804493 804713
804738 804885
804917 805082
805096 805233
805326 805465
805493 805554
805567 805715
805756 805826
805829 806087
806090 806228
806272 806427
806469 806601
806617 806760
806795 806973
807004 807104
807132 807250
807288 807442
807467 807658
807756 808047
808087 808295
808329 808395
808415 808563
808613 808650
808663 808840
808881 809180
809208 809298
809323 809451
809504 809872
809900 810030
810101 810372
810398 810560
810563 810851
810927 811013
811016 811157
811190 811325
811353 811487
811507 811597
811600 811724
811768 811901
811919 811984
811987 812039
812088 812125
812143 812251
812279 812490
812508 812619
812625 812694
812726 812827
812845 812925
813023 813184
813243 813469
813521 813805
813843 814008
814038 814194
814226 814415
814443 814612
814709 814759
814797 814953
814992 815138
815172 815222
815225 815293
815325 815644
815671 815735
815784 815786
815794 815899
815976 816055
816127 816193
816308 816592
816627 816778
816845 816945
817041 817151
817225 817348
817418 817505
817578 817682
817744 817845
817906 818013
818062 818156
818229 818401
818446 818631
818684 818880
818922 819085
819105 819136
819146 819236
819289 819549
819601 819738
819782 819922
819969 820045
820056 820141
820171 820251
820254 820392
820426 820688
820725 820854
820876 821058
821121 821234
821258 821328
821354 821445
821470 821563
821604 821735
821754 821867
821891 821982
822044 822046
822052 822411
822445 822630
822661 822814
822887 823007
823010 823130
823162 823197
823225 823311
823315 823431
823493 823620
823624 823626
823691 823738
823741 823922
823964 824189
824220 824261
824265 824267
824294 824365
824403 824551
824598 824846
824884 824971
824990 825069
825072 825242
825334 825336
825350 825454
825523 825681
825684 825779
825864 826027
826057 826385
826438 826491
826523 826651
826681 826965
827038 827159
827189 827355
827382 827551
827637 827638
827648 827731
827820 827933
827982 828131
828181 828247
828302 828456
828480 828540
828561 828775
828953 828956
828960 829036
829080 829197
829241 829455
829500 829668
829786 829788
829792 829999
830002 830135
830154 830253
830281 830392
830395 830482
830541 830812
830848 831018
831024 831026
831112 831250
831274 831333
831336 831597
831641 831795
831828 831956
831983 832127
832159 832356
832380 832521
832524 832526
832592 832667
832710 832841
832844 833014
833080 833189
833192 833344
833371 833525
833568 833768
833787 833846
833954 833956
834049 834200
834246 834378
834398 834523
834565 834784
834874 834876
834880 834982
834987 835054
835064 835066
835158 835392
835494 835496
835509 835542
835556 835628
835651 835956
836036 836037
836040 836262
836323 836326
836340 836389
836418 836516
836562 836667
836670 836771
836780 836848
836928 836930
836936 836990
837033 837223
837294 837540
837565 837754
837837 837881
837893 838011
838032 838107
838143 838235
838246 838397
838424 838671
838702 838958
839014 839016
839023 839095
839129 839256
839347 839618
839635 839801
839820 839967
839974 839976
840139 840277
840315 840506
840533 840660
840687 840914
840967 841089
841139 841286
841289 841461
841491 841582
841601 841719
841790 841852
841896 842067
842096 842333
842357 842516
842570 842781
842818 842895
842899 842975
842996 843217
843254 843293
843316 843567
843598 843750
843775 843930
843964 843995
844005 844278
844307 844527
844552 844659
844663 844665
844692 844779
844806 844939
844960 845043
845064 845152
845165 845400
845474 845476
845484 845707
845732 845874
845907 845941
845945 846093
846096 846147
846150 846229
846315 846362
846387 846596
846615 846710
846747 846954
846957 847055
847077 847217
847237 847376
847412 847502
847525 847683
847793 847796
847803 847993
848084 848086
848090 848451
848474 848719
848722 848800
848846 849180
849214 849353
849380 849450
849453 849576
849644 849713
849716 849802
849813 849900
849924 849926
849940 850155
850173 850242
850261 850394
850438 850718
850758 850925
850973 851144
851196 851382
851417 851535
851563 851626
851629 851756
851790 851901
851912 852042
852122 852123
852126 852332
852368 852703
852744 852952
852974 853191
853251 853335
853338 853451
853454 853568
853571 853651
853693 854055
854100 854183
854190 854315
854345 854507
854594 854779
854804 854960
855003 855132
855160 855307
855373 855376
855385 855464
855469 855544
855566 855913
855950 856283
856312 856414
856451 856630
856662 856677
856680 856789
856794 856796
856904 857187
857247 857425
857445 857537
857540 857618
857648 858013
858068 858346
858377 858471
858474 858616
858640 858730
858733 858894
858930 859160
859213 859336
859360 859627
859678 859751
859754 859931
859962 860053
860056 860194
860236 860353
860374 860454
860523 860526
860647 860867
860895 860983
860989 861070
861073 861304
861307 861426
861508 861706
861732 861961
861964 862090
862094 862096
862105 862254
862306 862549
862572 862813
862874 862876
862889 863030
863065 863114
863126 863289
863312 863394
863397 863498
863534 863536
863539 863684
863701 863939
863991 864262
864297 864576
864579 864719
864787 864945
864980 865034
865037 865099
865124 865263
865322 865520
865557 865690
865720 865898
865934 866120
866143 866220
866223 866298
866304 866306
866370 866555
866596 866811
866814 866816
866887 866992
867015 867091
867144 867146
867160 867268
867310 867478
867583 867680
867723 867886
867984 867986
867993 868133
868195 868366
868412 868510
868537 868931
869002 869219
869257 869408
869524 869526
869535 869810
869818 869905
869944 869946
869961 870000
870049 870196
870254 870256
870260 870421
870453 870600
870685 870877
870894 871105
871163 871403
871430 871622
871674 871900
871927 872009
872012 872142
872189 872403
872430 872530
872547 872613
872635 872821
872877 873040
873064 873098
873101 873143
873167 873190
873193 873363
873426 873516
873547 873729
873771 873894
873922 874025
874041 874233
874260 874479
874564 874811
874842 875013
875050 875202
875241 875287
875312 875494
875574 875576
875695 875919
875943 876169
876206 876233
876236 876379
876420 876627
876655 876829
876846 876972
877028 877103
877106 877244
877247 877385
877406 877559
877586 877787
877843 877926
877929 878007
878033 878188
878241 878422
878445 878647
878687 878854
878857 878996
879034 879120
879123 879204
879241 879389
879399 879526
879534 879536
879539 879689
879743 879998
880004 880006
880083 880144
880181 880377
880403 880511
880515 880592
880654 880767
880805 880905
880938 881091
881094 881167
881170 881171
881264 881367
881408 881564
881610 881749
881777 881834
881837 881929
881961 882190
882262 882385
882409 882538
882544 882612
882667 882823
882844 883058
883142 883305
883308 883381
883402 883467
883486 883567
883628 883757
883766 883857
883887 883945
883948 884093
884105 884161
884192 884473
884539 884541
884544 884592
884611 884772
884820 884947
885003 885107
885169 885359
885388 885443
885453 885544
885596 885668
885679 885747
885757 885816
885840 885976
886029 886065
886091 886229
886263 886488
886537 886597
886636 886871
886929 887133
887173 887349
887376 887514
887616 887852
887889 887968
887998 888128
888152 888303
888352 888563
888598 888671
888689 888781
888784 888786
888857 888936
888989 889061
889064 889066
889153 889397
889400 889608
889611 889664
889700 890052
890095 890199
890234 890358
890380 890436
890504 890506
890514 890609
890612 890804
890909 890910
890913 891084
891123 891258
891278 891336
891343 891346
891429 891697
891743 891785
891815 891948
891951 892025
892057 892208
892223 892351
892354 892356
892438 892722
892772 892839
892842 892915
892937 893062
893111 893320
893378 893526
893561 893703
893741 893850
893853 894083
894107 894240
894259 894346
894350 894446
894496 894580
894583 894707
894710 894926
894962 894965
894977 895140
895175 895237
895240 895360
895363 895436
895529 895622
895640 895768
895795 895933
895962 896074
896149 896316
896358 896614
896640 896707
896728 896824
896836 896909
896925 896926
896944 897186
897189 897298
897303 897306
897364 897429
897497 897681
897754 897814
897817 898074
898098 898197
898212 898353
898399 898575
898625 898872
898964 903076
903176 903400
903432 903468
903491 903532
903535 903713
903739 903831
903834 903836
903956 904111
904142 904349
904411 904577
904608 904947
904952 905094
905202 905325
905328 905409
905432 905511
905528 905742
905765 905943
906017 906083
906086 906335
906391 906570
906606 906759
906824 907021
907078 907345
907414 907416
907429 907554
907573 907681
907716 908077
908164 908166
908205 908329
908360 908531
908537 908538
908557 908677
908699 908836
908881 909068
909073 909076
909083 909156
909198 909324
909331 909332
909356 909416
909455 909584
909619 909657
909687 909761
909858 910035
910057 910157
910217 910322
910325 910536
910571 910606
910628 910869
910880 911039
911045 911218
911241 911242
911254 911329
911433 911436
911451 911524
911538 911651
911665 911861
911902 912039
912060 912202
912246 912368
912390 912551
912583 912630
912655 912710
912754 912854
912880 912997
913012 913124
913234 913236
913248 913513
913569 913842
913872 913994
914024 914182
914211 914403
914432 914544
914547 914650
914675 914741
914764 914853
914875 914979
915006 915090
915112 915304
915361 915427
915431 915593
915658 915800
915803 915966
916007 916043
916075 916142
916145 916262
916282 916342
916345 916482
916513 916516
916523 916613
916650 916816
916844 916943
916969 917131
917181 917287
917292 917414
917446 917772
917778 917875
917914 918200
918248 918448
918488 918636
918729 918841
918857 918982
918998 919133
919221 919385
919407 919790
919867 920140
920173 920295
920370 920522
920525 920647
920699 920799
920821 920968
920992 921125
921162 921297
921319 921468
921471 921596
921633 921742
921745 921812
921815 921832
921835 921901
921942 922118
922178 922313
922330 922502
922550 922607
922674 922676
922683 922825
922842 922894
922974 923049
923080 923301
923338 923466
923486 923530
923547 923712
923814 923816
923841 923925
923960 924023
924057 924147
924205 924314
924333 924507
924549 924760
924841 924922
924982 925017
925053 925140
925169 925231
925250 925340
925427 925462
925519 925767
925798 926051
926089 926352
926366 926512
926523 926629
926643 926723
926726 926822
926846 926939
926970 927066
927078 927252
927384 927553
927575 927859
927902 927969
927993 928120
928154 928325
928343 928583
928596 928598
928746 928792
928795 928856
928874 928990
929011 929087
929104 929166
929202 929313
929321 929379
929388 929435
929448 929534
929572 929673
929693 929807
929810 929886
929913 929980
930004 930078
930089 930172
930294 930334
930372 930506
930565 930657
930710 930862
930918 931132
931166 931253
931295 931610
931664 931710
931746 931851
931874 931963
932017 932198
932238 932294
932298 932352
932384 932652
932773 932776
932779 932826
932829 932939
932956 933055
933058 933124
933158 933273
933294 933439
933460 933461
933466 933758
933825 933921
933943 934024
934052 934254
934257 934323
934356 934530
934607 934713
934716 934818
934876 934878
934890 935048
935052 935249
935287 935479
935495 935604
935610 935681
935705 935836
935895 936076
936079 936259
936292 936462
936486 936723
936821 937032
937081 937163
937168 937289
937325 937429
937455 937564
937605 937795
937827 937865
937894 938143
938159 938279
938317 938532
938535 938755
938826 938889
938909 939163
939191 939326
939354 939433
939458 939551
939554 939618
939706 939708
939718 939799
939839 939979
939992 940067
940109 940216
940240 940369
940393 940449
940453 940529
940578 940611
940630 940759
940776 940867
940890 941059
941082 941170
941191 941293
941349 941422
941450 941625
941668 941762
941779 941890
941919 942047
942061 942152
942192 942346
942349 942492
942530 942886
942961 943049
943103 943232
943255 943427
943479 943555
943583 943709
943737 943824
943843 943943
944001 944159
944162 944237
944270 944350
944353 944569
944572 944638
944712 944860
944863 945024
945057 945207
945210 945342
945406 945408
945419 945633
945679 945744
945783 946058
946091 946252
946366 946368
946380 946443
946482 946673
946756 946758
946770 946799
946802 946854
946913 947079
947163 947165
947170 947254
947257 947367
947405 947584
947587 947716
947760 947955
948035 948224
948252 948378
948409 948484
948502 948559
948592 948732
948735 948790
948793 948977
948980 949088
949120 949267
949316 949386
949409 949672
949710 949855
949879 950017
950042 950139
950166 950261
950348 950632
950669 950754
950778 950919
950950 951102
951125 951233
951277 951532
951550 951688
951741 951829
951832 952083
952112 952249
952271 952385
952396 952398
952498 952596
952627 952867
952889 953055
953071 953207
953276 953278
953287 953491
953570 953664
953692 953805
953834 953966
953998 954223
954226 954268
954346 954467
954481 954671
954694 954854
954932 955159
955183 955278
955344 955622
955669 955877
955918 956035
956045 956147
956349 956503
956515 956684
956724 956879
956914 956974
956998 957175
957232 957330
957356 957465
957488 957689
957732 957790
957818 957947
957956 958048
958085 958153
958156 958246
958345 958486
958500 958609
958646 958868
958918 959000
959023 959109
959124 959181
959184 959244
959311 959384
959410 959674
959759 960018
960071 960472
960521 960660
960663 960770
960797 960904
960934 961127
961152 961247
961271 961386
961430 961556
961584 961742
961763 961936
962006 962251
962288 962445
962490 962700
962722 962791
962794 962842
962923 963051
963083 963249
963269 963476
963520 963718
963838 963888
963895 963953
963984 964149
964192 964394
964454 964641
964671 964811
964829 964991
965154 965156
965253 965464
965484 965587
965613 965728
965759 965924
965957 966124
966172 966211
966240 966369
966400 966748
966831 966890
966915 967074
967110 967413
967478 967854
967869 968057
968077 968268
968352 968579
968634 968884
968918 969085
969110 969259
969284 969361
969364 969366
969466 969727
969752 970042
970081 970133
970157 970252
970255 970406
970440 970627
970634 970636
970716 970884
970905 971036
971069 971128
971155 971230
971239 971310
971316 971388
971397 971498
971512 971670
971708 971823
971826 971926
971987 972150
972186 972365
972386 972557
972648 972732
972772 972953
973016 973017
973030 973218
973240 973323
973326 973476
973513 973819
973887 973949
973968 974018
974059 974179
974204 974355
974390 974509
974530 974660
974713 974842
974863 975018
975045 975112
975142 975307
975333 975540
975543 975546
975621 975779
975782 975921
975941 976053
976056 976181
976228 976319
976322 976449
976496 976645
976681 976817
976863 976911
976933 977231
977269 977522
977616 977904
977944 978013
978037 978140
978143 978212
978241 978480
978506 978584
978609 978678
978681 978764
978774 978776
978841 979384
979425 979632
979636 979712
979742 979935
979962 980089
980170 980397
980417 980521
980582 980796
980799 980849
980879 980954
980975 981113
981139 981314
981391 981628
981670 981729
981754 981910
981933 982057
982110 982252
982270 982337
982340 982469
982474 982476
982554 982642
982647 982703
982721 982786
982824 982929
982932 983151
983154 983156
983233 983391
983438 983562
983596 983778
983806 984062
984101 984328
984351 984483
984494 984496
984581 984758
984812 985020
985065 985144
985162 985230
985233 985304
985327 985467
985473 985596
985647 985927
985960 986104
986152 986383
986440 986611
986641 986768
986840 986933
986936 987124
987151 987354
987405 987453
987485 987785
987821 988003
988030 988142
988232 988350
988375 988523
988550 988686
988794 988894
988923 988994
988997 989141
989168 989186
989189 989353
989384 989539
989593 989692
989718 989945
989976 990221
990262 990489
990522 990804
990814 990816
990895 991038
991058 991234
991266 991449
991457 991544
991569 991734
991774 991866
991899 992101
992132 992214
992241 992410
992448 992651
992689 992804
992807 992946
992975 993081
993084 993086
993161 993287
993302 993450
993497 993665
993700 993909
993953 994137
994160 994304
994329 994413
994446 994696
994755 994862
994884 995061
995084 995199
995274 995388
995394 995481
995494 995606
995673 995853
995857 995931
995955 996082
996094 996096
996217 996420
996451 996494
996514 996620
996639 996695
996698 996778
996781 996849
996870 996997
997027 997273
997296 997470
997514 997809
997867 998008
998037 998158
998213 998470
998504 998698
998722 998797
998821 998936
998971 999113
999116 999292
999355 999517
999588 999988
1000041 1000251
1000311 1000421
1000424 1000639
1000690 1000846
1000867 1001050
1001073 1001165
1001168 1001258
1001344 1001346
1001352 1001436
1001486 1001638
1001677 1001929
1001965 1002008
1002015 1002172
1002226 1002419
1002453 1002535
1002574 1002775
1002799 1002990
1003018 1003074
1003080 1003157
1003219 1003283
1003286 1003482
1003540 1003557
1003560 1003695
1003720 1003908
1003914 1003916
1004002 1004178
1004206 1004493
1004539 1004611
1004638 1004789
1004812 1004910
1004913 1004976
1005013 1005200
1005246 1005297
1005331 1005408
1005432 1005687
1005745 1005794
1005797 1005870
1005905 1006040
1006043 1006197
1006222 1006389
1006474 1006476
1006488 1006796
1006841 1007061
1007089 1007235
1007270 1007303
1007324 1007549
1007577 1007886
1007975 1008048
1008073 1008270
1008291 1008386
1008419 1008661
1008682 1008845
1008917 1009027
1009030 1009118
1009171 1009325
1009346 1009471
1009474 1009476
1009578 1009625
1009648 1009884
1009936 1010002
1010018 1010123
1010148 1010302
1010305 1010397
1010421 1010548
1010597 1010777
1010800 1010887
1010907 1011082
1011107 1011199
1011230 1011325
1011328 1011443
1011462 1011541
1011544 1011652
1011664 1011666
1011731 1011843
1011847 1012059
1012103 1012246
1012293 1012523
1012570 1012733
1012765 1012909
1012946 1013155
1013158 1013212
1013215 1013272
1013308 1013445
1013478 1013610
1013629 1013768
1013808 1013881
1013977 1014076
1014079 1014221
1014248 1014376
1014408 1014500
1014565 1014764
1014787 1014936
1014978 1015004
1015007 1015123
1015126 1015230
1015234 1015236
1015302 1015548
1015593 1015823
1015870 1015922
1015926 1016038
1016083 1016289
1016306 1016422
1016468 1016648
1016732 1017000
1017028 1017121
1017147 1017321
1017350 1017498
1017502 1017646
1017649 1017771
1017844 1017845
1017849 1018222
1018285 1018325
1018328 1018565
1018587 1018712
1018738 1018864
1018919 1019120
1019140 1019250
1019288 1019512
1019537 1019656
1019681 1019776
1019784 1019786
1019853 1020077
1020121 1020359
1020403 1020579
1020619 1020674
1020703 1020905
1020930 1021109
1021132 1021205
1021225 1021293
1021296 1021357
1021389 1021662
1021689 1021843
1021868 1021943
1021964 1022061
1022139 1022381
1022415 1022552
1022562 1022587
1022605 1022911
1022914 1022965
1023050 1023286
1023312 1023543
1023588 1023657
1023680 1023768
1023793 1023924
1023953 1024088
1024103 1024328
1024334 1024336
1024427 1024712
1024739 1024931
1024946 1025001
1025023 1025214
1025281 1025354
1025369 1025483
1025508 1025767
1025825 1026102
1026143 1026204
1026228 1026435
1026464 1026624
1026634 1026636
1026728 1026817
1026837 1026921
1026924 1026962
1027011 1027273
1027317 1027436
1027439 1027541
1027561 1027807
1027814 1027816
1027895 1027963
1027994 1028154
1028178 1028404
1028469 1028607
1028610 1028806
1028847 1028940
1028944 1029020
1029039 1029222
1029295 1029642
1029678 1029869
1029893 1029982
1029986 1030061
1030092 1030171
1030192 1030348
1030474 1030669
1030711 1031093
1031113 1031280
1031304 1031522
1031584 1031586
1031599 1031753
1031788 1031931
1031955 1032165
1032189 1032222
1032250 1032387
1032418 1032661
1032702 1032926
1032957 1033171
1033247 1033370
1033399 1033523
1033551 1033691
1033734 1034035
1034084 1034283
1034301 1034491
1034563 1034774
1034803 1034944
1034949 1035141
1035144 1035146
1035216 1035268
1035303 1035561
1035590 1035877
1035903 1035973
1035976 1036046
1036086 1036129
1036132 1036410
1036449 1036704
1036803 1037188
1037215 1037328
1037358 1037525
1037552 1037712
1037730 1037810
1037814 1038014
1038117 1038470
1038488 1038612
1038650 1038814
1038836 1039021
1039136 1039241
1039268 1039380
1039444 1039526
1039572 1039741
1039828 1039885
1039888 1040112
1040161 1040238
1040271 1040376
1040379 1040507
1040530 1040689
1040731 1041054
1041087 1041256
1041276 1041352
1041355 1041446
1041473 1041583
1041611 1041699
1041732 1041783
1041804 1041919
1041922 1042020
1042047 1042305
1042354 1042356
1042371 1042482
1042509 1042749
1042773 1042896
1042945 1043154
1043175 1043499
1043586 1043739
1043764 1043932
1043979 1044089
1044104 1044217
1044259 1044397
1044416 1044546
1044574 1044651
1044677 1044838
1044884 1044939
1044957 1045211
1045242 1045414
1045417 1045473
1045497 1045646
1045654 1045656
1045744 1045887
1045890 1045955
1045990 1046155
1046175 1046299
1046356 1046580
1046632 1046968
1046979 1046980
1047006 1047303
1047351 1047576
1047608 1047772
1047775 1047883
1047922 1048224
1048248 1048374
1048432 1048646
1048664 1048791
1048819 1049055
1049073 1049148
1049170 1049295
1049347 1049577
1049588 1049623
1049658 1049869
1049909 1050106
1050198 1050282
1050292 1050347
1050371 1050504
1050534 1050697
1050700 1050762
1050785 1050888
1050913 1051042
1051124 1051126
1051132 1051209
1051228 1051364
1051367 1051465
1051500 1051571
1051574 1051693
1051715 1051873
1051920 1051955
1051977 1052100
1052128 1052316
1052355 1052391
1052409 1052537
1052551 1052652
1052684 1052773
1052787 1052937
1052963 1053063
1053108 1053304
1053337 1053386
1053405 1053718
1053742 1053820
1053857 1053931
1053966 1054160
1054184 1054435
1054523 1054526
1054539 1054895
1054919 1054937
1054940 1055390
1055452 1055928
1055990 1056179
1056206 1056354
1056407 1056667
1056734 1057103
1057141 1057264
1057287 1057405
1057445 1057643
1057667 1057914
1057978 1058034
1058075 1058301
1058351 1058595
1058641 1058852
1058855 1058906
1058909 1058971
1058998 1059169
1059172 1059270
1059297 1059442
1059460 1059526
1059548 1059685
1059712 1059876
1059879 1060019
1060024 1060026
1060150 1060427
1060471 1060766
1060791 1061069
1061141 1061346
1061363 1061464
1061487 1061635
1061663 1061705
1061720 1061942
1061975 1062162
1062203 1062441
1062476 1062571
1062591 1062739
1062769 1062886
1062906 1062965
1062982 1063045
1063071 1063354
1063398 1063513
1063532 1063771
1063799 1063880
1063909 1064003
1064044 1064109
1064112 1064191
1064194 1064281
1064310 1064388
1064408 1064495
1064525 1064646
1064654 1064656
1064665 1064851
1064854 1064856
1064902 1065202
1065244 1065281
1065308 1065441
1065463 1065684
1065715 1065995
1066026 1066140
1066229 1066493
1066515 1066760
1066764 1066766
1066877 1066941
1066945 1067051
1067086 1067290
1067368 1067425
1067451 1067816
1067892 1068043
1068074 1068242
1068276 1068418
1068472 1068602
1068628 1068767
1068803 1069114
1069190 1069288
1069314 1069564
1069592 1069802
1069874 1070224
1070263 1070397
1070433 1070694
1070741 1070771
1070794 1070923
1070955 1071234
1071256 1071373
1071409 1071540
1071564 1071652
1071724 1071726
1071735 1071932
1071959 1072162
1072165 1072168
1072192 1072201
1072210 1072551
1072572 1072717
1072750 1072895
1072924 1073052
1073128 1073169
1073186 1073366
1073378 1073463
1073519 1073767
1073812 1074024
1074060 1074347
1074403 1074664
1074672 1074737
1074762 1074959
1075014 1075016
1075026 1075270
1075306 1075601
1075645 1075907
1075988 1076037
1076067 1076198
1076223 1076263
1076266 1076419
1076439 1076608
1076636 1076819
1076845 1076986
1076989 1077034
1077044 1077046
1077127 1077245
1077267 1077451
1077454 1077456
1077501 1077899
1077938 1078068
1078091 1078134
1078137 1078267
1078290 1078534
1078585 1078844
1078911 1078967
1078974 1079183
1079225 1079441
1079462 1079783
1079834 1080022
1080056 1080107
1080112 1080178
1080199 1080274
1080330 1080579
1080616 1080803
1080822 1080967
1081042 1081102
1081132 1081259
1081297 1081332
1081345 1081450
1081473 1081780
1081825 1081999
1082038 1082122
1082136 1082203
1082223 1082395
1082440 1082647
1082681 1082913
1082950 1083312
1083336 1083433
1083471 1083480
1083496 1083660
1083694 1083921
1083984 1083986
1084000 1084242
1084271 1084583
1084617 1084755
1084774 1084896
1084984 1084986
1084995 1085094
1085119 1085219
1085252 1085330
1085351 1085509
1085540 1085860
1085892 1086097
1086175 1086308
1086326 1086497
1086533 1086634
1086637 1086707
1086727 1086920
1086941 1087105
1087158 1087250
1087273 1087275
1087290 1087447
1087474 1087739
1087770 1087835
1087860 1087972
1087995 1088239
1088280 1088544
1088639 1088928
1088951 1089099
1089160 1089358
1089361 1089420
1089468 1089740
1089792 1089966
1090020 1090094
1090097 1090195
1090236 1090564
1090596 1090822
1090893 1090896
1090965 1090998
1091001 1091193
1091225 1091301
1091316 1091528
1091565 1091723
1091758 1091971
1091994 1092085
1092131 1092289
1092315 1092403
1092424 1092506
1092561 1092731
1092786 1093009
1093099 1093101
1093113 1093176
1093209 1093338
1093369 1093534
1093595 1093826
1093878 1094127
1094174 1094222
1094257 1094415
1094438 1094720
1094753 1094946
1094974 1095123
1095170 1095212
1095218 1095275
1095295 1095366
1095377 1095547
1095565 1095571
1095574 1095724
1095775 1095976
1095979 1096045
1096069 1096208
1096349 1097651
1097656 1097724
1097747 1097866
1097914 1098309
1098369 1098371
1098374 1098619
1098689 1098691
1098696 1098968
1099017 1099181
1099224 1099394
1099436 1099635
1099665 1099728
1099748 1099928
1099958 1100091
1100199 1100201
1100204 1100584
1100631 1100757
1100763 1100876
1100879 1100881
1100930 1101162
1101165 1101334
1101338 1101417
1101452 1101481
1101517 1101700
1101709 1101791
1101832 1101883
1101907 1102105
1102138 1102185
1102188 1102297
1102326 1102476
1102539 1102541
1102554 1102612
1102641 1102766
1102808 1102902
1102928 1103006
1103009 1103075
1103130 1103235
1103270 1103370
1103441 1103652
1103655 1103742
1103764 1103947
1103959 1103961
1104038 1104084
1104102 1104224
1104255 1104343
1104364 1104474
1104489 1104582
1104632 1104797
1104836 1104961
1105001 1105046
1105049 1105149
1105179 1105254
1105272 1105391
1105474 1105476
1105533 1105660
1105694 1105825
1105834 1105836
1105905 1105959
1105994 1106219
1106241 1106355
1106373 1106602
1106654 1106656
1106670 1106754
1106784 1106896
1106922 1107143
1107172 1107352
1107379 1107515
1107580 1107920
1107988 1108204
1108232 1108340
1108343 1108434
1108437 1108528
1108557 1108722
1108777 1108849
1108852 1108915
1108950 1109133
1109156 1109328
1109373 1109424
1109448 1109537
1109556 1109642
1109672 1110033
1110092 1110134
1110157 1110351
1110375 1110619
1110661 1110940
1110943 1111043
1111066 1111178
1111210 1111497
1111545 1111816
1111830 1111898
1111939 1112006
1112035 1112153
1112156 1112257
1112291 1112408
1112412 1112482
1112510 1112705
1112784 1112786
1112792 1112873
1112876 1112974
1112986 1113196
1113235 1113284
1113310 1113436
1113464 1113630
1113654 1113860
1113891 1114033
1114063 1114249
1114317 1114486
1114511 1114604
1114647 1115117
1115180 1115270
1115287 1115395
1115445 1115587
1115674 1115676
1115687 1115864
1115931 1116063
1116092 1116146
1116161 1116250
1116286 1116661
1116718 1117069
1117099 1117302
1117329 1117572
1117607 1117776
1117809 1117962
1117981 1118104
1118184 1118186
1118200 1118290
1118293 1118414
1118451 1118818
1118854 1118946
1118985 1119146
1119165 1119424
1119449 1119583
1119682 1119979
1120002 1120168
1120219 1120377
1120402 1120579
1120605 1120732
1120749 1120834
1120874 1120935
1120976 1121097
1121128 1121325
1121364 1121366
1121377 1121555
1121558 1121724
1121780 1121913
1121942 1122131
1122154 1122288
1122316 1122520
1122538 1122612
1122633 1122714
1122747 1122904
1122924 1123151
1123154 1123278
1123296 1123440
1123474 1123554
1123580 1123720
1123747 1124002
1124045 1124435
1124504 1124601
1124619 1124922
1124989 1125227
1125230 1125302
1125308 1125385
1125400 1125474
1125513 1125564
1125584 1125696
1125721 1125870
1125899 1126202
1126214 1126323
1126384 1126452
1126487 1126663
1126666 1126763
1126802 1126902
1126928 1126993
1127020 1127092
1127095 1127172
1127220 1127462
1127465 1127581
1127657 1127691
1127711 1127903
1127930 1128019
1128039 1128120
1128149 1128301
1128316 1128467
1128490 1128619
1128634 1128794
1128921 1129095
1129098 1129300
1129325 1129471
1129488 1129726
1129788 1129877
1129898 1130048
1130083 1130288
1130305 1130417
1130469 1130504
1130533 1130919
1130957 1131215
1131218 1131262
1131344 1131346
1131357 1131591
1131616 1131698
1131701 1131781
1131808 1131881
1131885 1131964
1131994 1131996
1132005 1132281
1132302 1132488
1132513 1132669
1132694 1132696
1132703 1132727
1132730 1133044
1133079 1133286
1133323 1133438
1133487 1133855
1133882 1133957
1133980 1134119
1134122 1134206
1134254 1134311
1134334 1134600
1134645 1134811
1134835 1134941
1134974 1134976
1134989 1135102
1135124 1135321
1135324 1135326
1135331 1135569
1135572 1135608
1135623 1135735
1135738 1135874
1135906 1135996
1136043 1136157
1136161 1136229
1136256 1136350
1136353 1136440
1136484 1136486
1136496 1136660
1136664 1136731
1136743 1136854
1136857 1136920
1136954 1137154
1137217 1137455
1137478 1137626
1137649 1137722
1137727 1137779
1137850 1137984
1138005 1138229
1138256 1138406
1138457 1138629
1138662 1138840
1138871 1139139
1139166 1139466
1139524 1139634
1139652 1139730
1139748 1139831
1139851 1140040
1140072 1140188
1140215 1140306
1140328 1140405
1140422 1140620
1140651 1141004
1141046 1141298
1141373 1141428
1141454 1141586
1141606 1141848
1141876 1142105
1142133 1142425
1142463 1142579
1142623 1142750
1142796 1142967
1143044 1143046
1143061 1143206
1143209 1143262
1143292 1143442
1143474 1143518
1143521 1143622
1143643 1143787
1143835 1143946
1143959 1144130
1144177 1144357
1144412 1144500
1144504 1144613
1144640 1144903
1144924 1145154
1145190 1145307
1145331 1145549
1145582 1145797
1145816 1145995
1146075 1146147
1146165 1146287
1146299 1146417
1146420 1146496
1146514 1146639
1146664 1146836
1146860 1147006
1147034 1147098
1147101 1147145
1147154 1147206
1147233 1147351
1147382 1147658
1147683 1147782
1147820 1147851
1147854 1147941
1147973 1148170
1148173 1148239
1148323 1148555
1148609 1148768
1148796 1148945
1148971 1149033
1149036 1149108
1149214 1149216
1149231 1149295
1149318 1149416
1149419 1149561
1149581 1149660
1149676 1149762
1149785 1149881
1149941 1150014
1150027 1150108
1150127 1150346
1150407 1150622
1150665 1150938
1151000 1151202
1151230 1151359
1151362 1151466
1151486 1151687
1151739 1151987
1152013 1152185
1152209 1152446
1152497 1152659
1152700 1152959
1152985 1153191
1153194 1153196
1153356 1153422
1153432 1153516
1153531 1153624
1153627 1153778
1153819 1153986
1154017 1154155
1154158 1154218
1154239 1154372
1154398 1154521
1154604 1154606
1154612 1154904
1154907 1155000
1155054 1155174
1155214 1155269
1155295 1155443
1155446 1155602
1155736 1156000
1156053 1156216
1156333 1156336
1156349 1156547
1156573 1156674
1156679 1156790
1156821 1156984
1156987 1157124
1157255 1157257
1157370 1157520
1157595 1157947
1157982 1158071
1158074 1158294
1158424 1158498
1158554 1158718
1158743 1158842
1158845 1158935
1158954 1159054
1159125 1159227
1159253 1159516
1159519 1159539
1159545 1159683
1159732 1159765
1159769 1159873
1159907 1159977
1159998 1160115
1160118 1160181
1160213 1160384
1160387 1160517
1160520 1160585
1160588 1160651
1160710 1160783
1160811 1160885
1160952 1161197
1161226 1161472
1161515 1161633
1161668 1161858
1161889 1162003
1162084 1162249
1162273 1162521
1162553 1162638
1162641 1162831
1162867 1162898
1162929 1163123
1163155 1163422
1163534 1163536
1163547 1163614
1163645 1163841
1163858 1163909
1163928 1164039
1164086 1164169
1164197 1164299
1164385 1164485
1164488 1164681
1164705 1164914
1164951 1165110
1165152 1165236
1165260 1165353
1165373 1165481
1165554 1165556
1165566 1165640
1165655 1165725
1165734 1165736
1165843 1165950
1165953 1166075
1166102 1166206
1166209 1166422
1166463 1166662
1166685 1166813
1166937 1167082
1167090 1167166
1167169 1167284
1167303 1167306
1167326 1167387
1167390 1167393
1167405 1167521
1167554 1167747
1167781 1167850
1167864 1167966
1168043 1168164
1168203 1168372
1168434 1168621
1168639 1168734
1168738 1168790
1168873 1169016
1169034 1169110
1169113 1169190
1169215 1169381
1169396 1169516
1169556 1169645
1169685 1169745
1169765 1169934
1169962 1170132
1170183 1170423
1170475 1170585
1170613 1170875
1170930 1171123
1171126 1171196
1171220 1171347
1171372 1171544
1171594 1171596
1171607 1171726
1171754 1171939
1171973 1172062
1172076 1172245
1172301 1172409
1172451 1172564
1172567 1172707
1172745 1172954
1172969 1173032
1173055 1173139
1173201 1173337
1173340 1173446
