11 296
316 458
468 608
628 702
726 804
809 857
860 893
923 981
984 1081
1113 1267
1328 1330
1361 1711
1718 1720
1784 1850
1881 1955
2077 2304
2318 2320
2374 2475
2507 2601
2604 2728
2735 2813
2876 3034
3037 3092
3098 3100
3167 3325
3338 3340
3385 3507
3510 3543
3546 3649
3663 3721
3731 3733
3736 3917
3926 4110
4116 4118
4157 4291
4294 4478
4481 4630
4680 4781
4801 4928
4964 5135
5212 5319
5322 5548
5578 5695
5698 5775
5795 5953
5995 6047
6053 6228
6278 6538
6637 6767
6776 6778
6823 6936
6975 7018
7025 7108
7153 7238
7314 7397
7404 7499
7509 7685
7702 7904
7951 8085
8110 8149
8165 8229
8271 8312
8336 8468
8529 8740
8763 8883
8964 9130
9174 9251
9254 9372
9407 9433
9440 9635
9638 9722
9763 9819
9822 9922
9932 9933
9985 10126
10150 10302
10329 10331
10334 10425
10448 10578
10581 10710
10713 10864
10871 10873
11010 11036
11039 11149
11152 11273
11310 11382
11385 11484
11496 11693
11740 11881
11884 12005
12040 12283
12303 12305
12360 12457
12464 12537
12546 12548
12608 12680
12683 12751
12764 12911
12941 12943
12946 13055
13058 13229
13267 13475
13543 13679
13717 13875
13892 14002
14064 14130
14212 14342
14364 14554
14608 14695
14825 14870
14882 14942
14945 15100
15103 15206
15210 15270
15291 15417
15471 15687
15711 15815
15818 15920
15959 16232
16322 16606
16637 16773
16826 16916
16957 17063
17120 17269
17295 17423
17431 17567
17619 17757
17781 17783
17786 17948
17981 18081
18084 18086
18091 18278
18281 18496
18540 18711
18740 18797
18916 18986
19020 19094
19114 19304
19346 19377
19427 19666
19669 19820
19869 19950
20011 20178
20227 20346
20358 20640
20696 20733
20746 20791
20794 20902
20956 21151
21189 21285
21294 21473
21511 21742
21788 21915
21934 21997
22021 22093
22160 22258
22293 22431
22452 22657
22680 22822
22825 22896
22899 23035
23089 23187
23190 23355
23483 23656
23668 23779
23799 23888
23911 24028
24052 24148
24186 24260
24290 24292
24295 24381
24410 24483
24559 24635
24638 24873
24953 25056
25078 25165
25168 25325
25396 25617
25639 25739
25746 25747
25799 25930
25963 26078
26102 26215
26225 26298
26326 26431
26434 26514
26564 26682
26717 27041
27131 27216
27232 27502
27548 27687
27722 27849
27857 27858
27944 28065
28126 28309
28312 28373
28417 28473
28476 28612
28636 28801
28805 29027
29123 29229
29232 29296
29310 29323
29352 29373
29390 29510
29559 29626
29629 29816
29840 29916
29974 30018
30044 30155
30162 30165
30176 30184
30216 30247
30302 30322
30342 30352
30384 30420
30423 30523
30526 30670
30685 30996
31024 31554
31613 31800
31814 31815
31880 31910
31967 32112
32132 32675
32740 32805
32816 32925
33042 33252
33283 33285
33403 33481
33503 33505
33577 33609
33614 33649
33653 33715
33718 33801
33838 34015
34041 34145
34229 34231
34237 34340
34344 34446
34496 34635
34667 34763
34786 35637
35682 35737
35751 35843
35862 35977
36013 36043
36059 36076
36087 36290
36379 36884
36906 36924
36937 36940
37139 37195
37199 37258
37301 37428
37431 37489
37521 37598
37606 37677
37713 37868
37877 37964
38023 38579
38602 38672
38695 39817
39842 39985
39997 40000
40121 40125
40148 40279
40294 40389
40398 40787
40823 40862
40911 40988
40991 41191
41195 41370
41382 41464
41476 41845
41929 41971
41976 42092
42143 42170
42173 42586
42609 42672
42678 42680
42780 42816
42836 43365
43400 43519
43525 43526
43598 43655
43658 43763
43768 43791
43798 43823
43826 43828
43892 43895
43956 44052
44057 44134
44160 44240
44263 44555
44624 44716
44722 44780
44785 45558
45594 45689
45692 46171
46217 46218
46291 46346
46372 46499
46546 46656
46662 46665
46741 46788
46799 46843
46971 47140
47200 47726
47810 47900
47903 47926
47963 48042
48123 48135
48187 48208
48229 48288
48301 48391
48437 49342
49368 49427
49448 49599
49629 49708
49729 49796
49870 49899
49923 49983
50045 50124
50137 50138
50216 50323
50377 50494
50518 50620
50669 50701
50704 50814
50849 50888
50903 51085
51128 51998
52001 52100
52162 52216
52224 52310
52313 53405
53431 53526
53592 53638
53669 53742
53859 54332
54350 54392
54412 54447
54531 54625
54689 54719
54739 55723
55746 55808
55811 55874
55893 55939
55990 55992
55995 56206
56259 56323
56328 56331
56444 56496
56522 57970
57997 57998
58067 58086
58137 58156
58164 58248
58275 58282
58305 58459
58480 59223
59243 59310
59391 59493
59505 59590
59620 59696
59721 59757
