238 270
273 404
462 665
672 743
771 806
809 865
911 1168
1229 1256
1263 1529
1560 1674
1709 1823
1826 1996
1999 2114
2128 2434
2520 2719
2722 3002
3029 3142
3145 3286
3329 3507
3510 3593
3620 3799
3805 3854
3948 4227
4230 4323
4342 4358
4361 4509
4542 4685
4688 4835
4857 4912
4940 4992
5062 5268
5281 5345
5350 5459
5462 5465
5590 5674
5679 5843
5874 6113
6126 6267
6296 6617
6644 6755
6758 6821
6827 6927
7042 7236
7258 7391
7394 7514
7606 7608
7611 7753
7764 7875
7879 8016
8039 8225
8274 8426
8460 8520
8523 8698
8745 8822
8835 8851
8854 9096
9099 9181
9187 9296
9360 9515
9518 9568
9571 9630
9659 9897
9912 9980
10008 10194
10236 10458
10534 10600
10603 10693
10707 10803
10806 10808
10909 11108
11116 11230
11233 11326
11329 11441
11444 11593
11641 11670
11673 11809
11814 11958
11980 12173
12176 12269
12298 12451
12461 12579
12591 12707
12758 12901
12904 13072
13110 13139
13152 13210
13213 13215
13329 13608
13611 13685
13688 13715
13718 13842
13897 14042
14045 14235
14242 14245
14290 14480
14513 14796
14801 14878
14892 15000
15063 15299
15324 15555
15585 15734
15737 15792
15795 15862
15903 15953
15956 16131
16159 16235
16238 16348
16371 16511
16523 16525
16528 16808
16880 17107
17110 17219
17230 17412
17439 17686
17749 17818
17821 17965
17968 18016
18019 18166
18209 18297
18300 18429
18448 18606
18609 18732
18736 18862
18867 18868
18947 19109
19112 19217
19220 19304
19307 19396
19412 19504
19507 19634
19662 19776
19779 19861
19882 19997
20065 20177
20186 20302
20305 20435
20453 20556
20597 20700
20703 20805
20808 21098
21124 21207
21210 21392
21416 21583
21679 21681
21684 22005
22008 22186
22218 22557
22561 22597
22633 22882
22924 22970
22973 23253
23263 23447
23548 23954
23957 24049
24068 24088
24092 24194
24305 24539
24572 24864
24893 24957
24960 25145
25211 25266
25282 25468
25475 25619
25633 25881
25884 25993
26005 26287
26325 26620
26648 26782
26785 26845
26848 26939
26968 27016
27019 27119
27132 27133
27203 27295
27310 27480
27488 27604
27607 27733
27741 27743
27746 27941
27967 28068
28125 28371
28379 28437
28440 28561
28580 28783
28817 29144
29166 29347
29357 29358
29423 29602
29613 29945
29971 30035
30039 30095
30104 30232
30274 30577
30596 30658
30661 30740
30776 30894
30897 31037
31060 31309
31312 31494
31497 31529
31535 31795
31858 32036
32056 32219
32222 32446
32453 32455
32500 32596
32599 32883
32969 33086
33089 33377
33401 33433
33486 33560
33575 33616
33646 33648
33670 33799
33802 33885
33961 34073
34076 34344
34385 34557
34560 34614
34617 34694
34697 34881
34901 35176
35221 35430
35436 35480
35516 35690
35728 35913
35937 35992
35995 36112
36123 36203
36239 36452
36471 36674
36695 36820
36824 36952
37038 37040
37047 37133
37142 37191
37196 37442
37467 37724
37737 37796
37799 37992
38019 38149
38152 38284
38312 38681
38684 38769
38773 38863
38878 38934
38999 39169
39172 39372
39398 39476
39479 39588
39652 39946
39949 40210
40255 40335
40339 40513
40541 40643
40650 40718
40721 40860
40947 40948
40951 41025
41028 41057
41062 41124
41147 41317
41347 41483
41514 41662
41683 41937
41978 42006
42009 42055
42067 42169
42184 42307
42316 42414
42417 42576
42590 42697
42705 42902
42908 42974
43017 43215
43221 43338
43461 43463
43483 43564
43593 43833
43836 43954
43957 43958
44051 44224
44229 44277
44280 44556
44589 44694
44706 45207
45242 45360
45363 45457
45495 45563
45566 45568
45571 45663
45707 45756
45759 45994
45997 46078
46094 46393
46423 46650
46665 46737
46740 46920
46939 47038
47041 47353
47394 47763
47791 48085
48135 48547
48585 49141
49159 49342
49394 49780
49783 50152
50180 50305
50314 50316
50415 50682
50705 50832
50873 50955
50958 50982
50985 51410
51430 51619
51632 51910
51935 52064
52067 52130
52191 52366
52369 52448
52482 52550
52553 52763
52783 52880
52883 53002
53039 53143
53146 53327
53330 53516
53520 53579
53635 53996
54022 54272
54292 54353
54356 54626
54647 54813
54842 55072
55075 55304
55366 55487
55490 55615
55618 55848
55890 56157
56204 56432
56441 56859
56880 57157
57160 57240
57243 57310
57314 57316
57389 57683
57709 57901
57904 58085
58163 58266
58279 58484
58507 58697
58712 58742
58770 59034
59037 59051
59054 59209
59255 59461
59485 59661
59686 59778
