194 540
672 754
765 905
1051 1182
1293 1518
1620 1777
1824 2039
2074 2146
2154 2228
2308 2397
2402 2421
2461 2565
2572 2689
2801 2802
2883 3042
3081 3184
3274 3455
3584 3806
3857 3922
3940 4042
4105 4260
4317 4515
4520 4582
4600 4602
4645 4685
4706 4793
4894 5124
5207 5338
5376 5505
5538 5676
5688 5756
5759 5793
5891 5967
5970 6045
6076 6182
6282 6337
6432 6473
6598 6730
6734 6871
6945 7034
7037 7306
7474 7583
7610 7830
7885 7898
7903 7985
8046 8195
8286 8400
8405 8445
8448 8546
8648 8812
8864 8924
8967 9206
9261 9352
9358 9415
9434 9518
9571 9573
9670 9791
9864 9910
9921 10070
10128 10356
10437 10558
10596 10729
10890 11004
11077 11256
11267 11393
11404 11557
11739 11929
11946 12080
12088 12167
12199 12278
12384 12438
12441 12605
12689 12934
13031 13088
13134 13257
13297 13368
13466 13505
13550 13691
13728 13809
13857 14046
14143 14145
14250 14362
14429 14623
14693 14864
14935 15221
15264 15266
15352 15473
15583 15852
15916 16066
16115 16193
16208 16273
16399 16461
16501 16549
16675 16866
16940 17086
17148 17337
17340 17370
17378 17441
17496 17498
17547 17641
17679 17754
17768 17847
17918 18032
18037 18086
18154 18272
18275 18351
18363 18498
18585 18795
18880 18961
18965 18967
18998 19091
19096 19120
19216 19217
19253 19373
19466 19561
19566 19596
19679 19851
19854 19897
19948 20005
20012 20063
20071 20347
20416 20418
20501 20576
20612 20671
20721 20815
20888 21013
21126 21345
21476 21638
21662 21698
21738 21740
21816 21969
21978 22040
22219 22360
22400 22511
22575 22767
22877 22981
22984 23068
23172 23313
23356 23422
23475 23476
23673 23800
23803 23883
24006 24143
24235 24366
24394 24566
24688 24905
24970 25142
25215 25286
25376 25442
25457 25517
25627 25766
25812 25949
26114 26116
26151 26192
26199 26257
26316 26375
26388 26563
26569 26746
26788 26848
26930 27160
27223 27385
27458 27645
27772 27912
27923 27975
27980 28000
28098 28137
28170 28252
28403 28522
28525 28551
28572 29019
29107 29138
29150 29229
29327 29608
29765 29768
29865 30024
30032 30151
30216 30364
30404 30565
30634 30997
31029 31069
31072 31102
31209 31420
31535 31731
31804 32015
32047 32204
32245 32448
32502 32581
32584 32642
32717 32851
32959 33008
33015 33054
33062 33080
33084 33127
33130 33164
33172 33205
33272 33466
33509 33591
33654 33781
33808 33885
33940 34093
34172 34175
34331 34648
34688 34800
34844 34903
34906 34980
35043 35124
35138 35285
35437 35621
35702 35889
35896 35958
35961 35993
36044 36150
36219 36323
36415 36529
36557 36754
36764 36877
36880 36919
36930 37016
37170 37325
37408 37501
37529 37592
37597 37640
37643 37727
37821 37823
37989 38240
38249 38371
38412 38446
38507 38545
38550 38686
38746 38897
38975 38976
39059 39209
39304 39481
39551 39597
39634 39729
39877 39878
39883 39932
40006 40048
40130 40380
40429 40533
40636 40638
40646 40694
40740 40843
40921 41096
41236 41238
41241 41337
41426 41473
41555 41714
41759 41900
41936 42026
42031 42040
42043 42093
42111 42211
42268 42408
42456 42587
42612 42672
42724 42821
42869 43135
43207 43292
43299 43486
43493 43534
43694 43696
43762 43859
43955 44018
44029 44169
44264 44598
44720 44722
44784 44821
44886 45016
45061 45175
45225 45368
45386 45551
45669 45729
45803 45971
46036 46165
46173 46255
46260 46279
46306 46337
46394 46431
46456 46531
46624 46751
46919 46960
47045 47130
47151 47207
47212 47325
47387 47468
47503 47789
47895 48106
48139 48275
48508 48677
48730 48854
48921 49006
49009 49164
49219 49287
49297 49350
49490 49558
49590 49666
49765 49884
49957 50217
50311 50609
50729 50781
50848 51042
51046 51135
51146 51148
51184 51197
51202 51308
51397 51563
51570 51599
51602 51769
51832 51913
51931 52176
52188 52255
52317 52318
52457 52517
52604 52820
52899 53150
53215 53321
53378 53581
53818 53921
53966 54302
54390 54588
54595 54703
54722 54968
55026 55028
55033 55139
55143 55184
55187 55283
55430 55547
55608 55740
55820 55985
56133 56372
56390 56509
56577 56578
56581 56770
56806 56908
57034 57228
57316 57433
57462 57578
57589 57638
57725 57887
57939 58098
58171 58420
58532 58533
58580 58646
58704 58850
58942 59213
59293 59434
59512 59582
