30 131
159 537
606 854
895 997
1007 1150
1153 1295
1360 1736
1816 2148
2183 2594
2642 2895
2936 3148
3191 3304
3327 3431
3434 3507
3514 3686
3689 3691
3796 3972
4009 4238
4299 4445
4482 4682
4712 5054
5085 5568
5616 5674
5684 5844
5896 6422
6474 6790
6830 6870
6877 7189
7197 7283
7325 7425
7459 7631
7673 7868
7878 8031
8039 8041
8117 8233
8236 8413
8434 8626
8635 8802
8840 8959
8990 9128
9159 9423
9502 9788
9822 10082
10152 10427
10466 10805
10830 10906
10909 11046
11049 11137
11178 11448
11486 11615
11664 11685
11688 12335
12386 12508
12552 12838
12875 13081
13141 13237
13278 13483
13579 13581
13587 13690
13708 13924
13954 14183
14221 14420
14572 14670
14714 14908
14949 15221
15252 15340
15343 15396
15447 15750
15782 16076
16108 16311
16368 16523
16564 16882
16935 17065
17159 17161
17170 17268
17301 17498
17552 18147
18197 18419
18422 18718
18776 18935
19000 19143
19178 19347
19424 19771
19819 19995
20032 20116
20148 20410
20413 20571
20674 21050
21113 21203
21228 21459
21527 21832
21907 22109
22157 22487
22551 22624
22648 22687
22735 22956
22959 22961
23078 23146
23168 23294
23305 23418
23454 23697
23742 23940
24012 24147
24163 24359
24391 24516
24586 24778
24850 25037
25070 25382
25444 25656
25659 25661
25841 25920
25938 26059
26110 26294
26359 26361
26372 26612
26681 26851
26891 27068
27071 27249
27319 27511
27546 27718
27767 27985
27989 27991
28080 28190
28232 28377
28459 28461
28464 28638
28647 28752
28755 28876
28950 29141
29187 29343
29378 29555
29597 29782
29823 29968
29979 29981
30044 30104
30135 30252
30322 30497
30534 30787
30790 30792
30896 31003
31072 31173
31180 31378
31422 31596
31599 31714
31762 31908
31960 32328
32388 32419
32450 32568
32628 32779
32835 33023
33077 33169
33234 33431
33434 33548
33639 33797
33872 34115
34147 34248
34325 34665
34717 34772
34796 34869
34922 35062
35122 35327
35375 35470
35486 35620
35698 35796
35799 35887
35970 36098
36184 36268
36284 36492
36499 36501
36610 36739
36768 36900
36935 37070
37112 37204
37216 37361
37406 37542
37560 37651
37697 37822
37852 37946
37949 38010
38071 38124
38158 38356
38397 38706
38859 38861
38870 39086
39147 39423
39541 39904
39925 40088
40095 40261
40358 40537
40571 40846
40909 40911
40926 40970
41019 41172
41269 41271
41280 41466
41475 41618
41633 41724
41783 41865
41893 42001
42034 42328
42428 42791
42807 42901
42931 43085
43116 43534
43571 43896
43950 44147
44181 44362
44384 44582
44645 44726
44762 44971
45025 45282
45289 45291
45387 45557
45614 45827
45864 45968
45980 46087
46127 46296
46331 46409
46464 46542
46604 46702
46781 46783
46786 47016
47078 47169
47206 47282
47348 47425
47429 47506
47509 47566
47605 47758
47805 48112
48214 48296
48373 48451
48547 48873
48951 49160
49196 49495
49499 49687
49765 49855
49911 49995
50037 50111
50160 50251
50285 50452
50532 50654
50726 50856
50883 51106
51168 51267
51359 51462
51465 51617
51620 51851
51889 52067
52216 52615
52650 52712
52716 52776
52881 52912
52916 53020
53073 53246
53333 53395
53460 53862
53923 54141
54144 54180
54289 54291
54302 54584
54708 55146
55253 55546
55594 55730
55789 56201
56293 56471
56514 56783
56830 57284
57347 57587
57685 57687
57837 57898
57907 58099
58116 58272
58275 58326
58360 58502
58587 58619
58622 58663
58715 58908
58917 59123
59159 59514
