90 346
396 545
548 761
852 1177
1241 1382
1385 1484
1517 1617
1650 1901
1996 2347
2436 2729
2765 2993
3099 3268
3296 3537
3602 3902
4128 4361
4422 4672
4736 5086
5089 5091
5279 5438
5465 5655
5687 5964
5993 6246
6249 6251
6428 6684
6687 6714
6777 6955
6979 7298
7390 7501
7558 7583
7613 7954
7985 8150
8189 8446
8449 8451
8607 8865
8920 9057
9085 9287
9323 9489
9492 9493
9658 9802
9824 10006
10158 10161
10169 10583
10614 10965
10968 10970
11109 11219
11265 11492
11573 11921
12031 12077
12091 12219
12245 12510
12546 12714
12857 12928
12958 13113
13134 13256
13259 13310
13452 13583
13607 13735
13757 13853
13963 14049
14083 14210
14245 14387
14527 14789
14805 14863
14888 15258
15288 15428
15561 15665
15692 15974
15979 15981
16149 16302
16328 16619
16769 16964
17004 17134
17221 17319
17339 17481
17518 17595
17598 17858
18046 18203
18220 18499
18526 18828
18947 19226
19276 19407
19421 19565
19586 19696
19699 19701
19861 19923
19962 20172
20212 20446
20536 20833
20839 20841
20905 21002
21021 21122
21148 21426
21510 21646
21663 21749
21781 22059
22087 22243
22379 22381
22388 22513
22550 22732
22763 23046
23049 27311
27390 27589
27613 27831
27885 28164
28198 28374
28448 28680
28710 28958
29049 29151
29179 29482
29639 29641
29647 29929
29986 30167
30190 30506
30509 30511
30656 30953
31053 31102
31112 31196
31227 31491
31609 31711
31729 31907
31950 32175
32220 32501
32525 32608
32617 32754
32757 32885
33020 33275
33361 33558
33590 33932
33939 33941
34055 34241
34244 34461
34643 34645
34653 34880
34906 35205
35209 35211
35337 35432
35456 35918
35953 36116
36146 36451
36459 36461
36668 36760
36795 36945
36966 37066
37096 37357
37486 37692
37741 38244
38351 38667
38713 39019
39039 39041
39203 39337
39340 39453
39478 39749
39809 40096
40134 40346
40550 40738
40763 40923
40960 41157
41256 41448
41471 41565
41599 41601
41749 41821
41826 41891
41960 42163
42196 42564
42569 42571
42713 42931
42978 43115
43143 43402
43427 43606
43710 43863
43879 44289
44353 44421
44437 44599
44685 44801
44843 45003
45035 45163
45185 45493
45605 45709
45734 45903
45929 46288
46393 46724
46752 46972
47095 47110
47113 47329
47362 47450
47470 47676
47713 47971
48113 48391
48429 48664
48691 48864
48981 49289
49313 49419
49538 49673
49704 49838
49869 50115
50154 50292
50325 50515
50519 50521
50716 50936
50968 51248
51276 51456
51560 51579
51582 51730
51771 52054
52068 52152
52279 52415
52440 52620
52705 52759
52796 53033
53069 53267
53383 53620
53709 53777
53806 54021
54088 54390
54421 54705
54732 54832
54989 55140
55176 55427
55522 55767
55770 55772
55935 55988
56033 56167
56170 56172
56252 56461
56505 56620
56661 57101
57180 57297
57324 57494
57521 57796
