210 336
367 599
632 922
952 1025
1065 1169
1292 1426
1457 1535
1555 1713
1721 1840
1886 2039
2054 2189
2236 2282
2317 2351
2354 2426
2431 2433
2555 2649
2706 2876
2883 3020
3059 3107
3127 3278
3296 3426
3507 3598
3601 3749
3825 3924
3945 4008
4011 4013
4158 4237
4252 4348
4357 4358
4377 4405
4424 4539
4555 4666
4720 4914
4921 5166
5254 5283
5393 5550
5574 5809
5840 5966
5984 6100
6116 6321
6363 6591
6692 6937
6991 7077
7081 7083
7176 7231
7241 7243
7293 7328
7331 7333
7393 7436
7465 7511
7520 7739
7748 7818
7847 8042
8051 8169
8246 8380
8434 8446
8543 8625
8634 8636
8781 8859
8883 8969
8997 9089
9107 9324
9358 9463
9570 9730
9737 9811
9836 9886
9889 9930
9933 10096
10172 10372
10422 10594
10640 10705
10737 10810
10813 10816
10963 11153
11215 11314
11338 11462
11533 11612
11633 11849
11911 12086
12106 12212
12225 12463
12536 12671
12701 12905
12929 13037
13043 13045
13130 13235
13254 13410
13413 13415
13483 13591
13612 13717
13748 13834
13843 13845
13922 13970
14007 14146
14153 14155
14254 14453
14521 14796
14822 14908
14911 15031
15064 15140
15170 15377
15380 15477
15566 15604
15633 15760
15873 16083
16115 16246
16258 16302
16334 16481
16505 16956
17042 17180
17209 17502
17527 17720
17808 17851
17882 17999
18002 18005
18271 18320
18339 18486
18494 18576
18583 18585
18619 18717
18763 18896
18952 19229
19279 19459
19487 19611
19641 19803
19813 19815
19850 20089
20113 20218
20332 20598
20627 20739
20817 20990
21010 21270
21319 21487
21497 21498
21580 21732
21735 21795
21820 21960
22002 22125
22197 22481
22487 22488
22620 22708
22711 22776
22857 22939
22992 23076
23106 23172
23252 23367
23394 23951
24052 24164
24187 24314
24380 24527
24564 24673
24702 24810
24931 25021
25048 25184
25207 25434
25443 25445
25571 25609
25618 25746
25773 25870
25888 25970
26010 26155
26176 26391
26484 26760
26763 26765
26895 26940
26961 27099
27126 27345
27366 27564
27567 27663
27697 27801
27862 27959
27992 28201
28221 28378
28476 28526
28543 28770
28799 28928
28964 29183
29186 29188
29260 29412
29473 29614
29628 29707
29720 29829
29893 30132
30162 30469
30541 30682
30685 30812
30871 31111
31114 31313
31442 31565
31627 31659
31698 31843
31849 31852
31997 32106
32135 32445
32510 32554
32593 32630
32658 32830
32850 33086
33089 33092
33188 33285
33312 33437
33499 33679
33690 33692
33772 33890
33932 33999
34090 34222
34260 34429
34490 34492
34497 34561
34564 34633
34640 34933
34964 35007
35075 35196
35230 35419
35565 35567
35572 35810
35887 36038
36087 36298
36338 36512
36518 36750
36830 37172
37211 37388
37481 37527
37537 37664
37783 37907
37931 38232
38278 38432
38518 38701
38728 38966
38976 39048
39067 39199
39273 39309
39331 39515
39534 39670
39673 39675
39757 39917
39940 40054
40063 40065
40102 40235
40320 40381
40390 40519
40523 40525
40673 40785
40818 41010
41013 41015
41130 41416
41466 41638
41759 42012
42058 42142
42164 42281
42310 42422
42446 42520
42528 42583
42709 42796
42804 42880
42915 43102
43149 43152
43158 43266
43274 43394
43416 43532
43551 43731
43805 43860
43889 44101
44155 44388
44415 44605
44631 44751
44767 44856
44949 45035
45089 45281
45336 45418
45421 45423
45431 45857
46012 46236
46279 46600
46687 46770
46773 46845
46900 47041
47098 47207
47243 47628
47661 47893
47970 48306
48384 48632
48696 48762
48804 48903
48906 48908
49022 49050
49064 49126
49157 49329
49336 49338
49381 49424
49445 49537
49546 49548
49743 49924
49949 50141
50163 50204
50219 50363
50470 50709
50719 50940
50943 50945
51106 51127
51130 51204
51232 51306
51363 51365
51376 51576
51618 51782
51793 51795
51880 51973
52097 52319
52322 52325
52413 52535
52595 52671
52674 52746
52753 52755
52841 52889
52922 53090
53148 53382
53493 53495
53505 53792
53896 53988
53991 54050
54105 54151
54174 54307
54310 54395
54432 54546
54553 54555
54605 54778
54873 54875
54884 54932
54952 55132
55198 55495
55533 55738
55759 55908
55920 56033
56149 56361
56364 56461
56464 56590
56672 56880
56903 57044
57070 57263
57387 57515
57540 57812
57854 57856
57952 57999
58002 58045
58067 58194
58204 58456
58528 58706
58754 58922
59071 59310
59313 59315
59376 59427
59452 59695
