24 342
401 553
556 726
795 927
930 1086
1137 1400
1423 1780
1831 1873
1876 2012
2065 2138
2141 2283
2288 2462
2522 2617
2652 2655
2733 2928
2963 3076
3079 3215
3227 3284
3287 3367
3425 3538
3546 3793
3820 4119
4201 4539
4586 4829
4855 4949
4955 5067
5151 5365
5384 5514
5534 5606
5620 5712
5732 5950
6016 6017
6069 6113
6116 6319
6342 6570
6611 6886
6926 7002
7005 7072
7102 7356
7421 7713
7802 8052
8055 8140
8157 8239
8242 8422
8487 8748
8763 9054
9132 9201
9218 9412
9423 9640
9762 9763
9777 9842
9845 10144
10191 10388
10391 10549
10618 10967
11004 11291
11357 11644
11671 11811
11820 12113
12155 12245
12248 12348
12380 12640
12706 12867
12894 13018
13063 13151
13154 13345
13501 13503
13515 13673
13707 13982
13986 14217
14247 14631
14709 15035
15103 15106
15159 15223
15226 15500
15520 15646
15690 15868
15885 16088
16137 16138
16193 16345
16348 16426
16442 16567
16599 16874
17054 17120
17143 17336
17372 17505
17520 17770
17838 18039
18047 18297
18422 18423
18434 18514
18518 18786
18811 18996
19066 19178
19181 19360
19437 19614
19640 19817
19820 19866
19871 20055
20113 20177
20188 20364
20451 20453
20465 20708
20746 20935
20951 21176
21234 21385
21414 21485
21488 21693
21758 21861
21872 22037
22062 22243
22315 22496
22511 22704
22745 22747
22853 22958
22961 23020
23056 23307
23350 23531
23555 23737
23862 23863
23869 24010
24025 24185
24203 24371
24405 24599
24613 24840
24889 24891
24982 25187
25191 25325
25442 25443
25449 25727
25750 25920
25977 26342
26427 26586
26598 26775
26778 26905
26956 27051
27054 27463
27535 27604
27628 27875
27904 28020
28023 28174
28183 28333
28465 28732
28740 28790
28794 28875
28895 29083
29179 29310
29325 29604
29624 29772
29783 29959
30037 30225
30253 30451
30518 30721
30778 31174
31199 31343
31363 31517
31611 31613
31616 31838
31841 31987
32141 32143
32151 32299
32329 32414
32417 32630
32761 32763
32766 33066
33100 33251
33256 33462
33522 33525
33600 33826
33829 33932
34089 34228
34253 34364
34367 34435
34456 34609
34713 34811
34823 35083
35086 35196
35252 35472
35542 35830
35856 36057
36060 36137
36232 36233
36238 36333
36346 36481
36485 36634
36705 36876
36895 37156
37229 37426
37434 37608
37731 37733
37741 37936
37969 38068
38071 38197
38320 38399
38408 38571
38600 38778
38808 39080
39124 39167
39170 39300
39431 39433
39444 39713
39742 39832
39835 39973
40043 40131
40134 40268
40279 40446
40541 40543
40553 40593
40596 40836
40854 41030
41131 41133
41146 41261
41265 41457
41518 41680
41683 41771
41818 41909
42011 42013
42025 42243
42264 42420
42450 42452
42461 42525
42528 42783
42818 43039
43102 43320
43353 43501
43507 43679
43830 43832
43839 44114
44146 44295
44306 44443
44550 44552
44557 44701
44730 44946
45015 45017
45107 45160
45177 45483
45523 45666
45669 45866
45919 45995
45998 46051
46068 46222
46230 46433
46451 46500
46523 46699
46870 46872
46917 47032
47060 47065
47184 47193
47197 47200
47358 47454
47457 47458
47578 47816
47869 48269
48334 48498
48520 48724
48743 48746
48813 49137
49155 49460
49504 49733
49762 49763
49838 49918
49921 50035
50048 50250
50308 50424
50427 50613
50626 50792
50811 50999
51091 51268
51286 51471
51543 51740
51760 52045
52091 52093
52189 52541
52560 52681
52737 52993
53024 53027
53120 53351
53378 53542
53545 53668
53704 53970
54048 54299
54314 54629
54690 54791
54798 54988
54999 55158
55195 55197
55285 55391
55394 55603
55661 55788
55805 56039
56099 56478
56502 56683
56765 56891
56901 57246
57282 57285
57351 57659
57708 57932
57957 58134
58158 58428
58478 58617
58656 58888
58919 59176
