45 364
388 397
429 550
559 715
740 882
999 1145
1170 1311
1314 1548
1565 1678
1718 1859
1874 1990
2013 2170
2339 2627
2667 2733
2751 2919
2944 3165
3199 3370
3468 3637
3689 3768
3808 4037
4072 4223
4243 4399
4418 4541
4568 4685
4804 5036
5061 5326
5365 5610
5636 5779
5792 5911
5935 6095
6119 6263
6403 6674
6727 6888
6894 7125
7152 7409
7422 7698
7705 7883
7928 8232
8256 8387
8505 8929
8932 8984
9007 9311
9415 9574
9577 9772
9797 9915
9918 9937
9940 9980
9984 10107
10266 10573
10607 11125
11160 11319
11351 11614
11651 11912
11915 12000
12140 12403
12429 12540
12562 12738
12768 12865
12883 12958
12992 13137
13255 13708
13743 14005
14087 14205
14231 14655
14673 14894
14925 15069
15123 15175
15205 15522
15544 15800
15816 16132
16166 16316
16339 16575
16593 16657
16666 16783
16905 17128
17150 17303
17310 17480
17522 17648
17657 17843
17877 18026
18072 18245
18281 18419
18450 18572
18642 18699
18738 18876
18879 18945
18975 19204
19231 19304
19338 19559
19586 19683
19686 19736
19880 19995
20015 20328
20350 20535
20562 21049
21075 21262
21297 21434
21454 21569
21577 21665
21857 22191
22222 22435
22450 22602
22619 22951
23063 23197
23201 23246
23278 23515
23545 23828
23896 24049
24073 24190
24203 24588
24599 24717
24734 24953
24995 25168
25188 25385
25458 25517
25552 26144
26185 26377
26405 26474
26498 26827
26929 27165
27191 27239
27242 27441
27477 27568
27595 27734
27753 27942
28098 28364
28410 28524
28548 28709
28729 28913
28974 29203
29222 29366
29380 29629
29719 29935
29964 30106
30145 30468
30507 30649
30676 31048
31151 31255
31275 31736
31739 31741
31783 31988
32010 32153
32182 32372
32410 32843
32872 32929
32952 33226
33361 33516
33519 33623
33672 34070
34109 34434
34465 34597
34617 34718
34829 34982
35001 35119
35218 35497
35515 35583
35609 35847
35873 36065
36113 36334
36393 36487
36517 36636
36639 36732
36739 36982
37013 37239
37276 37675
37698 37898
37937 38259
38373 38638
38660 38789
38847 39045
39072 39294
39321 39514
39611 39817
39862 40479
40552 40892
40930 41168
41207 41322
41370 41627
41726 41934
41951 42138
42205 42534
42557 42747
42763 42846
42850 42979
43072 43138
43147 43444
43466 43821
43885 44224
44250 44386
44400 44511
44648 44767
44791 45252
45284 45641
45665 45896
46020 46141
46208 46553
46590 46775
46806 46972
47001 47211
47235 47480
47510 47668
47734 47787
47809 47917
47937 48140
48240 48531
48536 48621
48640 48911
49045 49280
49292 49410
49444 49544
49564 49706
49731 49791
49796 49926
50023 50223
50304 50537
50551 50620
50645 50762
50788 50919
51026 51396
51423 51605
51636 51836
51916 52090
52114 52366
52403 52514
52520 52620
52643 52872
53018 53327
53370 53479
53494 53594
53597 53669
53786 53932
53946 54188
54231 54374
54412 54657
54686 54811
54814 54947
55178 55465
55560 55748
55751 55884
55890 55979
55985 56122
56144 56274
56282 56376
56424 56559
56585 56836
56865 56985
57090 57160
57176 57365
57384 57518
57539 57846
57869 58010
58029 58199
58245 58355
58380 58448
58451 58568
58578 58679
58701 58714
58717 58750
58753 58810
58830 58942
58963 59108
59135 59324
59336 59453
59570 59822
59829 59946
59969 60103
