119 204
211 344
366 517
582 739
742 819
847 1072
1136 1205
1228 1434
1491 1604
1634 1765
1781 1837
1840 1906
1909 1911
2019 2164
2182 2229
2237 2367
2374 2417
2420 2463
2497 2626
2629 2631
2720 2846
2849 2924
2950 3044
3049 3051
3121 3211
3380 3516
3549 3573
3576 3641
3644 3833
3839 3841
3914 4009
4086 4226
4289 4546
4549 4551
4648 4722
4725 4836
4839 4841
4991 5045
5050 5109
5187 5273
5276 5406
5409 5718
5743 5882
5885 5996
6074 6157
6207 6307
6370 6441
6497 7023
7075 7235
7238 7324
7331 7377
7394 7490
7499 7501
7633 7704
7709 7711
7856 7950
8012 8121
8124 8216
8219 8278
8389 8391
8397 8446
8449 8451
8587 8712
8715 8790
8793 8986
9024 9253
9275 9343
9346 9483
9524 9584
9587 9643
9649 9651
9755 10021
10029 10104
10107 10183
10245 10266
10269 10317
10325 10575
10593 10792
10799 10801
10930 11050
11097 11172
11184 11293
11299 11301
11464 11559
11583 11924
11957 12198
12214 12282
12289 12291
12359 12536
12539 12541
12656 12781
12789 12791
12930 12968
12971 13017
13033 13155
13234 13432
13485 13633
13668 13774
13801 13974
13984 14041
14182 14292
14351 14511
14557 14681
14734 14810
14814 14926
14933 15111
15119 15121
15261 15348
15363 15441
15486 15642
15688 15876
15879 15881
15984 16090
16093 16166
16169 16171
16275 16332
16335 16450
16506 16634
16657 16954
17023 17165
17182 17305
17348 17513
17554 17679
17720 18070
18104 18183
18213 18386
18389 18391
18510 18659
18672 18856
18859 18861
18912 18974
18987 19048
19088 19175
19179 19181
19281 19464
19467 19616
19665 19796
19799 19801
19926 20016
20041 20650
20706 21003
21062 21152
21175 21233
21236 21389
21419 21533
21539 21687
21723 21878
21881 22164
22186 22406
22409 22411
22497 22634
22637 22730
22733 22826
22829 22920
22924 23049
23059 23061
23214 23425
23431 23492
23495 23557
23560 23583
23591 23637
23640 23822
23829 23831
23959 24066
24069 24071
24152 24218
24242 24330
24350 24449
24459 24573
24579 24581
24732 24847
24853 25003
25033 25090
25096 25122
25125 25276
25279 25281
25410 25482
25518 25605
25618 25717
25724 25810
25839 26002
26009 26011
26112 26420
26429 26431
26462 26540
26549 26551
26701 26800
26847 27022
27050 27140
27144 27292
27346 27375
27403 27472
27475 27573
27597 27727
27807 27903
27908 28108
28111 28160
28197 28315
28378 28445
28470 28615
28643 28755
28758 28842
28882 28986
28989 29064
29067 29123
29190 29398
29417 29621
29631 29633
29713 29910
29913 30100
30122 30232
30239 30395
30398 30452
30461 30463
30542 30648
30651 30653
30736 30812
30832 30884
30931 31093
31101 31103
31222 31311
31357 31497
31521 31580
31627 31697
31703 31925
31950 32109
32133 32244
32247 32314
32321 32323
32439 32572
32576 32695
32709 32772
32781 32783
32895 33093
33096 33193
33196 33375
33378 33619
33748 33946
33949 34107
34133 34214
34219 34285
34352 34421
34424 34489
34492 34593
34599 34705
34766 35053
35056 35299
35385 35861
35882 36003
36074 36117
36121 36335
36386 36597
36600 36632
36636 36682
36697 36765
36768 36917
36938 37030
37033 37092
37101 37215
37284 37404
37429 37638
37641 37643
37751 37855
37917 38175
38186 38288
38291 38395
38439 38558
38630 38830
38833 39161
39164 39244
39282 39508
39542 39753
39756 39923
39946 40311
40346 40447
40450 40528
40568 40757
40785 40998
41011 41013
41181 41347
41404 41474
41477 41618
41621 41761
41764 41918
41998 42033
42042 42205
42223 42275
42304 42381
42454 42598
42601 42769
42799 42970
42997 43148
43189 43331
43375 43494
43525 43664
43732 43941
43963 44134
44152 44292
44295 44488
44491 44493
44649 44842
44845 44957
44977 45026
45044 45274
45285 45352
45370 45467
45470 45598
45601 45685
45691 45693
45881 45975
46008 46219
46250 46547
46615 46649
46656 47068
47078 47081
47229 47342
47375 47512
47515 47597
47665 47698
47701 47906
47939 48009
48020 48089
48189 48355
48384 48490
48559 48706
48709 48711
48816 48911
48915 48976
49012 49203
49240 49300
49304 49486
49489 49491
49619 49988
49999 50001
50141 50396
50418 50576
50599 50787
50834 50952
50970 51087
51099 51101
51208 51379
51429 51524
51555 51777
51789 51872
51899 52067
52070 52137
52140 52194
52197 52254
52327 52406
52409 52411
52527 52660
52663 52750
52753 52858
52938 53096
53099 53142
53145 53196
53199 53280
53337 53627
53706 53752
53761 53821
53852 53992
53995 54070
54260 54444
54469 54536
54539 54607
54610 54678
54691 54819
54847 54936
54940 55021
55029 55031
55169 55441
55456 55534
55586 55850
55909 56101
56105 56311
56353 56772
56775 56841
56855 56915
56919 56979
56989 57074
57104 57492
57499 57501
57610 57718
57721 57864
57916 58033
58045 58327
58349 58619
58670 58832
58870 58926
58929 58987
58990 59044
59105 59205
59208 59321
59324 59422
59425 59471
59474 59610
59625 59745
59781 59827
59831 60036
