436 442
484 736
784 1059
1138 1373
1443 1482
1527 1723
1766 1911
1956 2082
2093 2122
2142 2158
2167 2192
2297 2362
2411 2705
2712 2799
2920 2990
3047 3234
3279 3456
3575 3753
3810 4243
4287 4414
4417 4488
4508 4510
4667 4762
4820 5032
5070 5257
5299 5458
5601 5603
5785 5943
5999 6023
6026 6103
6148 6312
6391 6620
6764 6930
6933 6951
7004 7209
7244 7489
7599 7724
7742 7853
7916 8036
8041 8094
8126 8438
8681 8683
8763 8885
8956 9089
9139 9703
9786 9840
9843 9854
9864 9983
9986 10002
10014 10131
10174 10284
10287 10361
10566 10568
10624 10748
10810 10907
10910 11102
11186 11256
11308 11450
11478 11677
11863 11966
11999 12116
12147 12350
12371 12501
12600 12727
12771 12930
12964 13032
13064 13180
13255 13450
13493 13495
13631 13715
13795 13909
13926 13927
14169 14332
14395 14518
14624 14933
14962 15309
15312 15362
15368 15436
15508 15511
15667 15728
15838 15922
15925 15964
15971 16334
16341 16353
16397 16400
16663 17037
17099 17578
17618 17795
17816 17853
17961 18092
18158 18375
18596 18846
18883 19032
19070 19609
19780 19980
20003 20225
20229 20230
20362 20487
20525 20620
20647 20888
20894 21297
21352 21447
21493 21672
21781 21927
21985 22063
22086 22146
22187 22359
22368 22371
22652 22898
22961 23045
23084 23150
23162 23221
23242 23366
23369 23371
23470 23670
23701 23854
23883 24089
24095 24096
24292 24405
24431 24493
24537 24608
24700 24846
24904 25005
25239 25315
25402 25516
25590 25926
26021 26197
26371 26442
26524 26655
26692 27021
27045 27229
27321 27523
27645 27852
27919 27925
27952 28073
28139 28300
28316 28611
28645 28852
28997 29079
29082 29190
29236 29245
29254 29285
29295 29653
29729 30140
30229 30513
30579 30703
30800 31024
31126 31248
31312 31485
31488 31588
31670 31765
31931 32124
32193 32486
32596 32775
32818 33136
33204 33377
33407 33553
33600 33751
33759 33867
33932 33938
33986 34174
34178 34306
34341 34611
34621 34670
34673 34692
34695 34707
34710 34751
34833 34835
34943 35077
35126 35216
35302 35452
35521 35708
35792 36115
36317 36394
36417 36539
36596 36869
36959 37167
37199 37360
37413 37693
37722 37916
37938 38246
38320 38366
38438 38689
38732 38950
39070 39135
39196 39399
39428 39565
39606 39811
39906 40282
40378 40799
40876 40983
41026 41114
41131 41200
41238 41580
41679 41860
41888 42057
42117 42160
42169 42202
42250 42491
42502 42593
42621 42938
42997 43143
43186 43378
43502 43741
43747 43916
43919 43943
43946 44100
44141 44325
44387 44455
44467 44642
44761 44832
44900 45023
45031 45084
45147 45376
45405 45406
45557 45583
45676 45864
45956 46142
46174 46225
46435 46503
46557 46652
46684 46826
46829 46970
47042 47153
47181 47346
47398 47783
47893 48132
48172 48416
48563 48869
48907 49003
49058 49172
49283 49345
49390 49632
49635 49736
49825 50039
50076 50223
50310 50562
50566 50692
50810 51047
51087 51259
51265 51410
51536 51581
51586 51655
51690 51761
51808 52269
52400 52543
52550 52686
52703 52808
52811 53009
53146 53273
53277 53348
53389 53505
53579 53695
53703 53921
53937 54026
54207 54493
54549 54687
54764 54805
54808 54844
54855 55094
55249 55252
55305 55382
55385 55527
55568 55840
55874 56296
56311 56313
56443 56822
56861 57103
57106 57244
57303 57422
57477 57626
57658 58125
58155 58157
58201 58207
58290 58604
58611 58641
58644 58711
58794 58899
58969 59241
59282 59495
59549 59687
59815 59879
59885 59934
59982 60117
60214 60302
60323 60435
60576 60662
60773 60900
60925 60928
60983 61032
61077 61136
61287 61499
61565 61710
61719 61819
61846 62035
62054 62161
62175 62258
62266 62321
62350 62477
62617 62708
62779 63172
63243 63523
63587 63788
63852 63989
63993 64023
64034 64181
64218 64387
64531 64749
64819 64950
65088 65224
65300 65559
65631 65774
65894 66135
66175 66204
66233 66719
66725 66749
66853 67100
67146 67332
67422 67464
67528 67653
67656 67790
67815 67848
67865 68118
68121 68264
68311 68490
68493 68517
68568 68646
68655 68789
68849 69135
69268 69594
69630 69693
69704 69706
69726 69764
69930 69992
69995 70142
70173 70416
70508 70821
70832 71041
71131 71133
71284 71466
71489 71557
71625 71733
71738 71925
72007 72231
72235 72237
72485 72759
72766 72845
72872 72975
73063 73292
73346 73428
73480 73531
73636 73810
73886 73959
74005 74311
74423 74425
74564 74676
74743 74973
75051 75489
75558 75723
75754 75836
75893 76089
76125 76501
76541 76701
76864 77023
77106 77304
77344 77437
77440 77618
77671 77765
77904 77970
77978 78051
78131 78305
78336 78439
78580 78718
78722 78885
79028 79213
79239 79445
79485 79690
79716 79820
79854 79921
79925 80008
80096 80213
80222 80237
80294 80296
80436 80598
80669 80747
80784 80786
80863 81024
81071 81163
81215 81216
81266 81303
81370 81473
81500 81562
81585 81689
81695 81697
81774 82105
82128 82424
82585 82918
82921 83174
83209 83410
83525 83642
83645 83753
83798 83893
83926 83964
83968 84202
84305 84366
84435 84588
84752 84820
84831 84892
84897 85123
85160 85300
85408 85564
85601 85723
85753 86039
86082 86308
86471 86529
86593 86798
86806 86940
86994 87230
87234 87374
87446 87473
87477 87920
87984 88209
88305 88359
88362 88539
88572 88786
88789 89062
89208 89497
89557 89682
89720 89977
90100 90149
90210 90758
90860 91087
91154 91243
91251 91659
91665 91667
91817 91917
91955 92039
92072 92313
92316 92467
92492 92677
92733 92736
92860 93030
93103 93181
93199 93395
93432 93627
93688 93915
93964 94026
94110 94301
94327 94367
94530 94672
94725 94790
94824 95034
95038 95116
95179 95181
95274 95389
95454 95576
95624 95804
95843 95872
95876 96149
96179 96452
96573 96763
96831 96833
96897 97011
97071 97161
97186 97187
97212 97218
97307 97458
97488 97564
97626 97787
97805 97862
97933 98016
98019 98073
98124 98127
98184 98401
98405 98503
98570 98778
98826 99046
99050 99183
99339 99647
99740 99845
99944 100339
100405 100607
100694 100746
100787 101000
101052 101205
101288 101587
101739 101818
101849 101982
101992 102123
102256 102467
102492 102655
102689 102841
102964 103307
103334 103414
103483 103618
103655 103772
103808 103933
103990 103991
104117 104168
104171 104260
104296 104365
104415 104539
104592 104733
104737 104802
104810 104837
104938 104940
105021 105205
105254 105506
105528 105638
105672 105807
105875 105914
105917 106033
106068 106265
106310 106427
106430 106432
106582 106718
106766 106841
106870 107130
107192 107193
107244 107464
107490 107735
107763 107826
107853 107990
108123 108342
108396 108535
108556 108608
108623 108625
108811 108978
109003 109129
109162 109296
109313 109503
109566 109672
109675 109698
109784 109786
109943 110071
110106 110243
110287 110288
110474 110523
110578 110653
110707 110919
110922 110940
110950 111109
111164 111207
111273 111356
111361 111537
111589 111875
111879 111960
111963 112000
112061 112063
112209 112329
112363 112447
112476 112509
112516 112641
112649 112692
112696 112800
112837 113109
113112 113115
113290 113375
113412 113498
113544 113658
113661 113904
113946 113994
114035 114322
114347 114348
114510 114662
114737 115129
115164 115434
115459 115633
115719 115925
115953 116132
116201 116403
116456 116581
116602 116638
116641 116690
116753 116756
116865 116921
116982 117086
117121 117558
117731 117789
117843 118191
118194 118271
118324 118388
118391 118516
118530 118532
118697 118921
118988 119187
119244 119310
119386 119576
119582 119668
119696 119698
119802 119879
119882 119975
120055 120357
120387 120507
120513 120747
120754 120887
120909 120930
120944 121053
121146 121270
121273 121393
121449 121451
121670 121763
121766 121840
121972 122139
122264 122412
122415 122616
122649 122718
122721 122786
122802 122886
123094 123505
123536 123545
123556 123672
123742 123976
124021 124206
124320 124415
124509 124859
124894 125038
125083 125414
125505 125741
125748 125845
125874 126031
126083 126329
126497 126560
126629 126967
126998 127138
127198 127384
127417 127766
127808 128007
128037 128067
128153 128350
128396 128481
128520 128663
128694 130760
130886 131068
131094 131157
131204 131338
131386 131565
131691 131692
131753 131787
132009 132098
132146 132254
132320 132658
132664 132821
132884 132943
132966 133001
133004 133070
133094 139557
139663 139677
139921 140017
140136 140429
140455 140614
140677 141018
141025 141244
141281 141435
141538 141794
141804 141924
141952 142143
142191 142387
142479 142612
142665 142932
142958 143161
143254 143463
143469 143658
143668 143767
143770 143943
143950 144012
144045 144263
144320 144410
144440 144511
144568 144669
144672 144746
144861 144949
145014 145215
145313 145582
145623 145712
145749 145860
146054 146089
146109 146414
146459 146639
146660 146671
146676 146879
146885 147005
147014 147038
147068 147125
147262 147653
147656 147764
147801 147892
147895 147953
147984 148188
148213 148222
148244 148429
148484 148581
148627 148753
148803 148963
149090 149266
149289 149323
149332 149389
149406 149409
149420 149438
149524 149535
149674 149677
149759 149971
150005 150101
150122 150268
150305 150461
150479 150551
150562 150631
150643 150691
150888 151001
151004 151099
151149 151226
151245 151247
151345 151380
151383 151414
151487 151567
151570 151680
151788 152118
152156 152231
152240 152299
152326 152375
152533 152539
152550 152562
152565 152608
152615 152720
152756 152917
152920 153034
153076 153282
153402 153504
153515 153637
153714 154101
154145 154459
154564 154626
154695 154796
154841 155146
155178 155446
155480 155623
155645 155832
155934 156182
156185 156376
156422 156524
156662 156757
156767 156851
156886 157337
157390 157644
157690 157764
157811 157929
157932 157996
157999 158169
158330 158471
158475 158558
158605 158641
158650 158870
158911 158981
159014 159186
159270 159526
159588 159829
159859 159881
159894 159916
160040 160081
160161 160422
160457 160608
160655 161017
161041 161202
161343 161406
161445 161622
161663 161765
161821 162089
162114 162123
162126 162340
162450 162457
162460 162573
162622 162679
162703 162768
162801 162876
162962 163136
163210 163493
163498 163617
163730 163813
163843 163952
164018 164120
164153 164308
164339 164630
164723 164867
164906 165202
165235 165364
165500 165517
165520 165545
165551 165605
165608 165706
165781 165924
165936 166066
166133 166171
166175 166213
166249 166263
166274 166371
166500 166573
166614 166817
166857 166927
166982 167204
167329 167378
167493 167862
167944 168119
168156 168274
168444 168508
168563 168782
168821 169032
169137 169181
169249 169428
169479 169709
169712 169970
170032 170114
170179 170356
170425 170588
170660 170709
170775 171082
171199 171643
171695 171809
171813 171822
171901 171911
171929 173984
174280 174335
174369 174444
174471 174801
174828 175029
175099 175142
175168 175373
175431 175684
175751 175819
175837 176852
176913 176927
177173 177347
177413 177522
177580 177664
177667 177751
177796 177936
177990 178207
178328 178462
178517 178756
178759 178896
178957 179019
179093 179344
179412 179486
179489 179535
179621 179755
179758 179806
179856 179972
180010 180266
180302 180303
180396 180684
180720 180810
180891 181058
181124 181207
181247 181336
181341 181694
181755 181758
181896 181945
182006 182070
182137 182239
182242 182372
182375 182521
182565 182567
182682 182840
182913 183242
183336 183337
183414 183473
183573 183711
183737 183965
184053 184165
184226 184502
184506 184508
184643 184775
184778 185123
185155 185331
185424 185628
185634 185917
185993 186123
186266 186313
186372 186435
186438 186835
186930 187109
187156 187390
187430 187665
187798 187993
188053 188229
188280 188482
188616 188770
188837 189185
189192 189280
189311 189583
189621 189741
189765 189806
189824 189904
190043 190205
190282 190526
190567 190720
190796 191082
191145 191402
191467 191581
191628 191777
191930 192136
192145 192342
192378 192500
192546 192612
192618 192645
192757 192908
192936 193147
193245 193369
193372 193547
193590 194042
194104 194156
194163 194218
194223 194250
194253 194309
194331 194422
194477 194735
194774 194893
194947 195019
195144 195196
195236 195283
195286 195608
195638 195805
195849 195950
195995 196181
196389 196509
196512 196771
196843 197013
197055 197260
197289 197358
197361 197469
197473 197546
197598 197732
197739 198036
198082 198325
198356 198468
198510 198689
198693 198735
198741 198820
198852 198897
198904 198945
198948 199096
199285 199406
199474 199647
199650 199762
199794 199932
200040 200302
200357 200558
200594 200830
200895 201082
201085 201197
201236 201529
201578 201698
201744 201778
201928 202022
202025 202384
202537 202709
202771 202940
202997 203201
203216 203301
203353 203503
203555 203681
203687 203722
203881 204101
204172 204257
204369 204577
204627 204776
204886 204925
204993 205310
205345 205483
205564 205968
206022 206080
206087 206164
206291 206420
206483 206630
206683 206729
206733 206849
206855 206894
206903 206954
207002 207180
207257 207407
207553 207864
207974 208144
208230 208643
208677 208775
208778 208848
208852 208953
209094 209155
209162 209190
209218 209283
209341 209570
209609 209741
209798 209855
210000 210002
210007 210018
210021 210075
210135 210283
210290 210328
210334 210576
210606 210828
210945 211328
211400 211626
211651 211737
211749 211884
211979 212031
212099 212424
212467 212505
212508 212632
212663 212666
212765 213024
213066 213203
213248 213439
213442 213490
213547 213645
213654 213696
213704 213783
213786 213787
213939 214070
214127 214237
214306 214663
214742 214821
214832 215074
215165 215487
215564 215693
215731 215885
215923 215943
216179 216324
216367 216455
216504 216820
216830 216832
217012 217132
217196 217294
217333 217419
217503 217757
217839 217884
217887 218491
218593 218704
218811 219234
219308 219555
219649 219874
219880 220061
220064 220121
220178 220281
220290 220679
220767 220998
221098 221143
221154 221285
221323 221543
221624 221828
221887 221960
221963 222135
222175 222177
222316 222376
222480 222672
222728 223073
223135 223294
223367 223874
223960 224047
224097 224320
224360 224843
224903 225028
225058 226728
226977 227423
227475 227500
227545 227635
227735 227903
227948 228097
228213 228359
228461 228613
228662 228687
228779 228929
229048 229198
229206 229402
229425 229570
229622 229766
229850 229942
229950 230013
230021 230076
230128 230269
230472 230662
230710 230883
230989 231047
231050 231163
231167 231244
231317 231431
231435 231485
231527 231708
231780 232033
232040 232137
232140 232142
232390 232446
232506 232862
232906 233038
233070 233160
233184 233357
233409 233493
233599 233759
233790 234175
234251 234491
234558 234640
234643 234750
234754 234775
234782 234812
235073 235133
235186 235284
235361 235481
235495 235521
235524 235576
235668 235704
235707 235718
235728 235792
235795 236110
236118 236175
236222 236295
236358 236449
236459 236725
236730 236746
236761 236763
237007 237105
237152 237210
237279 237374
237381 237653
237681 237834
238005 238035
238101 238183
238186 238226
238330 238423
238490 238602
238632 238884
238934 239206
239314 239433
239473 239651
239703 239856
239893 240253
240317 240476
240513 240611
240663 240819
240831 240833
241051 241220
241257 241319
241322 241455
241458 241521
241554 241981
241998 242001
242272 242382
242413 242669
242729 242841
242907 243319
243322 243502
243653 243739
243764 243810
243813 243862
243925 244135
244171 244573
244614 244927
244993 245216
245276 245413
245417 245418
245573 245657
245719 245785
245881 246052
246055 246366
246375 246419
246499 246682
246774 246948
246955 246979
247050 247163
247232 247349
247363 247381
247409 247411
247667 247798
247839 247934
247962 248175
248210 248615
248821 249175
249245 249310
249382 249484
249541 249678
249691 249792
249847 250016
250085 250361
250631 250633
250647 250684
250700 250777
250786 250825
250833 251068
251106 251373
251451 251498
251577 251589
251599 251652
251655 251868
251908 252040
252072 252155
252199 252326
252334 252380
252519 252551
252554 252647
252654 252863
252927 253201
253209 253317
253330 253403
253417 253508
253516 253660
253750 253893
253969 254336
254339 254390
254596 254767
254795 254801
254813 254846
254910 254914
255138 255581
255638 255821
255870 255960
255987 256103
256165 256431
256508 256630
256673 256873
256913 257268
257311 257331
257334 257503
257610 257618
257757 257858
257934 258000
258067 258371
258447 258894
258936 258960
258976 259018
259028 259047
259179 259617
259681 259855
259858 259888
259947 260249
260300 260439
260493 260544
260554 260581
260643 260785
260830 260966
261017 261249
261306 261506
261509 261626
261631 261633
261715 261778
261860 261923
261996 262254
262364 262439
262535 262851
262926 263257
263307 263573
263732 263879
263899 263966
264040 264223
264288 264603
264668 264943
264983 265043
265057 265166
265222 265368
265469 265633
265663 265702
265731 266035
266082 266231
266342 266575
266581 266789
266858 267052
267153 267210
267266 267395
267430 267683
267726 267808
268050 268224
268264 268323
268406 268588
268661 268798
268836 268986
269038 269296
269405 269435
269438 269460
269535 269852
269890 270019
270036 270038
270246 270330
270358 270549
270618 271026
271103 271227
271318 271500
271552 271986
272082 272271
272315 272412
272485 272587
272626 272864
272867 273211
273263 273405
273537 273792
273830 273919
273977 274220
274330 274397
274400 274489
274531 274811
274866 275161
275208 275395
275406 275496
275499 275539
275542 275553
275663 275707
275747 275948
275981 276105
276149 276201
276212 276215
276276 276496
276543 276598
276719 276720
276732 276985
277043 277146
277187 277300
277303 277626
277691 277985
277989 278057
278084 278262
278297 278429
278432 278697
278721 278897
278932 279068
279078 279080
279206 279430
279459 279814
279917 279920
279933 279960
279981 280073
280122 280183
280221 280373
280453 280568
280572 280616
280682 280682
280778 280939
281033 281204
281207 281274
281277 281474
281560 281722
281802 281988
281991 282085
282221 282372
282388 282485
282562 282818
282913 282983
282993 283111
283203 283435
283444 283510
283515 283666
283729 283947
283972 284166
284214 284355
284373 284376
284602 284752
284802 284805
284873 285119
285193 285369
285465 285537
285567 285610
285619 285675
285777 285955
286039 286056
286070 286251
286410 286952
287016 287223
287246 287253
287285 287367
287434 287628
287713 288085
288135 288259
288365 288413
288496 288629
288666 288912
288944 289006
289066 289642
289720 290108
290209 290264
290329 290442
290497 290662
290701 290834
290838 290966
290971 290989
291121 291303
291313 291617
291641 291686
291692 292279
292348 292677
292801 292936
292948 293137
293190 293361
293364 293548
293603 293686
293732 293850
293928 293930
294011 294108
294115 294166
294238 294309
294396 294611
294615 294680
294683 294789
294830 294855
294872 294910
294972 295067
295073 295434
295498 295534
295543 295672
295788 295811
295814 295862
295924 296361
296438 296491
296497 296515
296723 296804
296872 296976
297072 297123
297195 297446
297494 297711
297714 297766
297850 298352
298479 298680
298691 298811
298841 298849
298864 299054
299120 299354
299412 299562
299565 299619
299687 299916
299952 300074
300242 300415
300486 300703
300767 300864
300918 301058
301149 301336
301410 301696
301778 302041
302105 302316
302345 302468
302505 302790
302842 303046
303119 303328
303437 303603
303653 303941
303998 304179
304211 304378
304451 304535
304545 304626
304648 304755
304839 304926
304951 305144
305193 305260
305334 305703
305750 306010
306058 306162
306229 306520
306594 306717
306784 307018
307073 307090
307093 307103
307108 307161
307449 307452
307570 307620
307703 307834
307889 308181
308239 308961
309005 309101
309156 309159
309186 309614
309692 309953
309982 310106
310202 310340
310386 310456
310473 310573
310684 310739
310802 311085
311154 311255
311303 311445
311501 311973
312013 312145
312303 312398
312492 312643
312651 312681
312737 312818
312835 312852
312952 313021
313054 313188
313195 313457
313515 313811
313945 314150
314156 314302
314306 314419
314488 314838
314896 314923
314959 315175
315189 315249
315283 315406
315458 315552
315718 315965
316032 316378
316471 316625
316666 316897
317086 317550
317599 317896
318018 318245
318282 318354
318406 318696
318834 318891
318968 319203
319249 319400
319458 319549
319657 319720
319776 319933
319938 320054
320060 320127
320217 320536
320595 320827
321076 321216
321220 321325
321328 321570
321627 321972
322151 322347
322389 322627
322680 323179
323215 323245
323285 323313
323321 323468
323518 323809
323880 323985
324040 324156
324180 324186
324339 324462
324466 324623
324626 324924
325059 325176
325251 325347
325411 325458
325461 325503
325576 325601
325705 325843
325883 326094
326199 326714
326719 326773
326776 326843
326921 327088
327209 327269
327314 327388
327433 327753
327815 328094
328209 328245
328373 328667
328751 329032
329044 329045
329271 329323
329410 329485
329497 329604
329641 329946
329949 329984
330033 330132
330285 330570
330579 330738
330780 330870
331015 331065
331157 331171
331189 331316
331355 331453
331623 332067
332194 332450
332510 332760
332814 332870
332968 333134
333139 333181
333210 333213
333464 333548
333609 333710
333802 333908
333916 333918
334016 334023
334143 334424
334496 334652
334657 334693
334700 334820
334938 334994
335060 335158
335203 335364
335433 335526
335560 335669
335698 335764
335828 335892
336045 336171
336236 336393
336399 336490
336493 336620
336723 336931
336962 337061
337064 337368
337437 337619
337771 337866
337883 338023
338082 338274
338331 338527
338588 338781
338882 339097
339101 339180
339263 339526
339565 339619
339653 339870
339899 339988
340012 340162
340165 340256
340292 340497
340611 340874
340880 341046
341182 341259
341309 341373
341416 341522
341525 341686
341747 342009
342062 342148
342207 342568
342620 342997
343111 343242
343311 343410
343435 343523
343694 343746
343750 343957
344008 344208
344251 344506
344639 344859
344914 345112
345220 345370
345402 345517
345520 345592
345596 345676
345743 345958
346011 346081
346084 346315
346448 346535
346580 346822
346858 347120
347161 347450
347566 347894
347933 348110
348156 348317
348361 348603
348648 348838
349013 349275
349320 349644
349679 350005
350158 350348
350402 350567
350605 350649
350652 350782
350957 351129
351215 351363
351405 351519
351558 351664
351712 351827
352086 352088
352101 352432
352435 352622
352720 352911
353007 353257
353283 353373
353442 353656
353753 353995
354084 354141
354147 354195
354201 354431
354496 354801
354876 355024
355067 355219
355225 355408
355489 355611
355648 355813
355850 355981
356082 356207
356257 356512
356548 356617
356620 357023
357063 357195
357249 357468
357505 357590
357599 357742
357838 357965
358006 358357
358448 358586
358599 358723
358775 358905
358928 358942
358946 359055
359110 359317
359452 359498
359506 359585
359636 359764
359822 359865
359916 360019
360023 360100
360143 360341
360374 360656
360663 360683
360773 360871
360931 361017
361020 361073
361107 361169
361172 361352
361389 361505
361521 361538
361574 361589
361769 361857
361871 361949
361997 362162
362244 362448
362503 362716
362776 362962
363039 363122
363210 363457
363509 363553
363606 363710
363760 363957
364027 364213
364221 364265
364268 364472
364504 364703
364874 364941
364998 365149
365178 365301
365311 365834
365914 366103
366150 366365
366413 366448
366505 366716
366723 366887
366928 367054
367107 367287
367433 367496
367539 367800
367804 367912
367941 368393
368429 368777
368930 369307
369353 369428
369431 369569
369576 369763
369891 369995
370061 370346
370383 370560
370563 370651
370656 370769
370867 370914
370980 371208
371300 371428
371431 371823
371956 372055
372071 372155
372172 372207
372210 372303
372374 372596
372599 372695
372776 372995
373054 373310
373424 373594
373641 373872
373916 373958
373961 374007
374195 374275
374296 374418
374483 374512
374541 374802
374854 375020
375060 375153
375194 375260
375263 375348
375477 375843
375892 375917
375921 376066
376120 376353
376546 376708
376800 376974
377050 377085
377146 377382
377463 377583
377652 377785
377788 377860
378025 378054
378070 378174
378287 378496
378554 378707
378710 378712
378904 379075
379108 379295
379384 379702
379791 379936
379982 380191
380241 380449
380549 380574
380583 380677
380680 380682
380926 381238
381321 381372
381518 381624
381687 381804
381901 382258
382348 382722
382780 382917
383024 383103
383152 383238
383273 383656
383697 383778
383783 383932
383976 384405
384489 384555
384633 384749
384777 384932
384943 385244
385355 385462
385524 385803
385837 386135
386170 386225
386260 386449
386499 386686
386724 386952
387044 387325
387413 387599
387603 387698
387777 388000
388062 388164
388170 388235
388239 388266
388559 388636
388703 388815
388871 388940
388951 389016
389025 389134
389202 389532
389564 389702
389844 389875
389908 390023
390069 390289
390321 390370
390379 390579
390673 390723
390729 390893
390902 391030
391073 391515
391567 391842
391901 391936
392011 392110
392129 392281
392286 392298
392301 392380
392414 392624
392649 392733
392769 392850
392936 393197
393298 393401
393453 393543
393548 393617
393707 393757
393760 393777
394038 394187
394290 394411
394416 394470
394613 394664
394739 394860
394935 395126
395129 395189
395312 395441
395444 395552
395606 395722
395725 395773
395779 395815
395865 395962
396011 396073
396186 396473
396520 396644
396648 396684
396690 396762
396792 396914
396974 397120
397123 397240
397331 397386
397445 397606
397658 397712
397715 397826
397928 398097
398126 398207
398267 398334
398339 398406
398410 398412
398733 398841
398868 398936
398958 399080
399134 399319
399349 399436
399439 399698
399735 399858
399992 400146
400206 400532
400628 400854
400857 400976
401089 401297
401329 401686
401738 401898
401925 402071
402195 402562
402575 402776
402826 403033
403109 403278
403360 403609
403670 403807
403912 403999
404009 404316
404327 404555
404657 404711
404774 404930
405041 405241
405274 405500
405535 405671
405716 405762
405768 405890
405991 406060
406152 406424
406457 406591
406659 406702
406705 406852
406886 407354
407407 407572
407705 407979
407992 408102
408383 408540
408608 408719
408817 408860
408868 409095
409194 409314
409360 409498
409501 409548
409553 409610
409621 409875
409906 409985
410147 410339
410342 410443
410447 410551
410595 410905
411002 411140
411160 411280
411306 411527
411557 411649
411701 411829
411972 412695
412817 413264
413374 413581
413613 413754
413783 413876
413907 413992
413995 414017
414020 414502
414567 414783
414786 414810
414930 415100
415168 415462
415514 415639
415717 415799
415835 416014
416061 416220
416313 416527
416565 416705
416778 417284
417334 417392
417422 417506
417563 417734
417840 418015
418078 418396
418428 418528
418531 418609
418645 418830
418864 419036
419267 419367
419372 419488
419538 419637
419654 419728
419756 419900
419936 420153
420188 420411
420416 420558
420655 420789
420852 421129
421223 421311
421314 421443
421555 421943
422003 422287
422317 422506
422611 422747
422793 422872
422935 423039
423084 423550
423629 423678
423728 423882
423897 424006
424041 424315
424415 424518
424557 424628
424675 424806
424814 424866
424916 424998
425008 425035
425159 425340
425386 425563
425619 425760
425800 425935
425938 426008
426076 426306
426370 426483
426625 426755
426820 426952
427015 427178
427252 427348
427486 427752
427872 428049
428080 428393
428433 428658
428698 428908
428939 429123
429148 429487
429573 429625
429628 429686
429695 429833
429862 430104
430151 430601
430668 430960
431009 431069
431092 431202
431325 431361
431366 431523
431529 431738
431789 432037
432087 432573
432580 432718
432943 432991
433060 433081
433091 433232
433277 433332
433568 433896
433972 434093
434193 434399
434421 434567
434623 434926
435145 435389
435413 435663
435700 436071
436116 436302
436409 436640
436644 436843
436927 437125
437160 437411
437414 437462
437510 437692
437826 437884
437900 437977
437981 438052
438062 438142
438173 438475
438599 438632
438635 438836
438917 439123
439159 439247
439295 439367
439371 439443
439471 439574
439720 439778
439781 439853
439891 440001
440035 440127
440159 440295
440359 440598
440689 441078
441208 441289
441315 441601
441642 441737
441884 442077
442089 442391
442577 442631
442719 442819
442886 443191
443326 443743
443753 443833
443884 444040
444078 444413
444644 444753
444796 444856
444955 445219
445301 445390
445438 445688
445695 445772
445837 446133
446144 446248
446256 446257
446545 446576
446579 446648
446694 446714
446719 446852
446861 447055
447117 447269
447272 447303
447480 447647
447658 447739
447745 447879
448061 448348
448398 448510
448630 448696
448759 448876
448930 449093
449096 449127
449130 449143
449350 449427
449430 449698
449828 450091
450094 450233
450287 450687
450757 450953
451082 451241
451292 451638
451731 451851
451898 452020
452069 452117
452130 452414
452503 452661
452708 452751
452755 452930
452979 453034
453038 453040
453346 453597
453684 453760
453767 453881
453928 454208
454213 454237
454242 454327
454409 454442
454493 454631
454678 454778
454813 455095
455123 455350
455430 455690
455723 455888
455926 456181
456296 456466
456524 456810
456877 456937
457006 457294
457302 457436
457505 457696
457748 457903
457994 458119
458152 458266
458287 458297
458444 458574
458604 458682
458712 458936
458974 459163
459207 459360
459466 459467
459660 459857
459930 460067
460155 460382
460422 460642
460749 461044
461088 461350
461410 461603
461622 461735
461921 461945
462029 462213
462260 462359
462392 462393
462583 462590
462756 463029
463060 463200
463292 463360
463425 463570
463611 463982
463988 464015
464128 464130
464232 464410
464483 464807
464879 465003
465061 465063
465252 465315
465398 465670
465673 465766
465851 466012
466089 466192
466245 466296
466487 466653
466694 466778
466781 466796
466904 466930
466935 467039
467067 467090
467093 467154
467200 467317
467409 467697
467719 467749
467795 467985
468025 468207
468228 468374
468498 468680
468712 468828
468869 469057
469089 469347
469373 469615
469748 469826
469881 470239
470295 470398
470401 470591
470628 470764
470828 471084
471181 471321
471378 471403
471408 471566
471577 471672
471713 471850
471902 472022
472033 472193
472223 472402
472527 472572
472634 472959
472999 473119
473156 473278
473430 473574
473644 473865
473879 474079
474137 474291
474329 474437
474440 474556
474597 474811
474815 474843
474902 475074
475207 475290
475346 475447
475516 475681
475703 475877
475906 476185
476259 476472
476502 476762
476820 476983
477009 477131
477192 477365
477412 477473
477516 477540
477550 477644
477704 477895
477922 478016
478026 478057
478216 478316
478379 478473
478543 478933
478994 479096
479149 479272
479326 479411
479466 479611
479617 479692
479711 479785
479927 480005
480076 480228
480271 480432
480474 480567
480711 480963
480992 481212
481278 481329
481332 481471
481617 481627
481630 481782
481785 481892
481923 481979
481991 481992
482110 482187
482244 482408
482472 482560
482589 482688
482697 482700
482841 482911
482967 483063
483088 483340
483501 483523
483529 483844
483884 484024
484088 484282
484349 484456
484486 484573
484576 484577
484673 484830
484861 485007
485015 485017
485133 485201
485232 485313
485445 485488
485563 485845
485900 486022
486067 486208
486407 486472
486533 486637
486690 486922
486987 487160
487163 487376
487455 487457
487515 487609
487664 487746
487780 487946
487990 487993
488011 488083
488114 488468
488471 488496
488517 488520
488675 488802
488835 488935
488968 489119
489162 489291
489315 489375
489550 489715
489735 489999
490026 490160
490264 490362
490426 490602
490624 490894
490897 490897
491131 491210
491224 491315
491336 491695
491883 492065
492104 492185
492230 492423
492462 492646
492743 493023
493055 493206
493209 493251
493339 493406
493470 493668
493714 493815
493950 494016
494074 494260
494409 494579
494606 494850
494915 495038
495290 495546
495615 495675
495703 495846
495898 496032
496162 496372
496421 496452
496479 496725
496751 496870
496881 496950
497028 497125
497177 497463
497624 497786
497858 498181
498218 498468
498472 498528
498581 498703
498828 498879
498937 499361
499469 499633
499686 499975
500007 500193
500221 500442
500460 500562
500692 500994
501056 501192
501204 501326
501332 501496
501537 501623
501651 501784
501810 502259
502339 502371
502472 502609
502639 502882
502987 503140
503166 503504
503538 503738
503767 503839
503940 504408
504536 504729
504761 505009
505031 505037
505088 505239
505279 505543
505615 505850
505910 506104
506122 506402
506529 506689
506731 507116
507147 507277
507346 507472
507489 507747
507776 507918
507940 508023
508164 508385
508434 508660
508689 508913
508941 509115
509132 509295
509328 509457
509463 509578
509750 509756
509816 510041
510074 510209
510256 510614
510668 510685
510688 510838
510896 511030
511134 511421
511425 511467
511503 511643
511813 511932
511940 512149
512220 512314
512392 512497
512506 512569
512572 512635
512672 512785
512798 512883
513087 513270
513290 513581
513595 513696
513776 513862
513920 514003
514007 514069
514109 514215
514223 514375
514449 514484
514515 514773
514840 514998
515023 515228
515374 515462
515502 515726
515768 515962
516000 516036
516069 516297
516345 516552
516585 516738
516820 517016
517070 517278
517376 517446
517483 517624
517650 517937
517958 518196
518262 518398
518401 518431
518478 518630
518634 518677
518706 518860
518954 519245
519292 519443
519446 519479
519484 519549
519575 519649
519656 519733
519758 520037
520069 520126
520225 520334
520374 520545
520583 520907
521051 521401
521454 521622
521842 522039
522084 522167
522215 522313
522386 522499
522545 522747
522837 523020
523102 523565
523750 524144
524181 524370
524508 524588
524603 524628
524699 524838
524890 525246
525284 525408
525484 525812
525930 526132
526254 526383
526447 526646
526651 526715
526718 526801
526859 527267
527302 527700
527836 527904
527989 528135
528188 528336
528339 528474
528484 528638
528698 528738
528745 528803
528832 528973
529038 529280
529302 529449
529491 529558
529662 529900
529930 529985
529989 530078
530176 530372
530409 530631
530708 530784
530831 530966
530998 531343
531404 531625
531755 531761
531785 531935
531938 531995
532033 532378
532404 532489
532530 532740
532771 532985
533134 533243
533300 533444
533477 533567
533655 533722
533773 534060
534158 534273
534303 534502
534609 534675
534717 535019
535068 535175
535215 535371
535375 535524
535562 535795
535855 535916
535919 535975
536017 536038
536056 536119
536245 536310
536337 536427
536460 536619
536654 536942
536966 537220
537308 537647
537757 537887
537911 538043
538065 538087
538090 538210
538261 538525
538559 538756
538779 538958
539091 539478
539548 539699
539812 539869
539918 540142
540168 540333
540459 540578
540619 540748
540751 540946
540983 541367
541500 541566
541635 541808
541849 542031
542060 542253
542286 542381
542534 542634
542696 542913
542940 543138
543162 543318
543448 543598
543634 543802
543827 544046
544076 544198
544212 544292
544347 544576
544624 544772
544868 544926
544929 545282
545335 545443
545573 545738
545810 545951
546002 546076
546270 546394
546440 546489
546499 546654
546685 546809
546865 546978
546981 547231
547327 547396
547399 547556
547629 547802
547838 547922
547964 548027
548160 548479
548522 548809
548924 548977
549038 549102
549126 549254
549287 549422
549446 549500
549503 549506
549605 549669
549736 549860
549863 549968
549990 550034
550142 550536
550590 550696
550742 550824
550939 551249
551320 551572
551643 551884
551930 552193
552250 552351
552418 552454
552551 552699
552760 553019
553024 553070
553146 553264
553308 553382
553385 553412
553419 553421
553491 553745
553797 553906
553940 554030
554129 554131
554234 554441
554484 554815
554819 554927
554987 554996
555105 555106
555174 555425
555453 555479
555489 555560
555624 555753
555786 555937
555972 555975
556098 556173
556227 556291
556352 556647
556694 556871
556969 556971
557038 557150
557210 557270
557319 557366
557413 557564
557567 557706
557732 557733
557790 558003
558101 558239
558317 558474
558508 558596
558709 558832
558862 559008
559099 559287
559297 559584
559683 560048
560076 560298
560327 560454
560561 560760
560764 560832
560865 561069
561165 561293
561334 561689
561724 561853
561887 562133
562230 562482
562519 562598
562603 562772
562816 563038
563149 563258
563261 563367
563408 563570
563620 563860
563889 564060
564173 564266
564300 564407
564443 564654
564662 564934
564993 565134
565193 565333
565391 565429
565478 565792
565824 566008
566038 566213
566243 566358
566385 566508
566530 566638
566781 567086
567125 567254
567300 567644
567754 567817
567873 567995
568023 568202
568235 568280
568350 568664
568842 569105
569169 569395
569416 569680
569730 569818
569868 570000
570003 570030
570061 570473
570512 570696
570794 571079
571138 571418
571515 571614
571660 571768
571809 572066
572069 572204
572234 572410
572500 572714
572754 572876
573023 573142
573157 573690
573745 573785
573839 574060
574103 574253
574365 574420
574464 574907
574955 575023
575032 575056
575152 575225
575234 575275
575306 575361
575395 575487
575492 575580
575633 575832
575895 576189
576261 576320
576370 576500
576538 576699
576809 576863
576866 576988
577057 577233
577274 577391
577441 577443
577583 577698
577701 577772
577812 578133
578149 578503
578614 578822
578889 578945
578991 578993
579230 579239
579348 579599
579684 579744
579807 579876
579890 579969
580029 580180
580256 580418
580531 580674
580706 580749
580839 581011
581066 581190
581244 581443
581629 581776
581779 581820
581897 582082
582140 582236
582278 582379
582595 582716
582779 582914
583000 583049
583123 583374
583419 583502
583505 583660
583722 583921
583962 584250
584256 584307
584429 584566
584569 584616
584660 584808
584850 585126
585173 585285
585318 585404
585519 585580
585657 585911
585965 586025
586028 586208
586254 586449
586452 586657
586719 586922
587061 587190
587250 587430
587463 587574
587646 587855
587895 588131
588207 588382
588431 588640
588694 588739
588813 589011
589048 589204
589260 589427
589534 589724
589764 589948
590008 590107
590110 590148
590151 590153
590336 590416
590467 590557
590594 590984
591032 591158
591227 591341
591351 591353
591384 591507
591579 591695
591722 591797
591887 591890
591905 592300
592431 592619
592724 593179
593286 593424
593499 593634
593698 593700
593853 593859
593919 593968
593971 594082
594122 594215
594218 594220
594295 594387
594421 594525
594571 594765
594768 594838
594882 595025
595064 595306
595354 595505
595513 595577
595643 595699
595740 595808
595981 596099
596102 596335
596370 596480
596507 596624
596627 596630
596790 596942
596945 597034
597088 597283
597291 597435
597510 597649
597747 597759
597762 597915
597940 598012
598022 598070
598107 598169
598178 598368
598414 598452
598455 598538
598592 598623
598626 598650
598817 599017
599047 599136
599248 599250
599259 599274
599277 599423
599458 599562
599624 599704
599745 599859
599917 600060
600112 600352
600401 600542
600641 600741
600802 601221
601304 601338
601404 601557
601584 601694
601893 601895
601898 602231
602235 602440
602472 602526
602530 602622
602625 602799
602855 602923
603016 603153
603156 603315
603369 603500
603544 603559
603568 603677
603683 603784
603851 603972
604016 604217
604266 604363
604466 604600
604652 604767
604834 605007
605063 605188
605198 605200
605387 605413
605472 605552
605578 605642
605676 605899
605950 606273
606278 606280
606424 606483
606491 606619
606672 606724
606727 606801
606821 606850
606856 606933
606974 607146
607181 607284
607428 607430
607587 607748
607791 607900
607928 608058
608089 608339
608377 608445
608506 608658
608705 608825
608828 608830
609003 609070
609086 609156
609218 609487
609547 609683
609808 609810
609816 609829
609832 610075
610078 610347
610410 610679
610682 610773
610805 610970
611024 611037
611040 611210
611269 611292
611295 611508
611577 611600
611603 611806
611859 612030
612182 612248
612345 612509
612512 612630
612664 612670
612673 612835
612848 612850
612978 613099
613136 613292
613390 613572
613599 613622
613636 613699
613755 613858
613867 614065
614075 614222
614388 614390
614400 614456
614530 614719
614748 615047
615138 615362
615411 615604
615639 615702
615708 615710
615854 616233
616310 616631
616660 616878
616905 617131
617143 617253
617314 617504
617735 617810
617819 618334
618419 618494
618504 618569
618612 618794
618888 619164
619222 619291
619297 619322
619394 619635
619679 619861
619995 620218
620250 620439
620444 620617
620772 620866
620869 620925
620992 621071
621077 621214
621217 621420
621423 621457
621460 621520
621663 621708
621766 621862
621913 622069
622133 622380
622423 622691
622762 622963
622995 623118
623177 623397
623442 623561
623597 623627
623638 623640
623844 623920
623977 624012
624016 624063
624111 624454
624505 624530
624606 624803
624909 625143
625221 625307
625310 625416
625486 625606
625611 625649
625653 625707
625718 625720
625733 625803
625865 626035
626038 626040
626062 626065
626312 626523
626551 626631
626696 626884
626887 626933
626936 627002
627188 627190
627206 627258
627261 627508
627516 627625
627687 627930
628042 628367
628370 628411
628463 628562
628571 628666
628701 628947
629026 629092
629137 629475
629555 629723
629731 629790
629832 630080
630120 630225
630327 630392
630395 630432
630588 630590
630593 630983
631032 631282
631518 631520
631531 631631
631636 631668
631673 631822
631856 631906
631943 632131
632187 632316
632390 632663
632714 632762
632765 632936
633077 633284
633358 633415
633429 633486
633528 633612
633634 633656
633662 633708
633738 633754
633772 633773
633808 633818
633837 633855
634104 634213
634271 634523
634598 634748
634781 634784
634841 634953
635000 635105
635108 635198
635334 635336
635341 635488
635498 635500
635638 635880
635930 636116
636155 636339
636379 636517
636545 636607
636617 636638
636838 636840
636851 637284
637333 637465
637535 637912
638011 638232
638372 638435
638478 638648
638683 638971
639086 639179
639241 639391
639417 639649
639697 639831
639963 640084
640122 640408
640447 640541
640586 640685
640702 640789
640861 640961
641003 641166
641199 641593
641645 641768
641778 641780
641916 642232
642298 642451
642499 642596
642621 642784
642802 642959
643128 643130
643133 643193
643264 643395
643429 643513
643534 643622
643628 643630
643772 644021
644087 644424
644463 644550
644571 644728
644821 644909
644912 645093
645098 645100
645206 645264
645333 645537
645615 645616
645623 645686
645709 645830
645880 645937
646010 646194
646217 646402
646559 646667
646751 646864
646975 646977
646980 647046
647071 647305
647308 647310
647402 647623
647675 647725
647728 647946
648117 648132
648136 648171
648225 648247
648260 648605
648644 648875
648909 648970
648978 648980
649089 649151
649185 649412
649415 649534
649537 649586
649689 649691
649702 650025
650080 650263
650323 650544
650598 650642
650646 650749
650958 650960
650969 651203
651252 651316
651358 651472
651475 651610
651613 651663
651666 651700
651703 651769
652098 652100
652106 652160
652257 652350
652414 652655
652750 652894
652897 653005
653044 653204
653238 653240
653401 653482
653543 653642
653675 653831
653844 653886
653950 654058
654107 654208
654236 654330
654364 654702
654817 654889
654892 654944
654987 655263
655270 655303
655351 655572
655575 655700
655758 655861
655921 656052
656097 656259
656487 656488
656582 657000
657084 657160
657236 657304
657307 657367
657536 657538
657545 657605
657664 657829
657834 658050
658319 658365
658419 658562
658624 658856
658965 659174
659180 659270
659334 659527
659577 659720
659727 659728
659931 660063
660099 660233
660274 660429
660437 660589
660592 660773
660776 660778
660908 661026
661081 661109
661113 661159
661205 661397
661482 661622
661625 661677
661920 662145
662183 662335
662374 662449
662452 662630
662736 662738
662742 662797
662800 662959
662986 663079
663113 663185
663336 663551
663589 663846
663875 663920
663961 664081
664106 664186
664238 664334
664337 664340
664607 664673
664733 664815
664846 664996
665050 665179
