97 882
909 1173
1321 1384
1393 1784
1787 1865
1898 2096
2102 2103
2192 2303
2307 2401
2451 2758
2761 2978
3018 3174
3181 3235
3264 3478
3562 3617
3657 4258
4305 4381
4388 4470
4505 4560
4567 4632
4771 4773
4776 4867
4942 4989
5002 5303
5333 5838
5841 5843
5964 6111
6140 6346
6383 6679
6693 6832
6835 6962
6971 6973
7069 7119
7160 7312
7370 7800
7803 7832
7918 8337
8340 8343
8450 8536
8603 8707
8711 8824
8888 9113
9165 9307
9385 9520
9523 9680
9721 9885
9969 10274
10301 10365
10375 10441
10468 10633
10725 10727
10732 11038
11041 11115
11146 11442
11470 11709
11712 11783
11864 11867
11875 12019
12025 12027
12119 12420
12425 12516
12526 12654
12785 12949
13018 13193
13197 13658
13726 13896
13899 14047
14141 14143
14147 14278
14326 14518
14548 14978
15054 15213
15235 15493
15601 15603
15607 15662
15711 15983
16029 16165
16211 16323
16335 16360
16363 16656
16698 16942
16958 16998
17117 17146
17153 17519
17581 17904
17937 17953
17957 18091
18119 18220
18228 18316
18406 18408
18416 18484
18532 18735
18810 19043
19046 19048
19141 19445
19451 19560
19609 19956
19990 20085
20152 20321
20400 20508
20545 20608
20620 20803
20835 20868
20876 21303
21365 21579
21584 21587
21658 21856
21864 21866
21993 22173
22204 22419
22484 22486
22491 22548
22585 22862
22907 23241
23244 23246
23284 23334
23344 23346
23431 23621
23664 23666
23671 23763
23824 23826
24015 24228
24231 24393
24405 24754
24786 24967
25112 25113
25122 25403
25406 25453
25495 25764
25791 25838
25877 26317
26348 26423
26432 26433
26482 26521
26565 26806
26857 27129
27132 27167
27172 27173
27269 27409
27412 27513
27516 28465
28521 28699
28703 28789
28880 29114
29119 29367
29433 29622
29632 30086
30117 30329
30332 30521
30524 30526
30644 31077
31091 31365
31396 31478
31481 31553
31556 31780
31783 31954
32033 32288
32291 32418
32474 32536
32570 32722
32725 32814
32829 33191
33265 33406
33437 34062
34102 34233
34288 34595
34599 34835
34992 35262
35268 35531
35568 35703
35706 35770
35796 36089
36119 36756
36827 36903
37056 37342
37345 37446
37483 37665
37671 38270
38307 38533
38605 39044
39078 39354
39397 39774
39833 39920
39938 40034
40042 40059
40062 40087
40090 40093
40206 40292
40298 40403
40433 40575
40583 40767
40818 41566
41613 41732
41735 41966
42042 42286
42311 42480
42498 42536
42541 42832
42835 42889
42943 43099
43246 43402
43405 43453
43458 43838
43842 44003
44059 44407
44515 44822
44857 44984
44987 45514
45566 45856
45934 46004
46034 46128
46131 46195
46225 46336
46340 46512
46542 46686
46689 47195
47229 47705
47773 47939
47954 48020
48049 48534
48626 48852
48860 49174
49197 49886
50009 50143
50234 50285
50322 50520
50527 50630
50650 50793
50822 50923
50992 51553
51575 51638
51641 51997
52076 52078
52086 52150
52179 52320
52358 52633
52657 53000
53035 53120
53176 53178
53186 53392
53442 53512
53587 53664
53670 53693
53696 54301
54448 54560
54563 54702
54749 55041
55159 55162
55171 55333
55357 55452
55458 55583
55612 55785
55827 55948
56080 56082
56085 56261
56273 56339
56342 56613
56654 57081
57099 57134
57139 57272
57310 57462
57486 57820
57848 58024
58079 58937
58943 59013
59125 59260
59263 59339
59344 59574
59617 59641
59674 59770
59779 59917
59950 60181
