119 389
477 1017
1106 1674
1739 1906
1933 2298
2365 2935
2938 3046
3083 3325
3355 3586
3589 3591
3675 3813
3816 4047
4080 4462
4489 4765
4771 4857
4895 5120
5137 5140
5155 5316
5324 5420
5423 5578
5601 5812
5815 5816
5832 6431
6486 6822
6848 7424
7467 7527
7530 7629
7632 7861
7887 8158
8161 8163
8220 8304
8307 8404
8412 8656
8659 8803
8807 8937
8940 9090
9093 9206
9256 9784
9849 10292
10312 10756
10765 10767
10803 11217
11243 11569
11600 11935
11969 12284
12331 12550
12553 12555
12577 12650
12658 12660
12678 12837
12840 12842
12859 13031
13063 13141
13156 13562
13591 13851
13854 13856
13886 14104
14108 14110
14138 14379
14405 14546
14567 14789
14801 14985
15002 15005
15032 15700
15744 16143
16146 16286
16314 16575
16600 16836
16878 17011
17016 17162
17191 17615
17648 17722
17748 18018
18045 18340
18422 18587
18590 18837
18862 19111
19123 19397
19400 19892
19948 20266
20288 20639
20682 20808
20811 21012
21019 21169
21195 21381
21399 21401
21444 21792
21795 21827
21852 22314
22372 22732
22740 22816
22846 22950
22953 23112
23138 23559
23594 23889
23941 24020
24023 24106
24122 24256
24289 24428
24432 24896
24948 25172
25175 25620
25652 26060
26082 26230
26262 26581
26606 26664
26679 26797
26836 27133
27137 27355
27395 27887
27908 28191
28204 28206
28236 28560
28570 28571
28593 28909
28912 28915
28929 28992
28995 29185
29188 29602
29617 29638
29641 29799
29830 30246
30281 30349
30378 30719
30751 30958
30984 31040
31073 31209
31247 31579
31618 32094
32128 32497
32539 32654
32667 33094
33121 33377
33381 33477
33496 33585
33604 33755
33779 33952
33980 34064
34067 34179
34182 34333
34359 34678
34682 34798
34848 34850
34853 35272
35294 35443
35453 35455
35459 35759
35780 36032
36047 36134
36144 36473
36511 36793
36798 36969
36992 37126
37160 37391
37419 37506
37509 37590
37610 38107
38143 38428
38431 38780
38783 38785
38839 38890
38935 39208
39211 39587
39632 40064
40098 40288
40291 40608
40641 40796
40822 40986
40992 41172
41175 41243
41275 41529
41552 41633
41637 41810
41908 42094
42098 42233
42237 42571
42590 42700
42716 43117
43147 43501
43504 43799
43853 44055
44066 44149
44152 44416
44443 44650
44663 44760
44775 44881
44902 45080
45111 45389
45416 45668
45699 45911
45914 46105
46167 46321
46324 46395
46415 46762
46806 46854
46857 47101
47127 47332
47384 47802
47834 47931
47965 48199
48221 48553
48591 48921
48941 49060
49079 49419
49451 49815
49834 50224
50239 50273
50276 50448
50478 50731
50779 51164
51197 51370
51392 51676
51696 52206
52240 52406
52432 52833
52854 53257
53302 53639
53673 53837
53840 54071
54097 54310
54345 54603
54606 54925
54978 55363
55408 55868
55913 56202
56228 56420
56455 56689
56696 56998
57037 57238
57241 57364
57391 57501
57519 57690
57720 58096
58143 58207
58210 58616
58637 58731
58758 59334
59373 59436
59451 59538
59541 59590
59593 59846
59874 60019
60055 60340
60376 60710
60773 60853
60887 61111
61170 61391
61454 61773
61798 62191
62194 62289
62297 62507
62580 62583
62628 62913
62940 63381
63384 63431
63457 64000
64033 64322
64370 64424
64442 64605
64656 64751
64754 65241
65301 65475
65478 65583
65586 65762
65794 66005
66043 66194
66215 66553
66587 66768
66789 66981
67008 67085
67099 67232
67252 67394
67420 67571
67574 67640
67643 67871
67921 68284
68287 68632
68667 68965
69012 69236
69239 69344
69364 69495
69498 69531
69538 69874
69925 69984
69987 70472
70495 70574
70577 70828
70831 70832
70879 71038
71058 71452
71478 71708
71711 71869
71898 72076
72138 72554
72557 72560
72611 72952
72987 73501
73537 73788
73795 74039
74140 74335
74338 74542
74582 75028
75060 75350
75389 75498
75501 75577
75580 75740
75743 76037
76070 76168
76171 76376
76379 76539
76589 77024
77053 77263
77266 77489
77492 77493
77517 78008
78038 78205
78209 78395
78428 78653
78672 79240
79311 79614
79619 79954
79985 80271
80285 80287
80361 80484
80487 80828
80861 81062
81065 81188
81222 81464
81485 81710
81740 82133
82168 82479
82482 82495
82511 82570
82599 82736
82779 82908
82939 82998
83001 83468
83471 83528
83554 83767
83818 84190
84193 84380
84383 84682
84696 85075
85107 85443
85537 85708
85711 86147
86187 86419
86456 86556
86562 86876
86902 87272
87321 87350
87365 87807
87837 88146
88187 88556
88575 89187
89225 89730
89733 89735
89774 90382
90404 90542
90564 90898
90949 91386
91422 91831
91863 92046
92071 92583
92613 92615
92620 92703
92727 92820
92823 92996
93032 93419
93434 93583
93648 94004
94018 94148
94151 94181
94185 94404
94407 94584
94607 94821
94824 94825
94874 95593
95596 95598
95665 95869
95892 96084
96087 96090
96121 96302
96325 96572
96595 97274
97293 97337
97386 97581
97603 98141
98189 98516
98541 98914
98963 99252
99279 99487
99510 99564
99567 99859
99897 99932
99935 100524
100536 100650
100653 100655
100673 100996
100999 101400
101440 101740
101788 102079
102094 102452
102482 102734
102787 103037
103065 103277
103291 103400
103403 103537
103563 103790
103793 103868
103871 103873
103931 104207
104216 104734
104787 105210
105257 105639
105682 105828
105885 105976
105979 106258
106293 106782
106841 107166
107169 107499
107545 107599
107615 107681
107688 107851
107854 107930
107969 108272
108294 108442
108483 108642
108667 109005
109008 109010
109119 109506
109553 109588
109591 109631
109638 109952
109977 110250
110294 110441
110444 110706
110735 110973
110988 111330
111369 111669
111701 111989
112028 112432
112463 112673
112703 112890
112911 113335
113340 113500
113513 113603
113625 113853
113856 114022
114059 114279
114282 114641
114727 114950
114953 115192
115213 115479
115515 115805
115865 116218
116275 116315
116318 116508
116511 116767
116801 117115
117133 117433
117492 117768
117771 117872
117875 118065
118124 118292
118295 118369
118402 118405
118519 118799
118834 119361
119409 119621
119624 119753
119792 120244
120314 120524
120527 120776
120830 121356
121411 121636
121639 122033
122051 122426
122458 122891
122912 123101
123149 123358
123369 123454
123457 123846
123881 124226
124260 124634
124698 125079
125082 125279
125312 125503
125507 125507
125534 125610
125648 126066
126111 126415
126432 126737
126758 127042
127108 127173
127197 127319
127378 127488
127491 127694
127711 127813
127831 127932
127969 128217
128258 128430
128459 128643
128670 128995
129017 129088
129101 129332
129381 129650
129653 129819
129854 129881
129884 129955
129977 130250
130253 130326
130347 130667
130699 131291
131315 131566
131577 131659
131662 132009
132049 132199
132202 132641
132684 133034
133096 133325
133354 133453
133475 133667
133690 133956
133973 134443
134475 134790
134826 135026
135029 135143
135174 135292
135332 135662
135693 135990
136015 136280
136327 136602
136670 137147
137177 137454
137500 137800
137803 137805
137859 137897
137900 137987
138005 138436
138477 138661
138716 139051
139054 139186
139189 139376
139426 139927
139967 140190
140224 140666
140688 140873
140925 141205
141212 141483
141508 141577
141580 141760
141775 141993
142037 142287
142290 142500
142503 142505
142553 142670
142673 142905
142951 143082
143086 143480
143483 143664
143693 143841
143844 144190
144226 144716
144755 145048
145164 145383
145391 145866
145869 145974
145977 146051
146066 146067
146130 146658
146698 147057
147060 147259
147262 147265
147354 147563
147602 147685
147717 147951
147975 148032
148035 148286
148355 148444
148447 148854
148884 149086
149089 149180
149183 149418
149445 149769
149807 149977
150004 150099
150102 150398
150450 150526
150583 151352
151387 151723
151769 152011
152014 152300
152328 153009
153012 153013
153083 153506
153543 153969
153972 153975
154013 154399
154432 154683
154743 154959
154971 155163
155188 155298
155332 155370
155396 155463
155466 155616
155640 155643
155654 156037
156074 156248
156300 156616
156619 156621
156661 157031
157064 157274
157277 157278
157325 157652
157681 157970
158003 158127
158146 158425
158460 158574
158581 158768
158817 159023
159059 159338
159341 159343
159347 159766
159794 160172
160202 160362
160402 160586
160589 160591
160640 160786
160823 160957
160960 161053
161056 161109
161133 161431
161455 161521
161524 161654
161657 161983
161989 161991
162047 162333
162358 162537
162540 162613
162639 162641
162655 162834
162895 163060
163063 163238
163286 163448
163453 163579
163582 163656
163693 163838
163873 164075
164111 164331
164363 164510
164527 164586
164632 164768
164816 165364
165395 165546
165549 165551
165648 165749
165780 166140
166185 166320
166323 166517
166555 166628
166631 166696
166699 166701
166756 167024
167061 167087
167090 167308
167352 167775
167778 167780
167817 168126
168162 168562
168613 168927
168982 169158
169190 169513
169547 169633
169662 169907
169910 169998
170055 170476
170500 170714
170717 170720
170754 171090
171199 171414
171423 171544
171547 171750
171802 172027
172084 172129
172133 172355
172384 172441
172444 172692
172738 172740
172751 173116
173151 173499
173549 173842
173927 174038
174041 174113
174120 174236
174244 174311
174314 174494
174545 174660
174663 174747
174777 175067
175171 175423
175442 175832
175857 176313
176345 176549
176642 176900
176941 177252
177263 177342
177362 177447
177462 177538
177612 177888
177891 178136
178168 178434
178490 178963
179014 179335
179362 179819
179837 180016
180050 180130
180133 180225
180228 180456
180459 180561
180576 180908
180958 181236
181241 181344
181347 181479
181489 181902
181935 181988
181991 182122
182184 182486
182513 182732
182759 182910
182914 183029
183058 183413
183419 183421
183437 183569
183572 183680
183716 183717
183721 184026
184044 184089
184109 184254
184265 184267
184313 184398
184414 184518
184528 184683
184689 185019
185022 185025
185076 185311
185321 185322
185347 185587
185616 185777
185783 185786
185804 186073
186113 186115
186122 186175
186197 186650
186653 186655
186695 186845
186873 186875
186951 187060
187063 187182
187204 187393
187456 187457
187460 187685
187715 187717
187729 187910
187913 188130
188157 188458
188492 188722
188729 188810
188834 188990
188993 189125
189150 189385
189396 189397
189440 189719
189722 189745
189748 189890
189929 190124
190150 190250
190270 190593
190616 190618
190654 190740
190743 190842
190845 191163
191166 191168
191197 191524
191550 191845
191859 192116
192119 192121
192155 192397
192422 192579
192582 192678
192686 192688
192707 192866
192869 192871
192874 192920
192923 193035
193058 193510
193522 193685
193690 194139
194159 194261
194291 194472
194475 194507
194522 194583
194587 194590
194596 194746
194772 194806
194809 194925
194930 194932
194959 195241
195253 195404
195434 195565
195585 195806
195809 195811
195816 196038
196041 196227
196269 196455
196516 196874
196899 197125
197142 197450
197458 197460
197485 197556
197592 197774
197797 198125
198161 198372
198416 198835
198841 198927
198988 199136
199159 199560
199563 199565
199680 199933
199936 200256
200299 200642
200675 200701
200704 200784
200787 201019
201052 201207
201238 201314
201337 201463
201490 201716
201719 201880
201903 201905
201950 202126
202138 202427
202443 202608
202622 202623
202651 202769
202824 202826
202866 203149
203152 203155
203198 203555
203580 203623
203626 203722
203728 203730
203787 204120
204151 204573
204617 204666
204669 204771
204774 204804
204807 204851
204854 204974
204980 205295
205298 205300
205307 205395
205414 205489
205492 205620
205646 205859
205862 206001
206004 206104
206114 206116
206136 206162
206165 206384
206387 206710
206715 206899
206920 207052
207071 207223
207260 207450
207473 207658
207663 207665
207728 207912
207932 208138
208165 208241
208244 208378
208407 208715
208766 209080
209123 209278
209281 209596
209625 209848
209856 209857
209900 210176
210179 210182
210199 210510
210513 210515
210558 210765
210791 210851
210871 210986
211009 211390
211393 211395
211416 211558
211583 211756
211759 211928
211931 211932
211991 212035
212038 212635
212703 212865
212868 213176
213196 213354
213371 213796
213820 213967
213970 213972
214009 214172
214210 214460
214467 214470
214493 214836
214872 215031
215034 215083
215087 215198
215201 215202
215223 215442
215486 215829
215852 216082
216088 216091
216123 216427
216430 216432
216451 216757
216760 216762
216806 217036
217071 217244
217247 217250
217293 217403
217406 217407
217473 217620
217634 217925
217928 218067
218070 218165
218207 218512
218550 218815
218848 218952
218965 219057
219085 219157
219160 219343
219346 219420
219451 219608
219638 219833
219836 219920
219923 219999
220006 220008
220042 220389
220410 220765
220768 220771
220846 221108
221153 221337
221340 221556
221583 221759
221769 221771
221810 222072
222113 222268
222276 222277
222302 222360
222368 222479
222488 222565
222577 222672
222696 222982
223003 223182
223185 223187
223223 223302
223305 223517
223520 223565
223568 223602
223606 223699
223730 223889
223935 224344
224376 224567
224587 224725
224739 224891
224917 225145
225217 225796
225824 226068
226112 226144
226147 226267
226278 226479
226483 226580
226598 226865
226888 227086
227142 227680
227710 227953
227956 228042
228046 228157
228178 228491
228514 228639
228665 228817
228835 228836
228896 229067
229083 229291
229321 229498
229511 229842
229851 229853
229893 230120
230123 230250
230253 230255
230288 230516
230528 230607
230628 230702
230705 230772
230790 231127
231130 231248
231292 231328
231339 231513
231536 231576
231608 231734
231758 231908
231911 232085
232090 232284
232291 232292
232352 232453
232456 232619
232643 233019
233047 233209
233216 233410
233441 233687
233690 233692
233738 233942
233960 234162
234200 234202
234205 234364
234386 234574
234597 234822
234845 234954
234957 235141
235144 235235
235266 235609
235644 235911
235930 236343
236393 236396
236399 236474
236486 236740
236771 237040
237072 237136
237139 237163
237167 237235
237279 237343
237349 237614
237635 237768
237771 237957
237979 238094
238134 238416
238438 238622
238650 238809
238830 238859
238865 238975
239005 239119
239136 239429
239477 239868
239900 240151
240180 240446
240458 240645
240649 240815
240851 240962
240973 241147
241173 241370
241391 241710
241734 242018
242021 242022
242076 242395
242423 242646
242653 242694
242720 243200
243224 243401
243424 243667
243670 243828
243831 243922
243933 243936
243978 244310
244330 244817
244826 244828
244851 244999
245006 245066
245101 245102
245141 245170
245218 245465
245468 245570
245589 245762
245795 245936
245939 246172
246175 246176
246237 246430
246441 246658
246697 247076
247111 247557
247583 247773
247776 247886
247920 248387
248442 248848
248884 249029
249062 249253
249267 249557
249560 249562
249598 249810
249813 249867
249870 249872
249897 250087
250115 250319
250361 250362
250365 250378
250381 250558
250561 250715
250734 250889
250892 251033
251083 251275
251281 251402
251405 251590
251624 251626
251629 251772
251775 251987
251990 252352
252385 252641
252644 252646
252683 252731
252737 252902
252930 253106
253129 253471
253508 253752
253782 253833
253857 254222
254257 254578
254631 254883
254886 255007
255036 255367
255400 255723
255750 255752
255763 256024
256043 256258
256283 256489
256492 256619
256647 256939
256969 257234
257256 257384
257390 257392
257452 257603
257606 257714
257743 258074
258111 258376
258417 258517
258527 258573
258580 258653
258656 258830
258858 259013
259038 259193
259196 259313
259350 259498
259501 259604
259628 259839
259848 259851
259894 259990
259995 260263
260278 260541
260569 260727
260733 260735
260775 260993
261013 261131
261155 261348
261352 261455
261463 261465
261496 261580
261583 261844
261869 262033
262060 262447
262472 262684
262710 262948
262951 262952
262987 263093
263096 263442
263480 263722
263752 263959
263982 264235
264262 264285
264288 264393
264414 264556
264577 264820
264862 264942
264966 265122
265149 265692
265718 265908
265930 266144
266175 266241
266244 266540
266556 266558
266587 266846
266866 267114
267143 267389
267409 267518
267536 267929
267970 267972
267983 268185
268194 268300
268325 268456
268480 268693
268715 269081
269084 269243
269299 269434
269452 269672
269700 269965
269997 270437
270462 270729
270783 271134
271139 271142
271182 271364
271367 271560
271594 271779
271802 272066
272104 272106
272110 272159
272163 272265
272298 272577
272580 272582
272627 272830
272843 273027
273045 273104
273107 273163
273214 273444
273456 273529
273532 273640
273648 273933
273938 274125
274137 274140
274163 274521
274524 274526
274562 274819
274822 274932
274974 274976
274979 275055
275097 275266
275269 275353
275356 275465
275479 275852
275861 275862
275886 275918
275938 276092
276116 276174
276188 276226
276229 276271
276274 276358
276376 276481
276495 276654
276670 276672
276693 276870
276873 277039
277068 277466
277469 277472
277486 277864
277889 278271
278304 278592
278646 278679
278682 278809
278835 278921
278924 279031
279038 279177
279201 279394
279404 279577
279612 279755
279789 280001
280031 280183
280186 280372
280406 280674
280696 280818
280821 280909
280912 280997
281022 281214
281221 281460
281463 281557
281560 281562
281612 281926
281958 282180
282198 282355
282364 282612
282615 282789
282808 282885
282888 283038
283041 283042
283071 283497
283517 283717
283720 283722
283753 283876
283881 284124
284160 284162
284167 284527
284562 284733
284737 284838
284857 284860
284866 285160
285163 285331
285367 285638
285653 285750
285797 286291
286348 286487
286513 286597
286609 286840
286874 286919
286922 287061
287080 287302
287338 287340
287382 287651
287685 287887
287916 288008
288011 288095
288116 288423
288453 288612
288641 288820
288843 288951
288954 289188
289191 289192
289278 289429
289456 289653
289677 289719
289722 289904
289907 290046
290049 290126
290151 290553
290567 290570
290611 290941
290967 291297
291300 291493
291510 291511
291536 291634
291637 291801
291804 292076
292134 292313
292316 292550
292574 292685
292688 292775
292800 292980
293000 293087
293090 293159
293195 293243
293256 293600
293630 293658
293661 293841
293845 293967
293981 293982
294014 294307
294346 294682
294705 294909
294940 295200
295251 295279
295287 295491
295494 295768
295795 296082
296122 296559
296588 296672
296675 296884
296916 297076
297079 297207
297210 297212
297294 297756
297800 297960
297963 298034
298037 298106
298121 298202
298205 298368
298393 298544
298572 298709
298721 298854
298857 298959
298989 299134
299137 299311
299333 299492
299553 299604
299611 299684
299687 299789
299812 299857
299867 299937
299942 300007
300010 300077
300108 300368
300396 300642
300664 300779
300801 301188
301218 301273
301276 301466
301480 301482
301529 301626
301632 301935
301970 302178
302185 302378
302381 302460
302489 302871
302944 303408
303427 303537
303540 303575
303578 303650
303673 303871
303876 303968
303981 304287
304290 304292
304361 304480
304502 304609
304612 304725
304756 304790
304805 305073
305104 305214
305217 305559
305604 305838
305841 305976
305979 306090
306117 306345
306376 306817
306820 306822
306889 307007
307032 307215
307252 307394
307411 307637
307709 307824
307835 307930
307960 308292
308318 308511
308514 308753
308791 308825
308828 309074
309077 309295
309348 309414
309428 309776
309826 309886
309912 310047
310068 310151
310154 310295
310323 310728
310734 310737
310757 311013
311040 311340
311376 311574
311589 311726
311754 312143
312174 312455
312461 312462
312474 312760
312803 313059
313088 313375
313453 313630
313640 313956
313983 314073
314141 314517
314558 314821
314847 314977
315003 315117
315120 315306
315332 315482
315485 315747
315750 315752
315810 315969
315972 316220
316248 316610
316643 317019
317036 317038
317077 317149
317184 317378
317381 317396
317399 317463
317480 317613
317616 317749
317785 317894
317897 318018
318046 318177
318180 318410
318445 318644
318647 318785
318790 318792
318839 318902
318905 319127
319165 319418
319449 319774
319800 320146
320170 320172
320208 320296
320299 320374
320377 320618
320643 320813
320816 320891
320894 321030
321061 321308
321363 321768
321797 322095
322098 322201
322228 322314
322317 322402
322412 322595
322650 322776
322779 322845
322868 323111
323121 323350
323361 323491
323518 323755
323767 323770
323811 323911
323948 324115
324119 324196
324212 324292
324331 324369
324374 324464
324482 324597
324600 324717
324741 324939
324989 325177
325183 325521
325562 325707
325721 325873
325897 325982
326050 326234
326254 326450
326458 326714
326742 327054
327060 327062
327128 327459
327493 327697
327703 328012
328056 328281
328312 328733
328769 329079
329134 329304
329332 329530
329563 329755
329760 329762
329822 330208
330255 330494
330502 330633
330658 330896
330899 331006
331026 331203
331208 331444
331454 331631
331634 331671
331674 332038
332086 332251
332254 332364
332383 332530
332536 332827
332856 332992
333018 333231
333276 333796
333822 333894
333914 333957
333962 334069
334101 334272
334275 334388
334414 334467
334470 334702
334718 334720
334723 335215
335248 335486
335511 335680
335689 335896
335988 336361
336380 336476
336479 336764
336790 336909
336967 337029
337048 337349
337377 337571
337588 337609
337628 337735
337738 337899
337907 338099
338102 338520
338578 338666
338678 338834
338862 339169
339215 339421
339424 339540
339543 339616
339637 339679
339682 339800
339821 340279
340296 340527
340547 340754
340757 340758
340768 341435
341449 341601
341607 341738
341770 342026
342030 342093
342096 342208
342230 342452
342491 342774
342805 343171
343207 343405
343408 343410
343419 343625
343647 343906
343928 344167
344170 344263
344284 344454
344468 344692
344695 344697
344704 344958
344971 345136
345145 345296
345319 345483
345486 345796
345840 345925
345941 346033
346053 346272
346296 346376
346379 346448
346465 346650
346692 347044
347061 347243
347266 347840
347843 347846
347917 348384
348425 348525
348528 348702
348705 348918
348943 349115
349128 349302
349337 349673
349676 349734
349737 349817
349850 350247
350268 350486
350498 350632
350635 350772
350800 351075
351110 351379
351417 351769
351792 352139
352171 352470
352493 352691
352694 352696
352772 353102
353105 353190
353216 353436
353457 353745
353750 354134
354156 354465
354484 354591
354608 354804
354823 355291
355300 355485
355500 355753
355802 355884
355887 356015
356018 356266
356269 356390
356419 356469
356492 356751
356755 356757
356788 356972
356980 357278
357320 357399
357434 357600
357603 357734
357760 358186
358243 358405
358419 358791
358849 359261
359296 359491
359505 359796
359844 360133
360153 360306
360309 360405
360420 360607
360610 360800
360843 361180
361205 361472
361477 361533
361536 361678
361729 361844
361886 362152
362162 362318
362360 362423
362451 362718
362740 363091
363117 363371
363374 363376
363407 363491
363498 363756
363790 364224
364257 364480
364483 364658
364665 364978
364981 364982
365060 365501
365528 365815
365864 365943
365968 366119
366145 366268
366295 366628
366676 366894
366919 367010
367014 367085
367099 367180
367183 367266
367304 367402
367405 367509
367528 367653
367700 367702
367733 367818
367823 368030
368068 368170
368173 368407
368410 368564
368593 368866
368869 368981
368998 369226
369273 369634
369675 369723
369726 369810
369813 369899
369939 370015
370046 370485
370516 370651
370666 370873
370900 370964
370979 371050
371079 371250
371283 371505
371536 371669
371699 371893
371919 372091
372111 372271
372346 372617
372639 372843
372869 373148
373164 373236
373239 373508
373538 373765
373788 373999
374030 374262
374288 374352
374358 374455
374469 374681
374684 374687
374706 375158
375182 375316
375335 375442
375466 375803
375827 376055
376099 376166
376197 376371
376395 376622
376625 376627
376641 376834
376843 376845
376885 376969
377002 377305
377339 377496
377499 377711
377714 377858
377894 378099
378102 378238
378242 378300
378318 378513
378548 378762
378788 378958
379011 379363
379366 379810
379830 379999
380002 380146
380226 380389
380392 380839
380870 380903
380925 381112
381138 381607
381620 381621
381659 381839
381869 382033
382037 382191
382194 382197
382221 382349
382352 382420
382443 382874
382934 383334
383359 383755
383780 384044
384047 384111
384163 384429
384432 384691
384725 384810
384813 385024
385047 385216
385233 385469
385487 385581
385594 385756
385782 386054
386082 386375
386389 386391
386432 386612
386616 386799
386820 387055
387061 387062
387150 387282
387285 387616
387647 387831
387849 388116
388141 388437
388483 388578
388588 388673
388704 388913
388930 389178
389181 389297
389300 389400
389442 389645
389664 389832
389835 389938
389994 390149
390152 390451
390487 390536
390539 390737
390740 390742
390831 390998
391001 391230
391258 391380
391436 391698
391734 392239
392274 392365
392387 392667
392670 392867
392901 393222
393249 393423
393459 393629
393654 394106
394110 394112
394121 394285
394288 394687
394690 394692
394767 394839
394844 394914
394932 395163
395190 395253
395256 395458
395461 395588
395614 395962
395986 396220
396223 396226
396263 396329
396332 396432
396435 396757
396780 397094
397130 397529
397559 397835
397856 398225
398282 398428
398431 398679
398701 398777
398793 398899
398902 399067
399098 399349
399378 399500
399525 399898
399901 399902
399967 400338
400361 400795
400843 401327
401357 401612
401640 401755
401758 401818
401827 401984
402004 402348
402371 402528
402552 403043
403052 403111
403148 403253
403268 403619
403640 403718
403721 403835
403846 403901
403910 404138
404157 404382
404385 404387
404407 404765
404788 404831
404834 404938
404961 405018
405043 405120
405123 405677
405694 406157
406182 406415
406441 407029
407077 407600
407603 407605
407617 407823
407826 407880
407923 408305
408308 408310
408321 408615
408642 408716
408747 409121
409141 409468
409485 409672
409690 409920
409940 410107
410139 410539
410563 410808
410815 411028
411058 411288
411315 411609
411612 411650
411653 411655
411663 411964
411987 412261
412284 412456
412459 412558
412580 412862
412879 413084
413087 413252
413256 413398
413431 413920
413952 414146
414160 414348
414370 414758
414787 414862
414881 415292
415321 415351
415370 415445
415475 415889
415913 416119
416122 416231
416263 416569
416625 416782
416785 416899
416902 417176
417209 417615
417653 417691
417694 418027
418055 418404
418407 418410
418419 418799
418819 418980
419018 419283
419304 419499
419518 419691
419694 419696
419701 419985
420029 420083
420086 420140
420160 420418
420441 420688
420716 420952
420955 421068
421096 421162
421165 421260
421264 421622
421648 421897
421921 422052
422069 422301
422332 422478
422493 422820
422845 422971
422974 423086
423108 423382
423416 423463
423498 423940
423964 424271
424296 424417
424433 424914
424955 425221
425242 425389
425392 425434
425459 425846
425868 426042
426045 426046
426060 426581
426613 426789
426797 427187
427190 427192
427200 427697
427700 427762
427786 428149
428176 428332
428341 428423
428449 428661
428682 428864
428908 428911
428914 428940
428944 429091
429121 429265
429289 429608
429611 429612
429623 429821
429844 429986
429989 430099
430106 430392
430410 430748
430769 431001
431028 431128
431140 431379
431400 431708
431711 431814
431825 431827
431843 431988
431991 431993
432006 432193
432212 432532
432535 432537
432623 432725
432729 432831
432857 433100
433129 433405
433423 433673
433695 434012
434015 434121
434147 434547
434556 434647
434650 434674
434677 434693
434696 434845
434864 435018
435028 435031
435065 435563
435599 435935
435973 436189
436192 436393
436428 436622
436625 436841
436879 437114
437144 437179
437195 437292
437320 437491
437499 437797
437848 438378
438413 438803
438824 438897
438916 439356
439364 439570
439578 439756
439759 439914
439957 440405
440434 440788
440820 440901
440924 441244
441265 441340
441359 441570
441590 441627
441630 441860
441885 442119
442151 442243
442246 442531
442553 442882
442910 443161
443164 443187
443190 443292
443320 443642
443668 443940
443943 443946
444030 444245
444263 444322
444333 444388
444391 444444
444482 444650
444676 444872
444875 444986
445004 445112
445132 445193
445331 445484
445582 445649
445652 445723
445782 446188
446215 446272
446301 446662
446690 446843
446846 446897
446900 447002
447030 447177
447223 447494
447497 447701
447728 447809
447829 448194
448228 448672
448699 448701
448704 448952
448975 449213
449223 449346
449376 449582
449585 449956
449988 450146
450149 450295
450298 450410
450432 450612
450638 450939
450957 451210
451213 451326
451329 451330
451340 451517
451543 451747
451768 452086
452113 452185
452209 452450
452453 452456
452497 452901
452922 453110
453137 453480
453508 453786
453811 454168
454198 454401
454404 454459
454462 454652
454667 454935
454938 455028
455038 455040
455082 455397
455418 455669
455672 455951
455978 456172
456213 456594
456627 456705
456708 456924
456970 457133
457136 457303
457334 457582
457620 457726
457737 457877
457897 458208
458254 458360
458363 458616
458619 458670
458691 458883
458886 459033
459064 459466
459496 459690
459729 459898
459901 460036
460059 460196
460224 460564
460598 460785
460788 460790
460859 461105
461109 461560
461607 461658
461681 461812
461826 462144
462149 462151
462171 462618
462638 462880
462908 463370
463400 463807
463838 463951
463954 464088
464109 464246
464275 464439
464442 464625
464648 464785
464788 465150
465191 465640
465664 465996
466019 466190
466197 466295
466298 466300
466310 466588
466616 467061
467087 467171
467198 467301
467312 467476
467491 467668
467671 467673
467805 468235
468264 468467
468470 468601
468625 468826
468856 469025
469028 469090
469093 469269
469290 469538
469541 469543
469584 470103
470179 470362
470365 470438
470441 470493
470496 470518
470533 470585
470607 470786
470790 471033
471056 471136
471139 471293
471355 471597
471621 471740
471767 471956
471959 472062
472081 472244
472272 472573
472592 472832
472881 473285
473325 473513
473534 473641
473670 474013
474115 474255
474271 474315
474318 474415
474448 474703
474747 475004
475064 475371
475416 475473
475506 475661
475691 475993
476010 476309
476338 476498
476501 476502
476525 476604
476614 476716
476748 477085
477112 477288
477302 477355
477358 477572
477575 477578
477608 477842
477855 478001
478027 478229
478265 478424
478427 478430
478440 478595
478598 478638
478641 478791
478818 479059
479062 479063
479135 479409
479438 479725
479731 479733
479810 479910
479930 480087
480120 480320
480323 480455
480480 480824
480861 481058
481110 481350
481382 481490
481529 481801
481819 481967
481970 481972
481993 482087
482101 482274
482290 482408
482411 482508
482539 482654
482657 482818
482844 483092
483095 483146
483166 483344
483354 483356
483400 483450
483483 483576
483596 483701
483727 483942
483975 484101
484104 484253
484273 484462
484523 484723
484736 484827
484857 484984
485016 485378
485381 485383
485462 485709
485740 485792
485828 485998
486001 486003
486073 486113
486177 486326
486376 486498
486542 486631
486724 486726
486807 487387
487393 487469
487495 487743
487774 487927
487930 488055
488058 488138
488169 488251
488254 488481
488498 488803
488846 489410
489447 489723
489745 489871
489889 490160
490201 490421
490444 490828
490852 491031
491045 491047
491089 491249
491252 491270
491274 491343
491374 491614
491629 491781
491809 492251
492254 492256
492345 492574
492597 492653
492656 492911
492914 492916
492956 493110
493134 493335
493359 493724
493739 493841
493844 493846
493881 493985
493989 494117
494157 494600
494628 494785
494810 495133
495155 495403
495407 495653
495687 495759
495794 496097
496125 496439
496458 496738
496764 497065
497083 497332
497335 497501
497504 497506
497577 497826
497873 498110
498134 498136
498195 498462
498480 498726
498783 498984
499002 499251
499286 499288
499340 499543
499568 499919
499984 500092
500126 500352
500392 500461
500482 500596
500599 500713
500716 500783
500810 501086
501108 501456
501474 501743
501746 501748
501752 502014
502026 502028
502055 502157
502160 502263
502266 502339
502360 502627
502653 502798
502821 503212
503247 503296
503309 503475
503491 503549
503557 503661
503664 503666
503706 503827
503861 504142
504165 504352
504386 504792
504816 504925
504944 505088
505115 505368
505371 505373
505385 505526
505545 505773
505794 505986
506018 506337
506341 506343
506351 506579
506609 506894
506926 507015
507018 507133
507159 507462
507489 507609
507612 507615
507637 507804
507807 507921
507941 508097
508122 508435
508458 508622
508647 508890
508893 508962
508975 509126
509144 509334
509350 509515
509562 509987
510011 510208
510229 510512
510532 510743
510796 510897
510920 511148
511174 511456
511467 511597
511616 511894
511951 512018
512040 512469
512504 512579
512597 512837
512859 513074
513098 513256
513272 513407
513426 513491
513494 513565
513582 513674
513677 513741
513766 513872
513875 513971
513987 514267
514286 514544
514612 515159
515190 515542
515560 515729
515747 515879
515882 515882
515901 516083
516100 516403
516426 516513
516516 516713
516733 516988
517047 517050
517054 517226
517233 517295
517298 517360
517382 517651
517701 518020
518044 518194
518218 518308
518374 518533
518536 518987
519021 519425
519468 519939
519963 520141
520169 520222
520250 520420
520446 520680
520716 520936
520991 521180
521183 521354
521379 521548
521593 521698
521715 521851
521873 522150
522172 522414
522435 522621
522624 522626
522674 522862
522895 523117
523152 523331
523334 523468
523491 523660
523663 523779
523806 524011
524026 524147
524150 524198
524201 524270
524293 524396
524417 524521
524549 524942
524969 525167
525191 525431
525457 525565
525585 525843
525871 526148
526174 526381
526409 526465
526501 526640
526643 526645
526651 526728
526740 526976
527006 527083
527087 527241
527260 527502
527530 527821
527847 528018
528021 528182
528223 528367
528372 528509
528512 528741
528744 528746
528762 528855
528858 529164
529188 529383
529404 529599
529622 529808
529833 529873
529909 530004
530011 530092
530113 530268
530287 530575
530578 530691
530723 531076
531079 531118
531121 531191
531217 531285
531310 531428
531436 531656
531692 531784
531787 531804
531807 531906
531929 532244
532278 532348
532352 532470
532491 532822
532860 533122
533263 533571
533595 533913
533935 534210
534240 534554
534583 534811
534831 534866
534869 534968
535050 535138
535148 535236
535262 535367
535389 535572
535598 535817
535853 536004
536035 536348
536374 536752
536780 536945
536961 537185
537188 537329
537332 537333
537342 537532
537535 537604
537623 537823
537840 538040
538043 538046
538089 538199
538229 538434
538459 538762
538775 539158
539196 539285
539298 539389
539404 539553
539556 539651
539671 539759
539780 539879
539904 540192
540256 540580
540605 540945
541008 541070
541092 541360
541386 541653
541656 541657
541710 541930
541933 541936
541978 542207
542242 542583
542613 542752
542777 543096
543112 543428
543452 543662
543688 543853
543877 544001
544024 544026
544033 544179
544222 544477
544480 544482
544492 544902
544922 545107
545110 545302
545305 545307
545365 545445
545483 545623
545660 545731
545746 545956
545959 546060
546083 546289
546376 546756
546781 547086
547113 547350
547357 547360
547393 547800
547807 547808
547837 548039
548042 548236
548244 548245
548249 548684
548710 548848
548870 548917
548940 549329
549361 549428
549438 549765
549800 550055
550072 550220
550246 550440
550462 550681
550713 550970
550973 551044
551047 551048
551080 551494
551524 551779
551812 552093
552114 552325
552366 552444
552472 552650
552681 552843
552850 553102
553122 553238
553270 553661
553685 553962
553966 553968
554019 554124
554141 554333
554354 554467
554470 554638
554662 555025
555041 555209
555227 555345
555368 555449
555452 555676
555689 555929
555955 556205
556224 556324
556328 556331
556348 556548
556561 556562
556565 556738
556794 557066
557088 557418
557449 557491
557511 557726
557743 558095
558117 558253
558256 558258
558312 558492
558519 558867
558870 559045
559068 559415
559448 559609
559613 559755
559760 559762
559784 560151
560206 560526
560558 560948
560951 561025
561048 561202
561233 561274
561277 561381
561384 561535
561558 561761
561803 562085
562101 562285
562288 562290
562301 562466
562469 562470
562478 562582
562585 562679
562705 562871
562890 563000
563017 563199
563236 563238
563246 563446
563484 563567
563591 563815
563825 564018
564040 564217
564247 564275
564278 564550
564604 564606
564610 564760
564763 564892
564895 564996
565040 565312
565329 565502
565524 565812
565866 566340
566370 566480
566499 566755
566773 567006
567039 567211
567225 567420
567440 567589
567592 567595
567610 567644
567684 567880
567924 568062
568122 568178
568212 568478
568497 568682
568697 568924
568951 569252
569290 569359
569391 569537
569555 569717
569745 569911
569917 570130
570134 570136
570198 570283
570312 570609
570630 571021
571042 571121
571139 571281
571296 571490
571507 571609
571646 571963
572024 572149
572152 572435
572463 572718
572733 572863
572891 572963
572966 573132
573135 573260
573289 573537
573587 573808
573938 574111
574117 574380
574386 574490
574501 574715
574751 574967
574985 575126
575144 575381
575384 575386
575404 575706
575726 575910
575936 575938
575941 576093
576096 576211
576214 576216
576259 576544
576567 576700
576733 577000
577019 577203
577229 577333
577336 577577
577601 577767
577810 577880
577886 578111
578131 578452
578494 578496
578533 578619
578623 578753
578781 578962
578981 579091
579094 579229
579251 579402
579405 579551
579554 579556
579628 580119
580143 580456
580505 580598
580626 580834
580869 581093
581097 581201
581208 581609
581612 581679
581682 581819
581822 581917
581920 582048
582078 582494
582514 582742
582763 582956
582959 583179
583233 583453
583462 583894
583938 584256
584259 584353
584380 584541
584565 584894
584921 585141
585144 585146
585220 585332
585356 585596
585615 585820
585879 585977
585980 586061
586086 586249
586274 586757
586787 586840
586843 586937
586940 587141
587189 587241
587253 587316
587357 587607
587631 587819
587844 587886
587919 588021
588051 588230
588252 588466
588486 588597
588600 588720
588754 588756
588788 589086
589149 589661
589685 590032
590090 590289
590311 590351
590370 590698
590710 590844
590862 591114
591134 591350
591374 591570
591631 591685
591688 591840
591860 592201
592204 592567
592599 592643
592660 592847
592864 593054
593057 593132
593151 593253
593256 593368
593381 593555
593562 593584
593601 593674
593715 593800
593803 594034
594051 594157
594160 594225
594228 594290
594314 594472
594485 594729
594794 594796
594846 595080
595104 595439
595466 595720
595739 595934
595937 596062
596065 596207
596210 596212
596220 596383
596386 596388
596401 596469
596485 596808
596840 596933
596936 596996
597019 597190
597226 597325
597341 597648
597671 597917
597934 598059
598062 598111
598114 598116
598149 598256
598285 598587
598615 598712
598741 598798
598829 599054
599139 599378
599405 599436
599453 599663
599692 600054
600073 600441
600444 600446
600505 600592
600605 600699
600711 601006
601074 601190
601194 601436
601453 601710
601734 601941
601944 601946
602041 602225
602259 602482
602508 602710
602713 602794
602825 602881
602901 602917
602920 603165
603239 603416
603419 603650
603671 603762
603765 603867
603916 604195
604220 604309
604339 604470
604512 604620
604623 604705
604737 604979
604982 605054
605081 605226
605241 605588
605608 605756
605786 605889
605892 606084
606099 606101
606165 606476
606500 606868
606926 607268
607316 607569
607608 607779
607800 608025
608056 608341
608362 608761
608764 608766
608825 609118
609146 609368
609391 609506
609509 609604
609624 609967
610003 610140
610160 610402
610430 610471
610509 610640
610694 610696
610704 610895
610921 611026
611044 611108
611114 611194
611215 611288
611291 611316
611319 611417
611420 611504
611540 611694
611697 611994
612021 612178
612207 612578
612604 612848
612861 612899
612902 613013
613033 613237
613242 613318
613349 613381
613384 613524
613527 613642
613687 613742
613745 614034
614058 614128
614134 614439
614466 614595
614614 614784
614812 614898
614904 614969
614989 615221
615243 615245
615254 615550
615579 615913
615965 616431
616469 616623
616641 616726
616729 616796
616814 617060
617063 617065
617138 617296
617336 617767
617801 618121
618175 618284
618289 618449
618453 618455
618492 618610
618613 618615
618661 618877
618880 618945
618990 619101
619120 619315
619355 619518
619526 619660
619663 619665
619704 619790
619793 619795
619854 620072
620075 620183
620186 620257
620323 620325
620337 620395
620398 620578
620604 620706
620714 620788
620811 620927
620963 621172
621218 621382
621395 621448
621475 621580
621599 621855
621863 621865
621929 622206
622227 622508
622538 622595
622598 622821
622824 622996
623015 623077
623091 623235
623257 623514
623563 623979
624001 624289
624303 624483
624503 624658
624676 624844
624869 624990
624993 625356
625390 625537
625552 625819
625840 625993
626066 626152
626181 626612
626655 626775
626780 626883
626904 627029
627045 627211
627214 627216
627272 627769
627836 628067
628106 628184
628187 628306
628353 628434
628450 628738
628763 628858
628877 628998
629001 629066
629080 629191
629237 629529
629538 629643
629662 629943
629984 629986
630028 630123
630126 630359
630368 630491
630546 630610
630617 630719
630740 630987
631009 631110
631113 631191
631194 631315
631345 631442
631459 631636
631639 631704
631746 631913
631944 632137
632140 632356
632359 632553
632582 632955
632984 632986
633082 633281
633284 633422
633425 633492
633525 633939
633972 634192
634250 634346
634378 634605
634633 634706
634719 635017
635047 635461
635464 635466
635553 635771
635777 635994
636018 636134
636201 636626
636650 636802
636857 637071
637085 637262
637265 637331
637349 637558
637579 637901
637904 637906
637961 638054
638057 638121
638124 638455
638482 638674
638692 638808
638811 638959
638962 638963
638982 639210
639213 639216
639232 639461
639487 639796
639814 639972
640008 640140
640161 640378
640400 640734
640748 641019
641056 641113
641132 641201
641212 641375
641395 641521
641545 641597
641621 641768
641801 641883
641886 642123
642149 642415
642442 642616
642638 642931
642934 642936
642968 643052
643055 643264
643277 643446
643491 643736
643772 643986
644013 644232
644270 644484
644506 644691
644694 644752
644755 644831
644841 644992
645001 645136
645178 645306
645309 645381
645415 645919
645929 645931
645982 646267
646298 646533
646557 646664
646694 646951
646968 647277
647356 647595
647643 647876
647903 648071
648107 648388
648424 648590
648619 648745
648756 648943
648961 649206
649243 649488
649508 649796
649874 650001
650004 650248
650276 650544
650547 650662
650681 650682
650694 651048
651110 651327
651353 651627
651632 651885
651933 652317
652378 652587
652613 652687
652691 652792
652795 653002
653031 653033
653074 653224
653269 653584
653616 653666
653740 653901
653938 654159
654211 654454
654477 654862
654909 655067
655070 655350
655353 655423
655426 655719
655744 655905
655942 656064
656084 656160
656186 656414
656431 656735
656751 657068
657096 657225
657242 657484
657509 657633
657651 657911
657914 657917
657955 658007
658057 658413
658446 658497
658500 658604
658623 658855
658877 659013
659039 659106
659144 659380
659415 659584
659608 659785
659818 659864
659879 659939
659961 660104
660128 660437
660455 660650
660681 660683
660748 661066
661101 661475
661509 661606
661639 661751
661767 661851
661884 662098
662101 662103
662173 662415
662453 662747
662771 662922
662944 663105
663126 663316
663340 663476
663500 663746
663769 663911
663935 664221
664314 664334
664385 664562
664597 664749
664752 664753
664821 664823
664832 664991
664994 665252
665281 665340
665343 665537
665563 665796
665821 665986
666008 666219
666222 666225
666237 666553
666561 667000
667035 667207
667226 667508
667533 667813
667823 667825
667871 668177
668195 668231
668280 668408
668488 668527
668563 668745
668781 668823
668840 669062
669102 669135
669138 669272
669296 669533
669580 669636
669668 669758
669784 669956
669959 670119
670145 670276
670318 670383
670386 670533
670550 670691
670708 670835
670838 671008
671011 671013
671097 671269
671298 671515
671571 671573
671581 671810
671826 672030
672051 672253
672256 672439
672463 672565
672568 672763
672782 672980
672983 673012
673041 673172
673186 673337
673353 673513
673516 673518
673555 673708
673711 673713
673734 673921
673966 674178
674183 674245
674266 674382
674393 674468
674471 674570
674595 674762
674821 675096
675112 675193
675224 675305
675324 675383
675408 675570
675598 675672
675676 675879
675898 676146
676149 676214
676217 676466
676469 676790
676812 676928
676931 677096
677111 677574
677641 677642
677651 677780
677785 677821
677824 677870
677895 677971
677987 678333
678350 678555
678574 678900
678937 679056
679059 679240
679272 679480
679498 679538
679541 679630
679693 679795
679811 679967
679986 680440
680443 680445
680511 680602
680621 680958
681018 681217
681220 681355
681358 681360
681389 681566
681570 681671
681729 681995
682025 682064
682092 682202
682206 682513
682516 682517
682562 682935
682970 683483
683497 683624
683660 683662
683713 683918
683946 684005
684010 684051
684070 684229
684256 684385
684405 684558
684561 684736
684741 685153
685176 685361
685364 685366
685413 685500
685547 685612
685633 685899
685902 685903
685925 686112
686127 686204
686207 686275
686279 686410
686413 686544
686576 686634
686637 686766
686798 687067
687070 687072
687118 687181
687251 687297
687300 687393
687410 687614
687617 687620
687651 687695
687720 687861
687941 688094
688119 688340
688358 688743
688766 688855
688858 689085
689113 689116
689119 689429
689432 689493
689514 689636
689649 689846
689871 689925
689951 690207
690225 690550
690578 690761
690764 690766
690858 690996
691014 691226
691256 691502
691536 692021
692024 692026
692063 692593
692625 692857
692872 693213
693228 693435
693451 693623
693644 693818
693826 694086
694109 694111
694177 694491
694522 694962
694992 695334
695363 695630
695667 695807
695818 695901
695919 696037
696078 696352
696404 696580
696601 696775
696778 696780
696829 696878
696888 697003
697032 697154
697158 697246
697263 697503
697542 697724
697727 697985
698017 698131
698134 698268
698293 698765
698804 699117
699148 699395
699424 699520
699523 699618
699665 699934
699957 700139
700142 700143
700179 700220
700250 700610
700627 700734
700785 701125
701161 701455
701481 701532
701535 701674
701706 701779
701802 702014
702057 702136
702140 702377
702409 702491
702508 702857
702889 703087
703103 703366
703390 703525
703542 703770
703773 703776
703818 703874
703896 704130
704136 704261
704286 704420
704425 704553
704577 704675
704678 704752
704783 704878
704900 704973
704980 705039
705082 705192
705208 705267
705290 705416
705443 705852
705873 706014
706063 706065
706136 706220
706248 706355
706387 706682
706717 707017
707069 707174
707202 707529
707598 707706
707709 707827
707830 707832
707891 708052
708076 708258
708278 708364
708385 708571
708593 708747
708776 708848
708852 708979
708999 709100
709131 709300
709317 709513
709566 709609
709612 709837
709840 709841
