160 307
394 569
663 733
739 741
786 929
951 1095
1194 1505
1556 1717
1777 2056
2140 2173
2176 2264
2297 2393
2458 2719
2842 3029
3044 3176
3179 3181
3271 3426
3467 3733
3741 3938
4095 4297
4372 4543
4568 4682
4960 5329
5332 5523
5529 5531
5611 5760
5767 6007
6272 6451
6489 6555
6630 6711
6767 6942
6971 7119
7146 7443
7471 7613
7650 7866
8013 8015
8018 8098
8131 8324
8414 8715
8769 8807
8810 8837
8867 9210
9286 9455
9548 9684
9687 9889
9970 10285
10327 10587
10730 10953
10989 11268
11321 11448
11451 11501
11504 11538
11541 11672
11679 11681
11953 12125
12176 12270
12295 12377
12392 12474
12693 12890
12963 13425
13465 13774
13944 14059
14062 14075
14078 14111
14169 14327
14423 14670
14722 14808
14811 14981
14997 15053
15056 15135
15175 15292
15609 15611
15616 15929
15967 16073
16164 16332
16338 16458
16496 16590
16593 16688
16751 16897
16926 17071
17240 17623
17661 17765
17778 17885
18047 18282
18302 18540
18562 18665
18852 19029
19039 19116
19124 19283
19395 19490
19493 19788
19803 20073
20369 20371
20378 20476
20511 20656
20716 20906
21125 21166
21193 21342
21345 21579
21663 22148
22178 22345
22349 22351
22661 23086
23222 23245
23248 23361
23402 23609
23655 23818
23913 23969
24021 24145
24220 24378
24712 24753
24756 24927
24958 25210
25272 25362
25365 25453
25461 25632
25739 25872
25925 25980
25983 26180
26455 26563
26597 26757
26865 27050
27106 27324
27483 27555
27634 27738
27945 28180
28269 28367
28475 28732
28776 28815
28841 28946
29018 29054
29057 29185
29325 29384
29387 29466
29554 29646
29728 29760
29768 29852
29855 29972
30002 30107
30112 30150
30468 30692
30750 31037
31076 31192
31195 31230
31324 31399
31577 31789
31833 31942
32051 32067
32070 32122
32170 32300
32361 32505
32543 32809
32865 33158
33332 33551
33554 33606
33666 33899
34239 34241
34246 34353
34425 34623
34691 34931
35038 35145
35150 35292
35295 35367
35420 35583
35683 35846
35865 36038
36171 36515
36630 37106
37300 37424
37457 37801
38097 38098
38101 38321
38392 38658
38704 38766
38769 38897
39020 39185
39241 39395
39580 39645
39679 39775
39841 40087
40130 40240
40243 40500
40642 40794
40886 40934
40937 41086
41120 41150
41153 41379
41503 41617
41621 41725
41752 41919
42215 42417
42648 42906
42940 43127
43154 43175
43179 43371
43438 43641
43712 43747
43808 43921
44018 44021
44032 44180
44215 44665
44791 44959
44965 45020
45080 45308
45311 45590
45612 45697
45807 45894
45951 46095
46298 46355
46358 46404
46422 46483
46489 46541
46574 46646
46649 46716
46731 46835
46910 46926
46956 47132
47185 47423
47453 47797
47822 47987
47990 48062
48144 48232
48562 48563
48673 48798
48849 48916
48978 49087
49119 49243
49379 49638
49641 49643
49653 49886
49976 50089
50093 50153
50259 50435
50468 50613
50741 50824
50833 51010
51060 51213
51396 51635
51794 52223
52402 52537
52601 52682
52685 53053
53086 53247
53458 53683
53816 53871
53876 53962
54143 54393
