37 83
86 153
181 289
298 371
386 488
522 656
659 818
865 923
946 1056
1128 1208
1238 1321
1324 1696
1787 1928
1945 2110
2113 2230
2234 2236
2299 2592
2628 2816
2916 3065
3068 3251
3254 3256
3323 3386
3422 3554
3618 3734
3737 4135
4184 4210
4239 4476
4510 4695
4731 4883
4918 5070
5073 5354
5397 5398
5411 5504
5530 5603
5606 5805
5824 5968
6087 6088
6093 6148
6151 6373
6376 6378
6433 6695
6774 6997
7044 7110
7116 7266
7297 7590
7597 7838
7979 8012
8015 8132
8169 8244
8252 8418
8460 8710
8734 8922
8925 8928
9082 9186
9214 9270
9273 9517
9561 9923
9926 9928
10016 10350
10402 10463
10466 10648
10745 10827
10844 10938
10943 11107
11132 11356
11425 11487
11498 11673
11753 11826
11829 11950
11960 11962
12145 12355
12387 12490
12513 12671
12678 12769
12852 12910
12943 12945
12948 13150
13217 13357
13361 13529
13569 13676
13692 13770
13804 13988
13991 14077
14101 14216
14227 14297
14336 14434
14470 14592
14597 14811
14820 14822
14890 15003
15040 15624
15636 15638
15719 16033
16036 16038
16067 16439
16463 16539
16644 16700
16703 16706
16709 16718
16734 16895
16933 16990
16993 17139
17241 17305
17308 17486
17511 17722
17768 18110
18116 18118
18172 18562
18582 18708
18714 18857
18892 18969
19014 19366
19403 19772
19885 19941
19945 20198
20233 20546
20549 20552
20682 20805
20813 20941
20950 20952
21006 21415
21420 21422
21561 21899
21966 22217
22255 22524
22528 22582
22585 22587
22689 22816
22819 22891
22920 23020
23023 23141
23177 23407
23441 23745
23835 23837
23852 24080
24117 24202
24212 24337
24362 24616
24703 24813
24824 24943
24946 25048
25082 25250
25255 25257
25364 25480
25485 25523
25558 25674
25709 25793
25888 26124
26127 26276
26321 26478
26547 26832
26835 26837
26886 27013
27056 27104
27107 27309
27315 27317
27452 27524
27527 27792
27831 27951
27994 28072
28075 28114
28148 28203
28210 28261
28265 28267
28397 28482
28485 28707
28756 28834
28856 29012
29091 29206
29212 29323
29369 29581
29660 29895
29905 29907
30017 30080
30083 30319
30368 30432
30435 30510
30538 30600
30642 30770
30785 30941
30984 31267
31275 31277
31337 31608
31615 31617
31662 31730
31759 32028
32055 32250
32284 32311
32314 32379
32382 32651
32654 32772
32775 32777
32816 32977
33119 33444
33481 33630
33735 33737
33748 33950
33997 34052
34059 34199
34236 34463
34475 34477
34536 34865
34896 35011
35096 35334
35368 35495
35511 35648
35654 35756
35759 35933
36012 36190
36242 36328
36395 36479
36482 36808
36922 36971
37007 37179
37190 37291
37313 37580
37651 37886
37957 38189
38286 38288
38301 38442
38445 38570
38612 38640
38643 38718
38846 38942
38956 39087
39090 39137
39150 39277
39396 39501
39520 39833
39868 39972
40029 40263
40345 40669
40689 40921
40992 41113
41116 41176
41224 41352
41368 41436
41439 41493
41527 41572
41602 41673
41712 41915
41946 42090
42174 42646
42655 42657
42705 42777
42780 42890
42937 43136
43182 43546
43597 43951
44081 44083
44096 44263
44332 44675
44760 44864
44897 45026
45117 45340
45351 45353
45387 45458
45476 45722
45757 45950
45973 46139
46171 46280
46380 46416
46419 46556
46559 46695
46698 46766
46804 46922
46932 47382
47475 47577
47587 47679
47731 47793
47796 47816
47819 47868
47879 48088
48141 48197
48221 48257
48319 48373
48376 48427
48430 48433
48567 48633
48650 48774
48788 49105
49131 49273
49422 49456
49468 49543
49573 49828
49868 50020
50130 50215
50253 50362
50413 50565
50610 50779
50791 50968
50971 50973
51059 51128
51142 51268
51284 51351
51394 51431
51453 51525
51566 51704
51711 51713
51790 51851
51862 51946
51978 52151
52191 52602
52645 52795
52906 52952
52976 53171
53204 53332
53340 53343
53464 53604
53619 53721
53753 53846
53899 53917
53920 53999
54046 54150
54211 54213
54222 54373
54395 54456
54461 54463
54537 54641
54666 54863
54905 54955
54958 54995
55025 55131
55142 55216
55261 55263
55272 55329
55352 55421
55476 55565
55568 55681
55772 56021
56094 56251
56357 56391
56407 56481
56496 56564
56625 56714
56757 56848
56851 56900
56908 56964
56967 57067
57072 57073
57127 57190
57200 57293
57341 57343
57353 57382
57385 57448
57469 57540
57595 57859
57905 57936
57983 58099
58128 58314
58401 58566
58601 58603
58614 58654
58657 58697
58720 58794
58801 58803
58903 58970
58984 59063
59069 59155
59158 59264
59272 59273
59316 59360
59370 59476
59520 59644
59647 59902
