69 382
385 708
754 1085
1105 1377
1416 1934
1968 2372
2375 2472
2499 2501
2601 2915
2974 3454
3515 3889
3910 4218
4329 4331
4337 4570
4615 4940
4964 5126
5129 5754
5763 6062
6122 6164
6167 6276
6279 6428
6431 6504
6737 6738
6741 6995
6998 7111
7114 7334
7363 7596
7599 7690
7704 7951
7954 8108
8146 8301
8331 8591
8601 8603
8735 8894
8898 9291
9310 9404
9424 9908
9925 10016
10105 10571
10598 10827
10860 11159
11180 11338
11371 11563
11702 11875
11889 11965
12038 12276
12298 12779
12917 12920
12923 13155
13205 13408
13432 13538
13556 13680
13721 13793
13806 13872
13896 14002
14076 14183
14227 14339
14368 14486
14503 14660
14663 14809
14831 15073
15135 15311
15331 15396
15438 15628
15647 15859
15921 16008
16032 16124
16175 16516
16564 16973
17041 17239
17242 17358
17409 17620
17643 17661
17664 17797
17816 18086
18116 18465
18489 18491
18687 18843
18846 19186
19210 19394
19435 19697
19750 19864
19911 19933
19952 20071
20131 20256
20284 20412
20476 21037
21065 21171
21206 21508
21511 21717
21760 21942
21945 22138
22196 22341
22345 22398
22405 22523
22556 22727
22739 22741
22861 23126
23129 23131
23251 23306
23309 23396
23399 23452
23481 23626
23685 23943
23946 24026
24075 24195
24216 24284
24287 24386
24499 24501
24515 24691
24725 24924
24961 25106
25141 25343
25354 25430
25452 25688
25718 25797
25856 26182
26216 26646
26649 26651
26756 26976
27014 27348
27377 27658
27668 27744
27803 28254
28311 28548
28580 28966
28991 29012
29015 29281
29302 29451
29454 29456
29603 29721
29724 29988
30066 30127
30186 30353
30390 30454
30467 30553
30563 30625
30641 30999
31111 31155
31168 31231
31249 31425
31428 31489
31509 31723
31832 31860
31912 31983
32021 32193
32216 32323
32346 32506
32568 32657
32707 32734
32737 33630
33764 33766
33814 34313
34341 34410
34424 34426
34499 34529
34535 34666
34701 34887
34895 35036
35154 35156
35160 35485
35514 35922
36054 36234
36281 36310
36313 36411
36422 36518
36524 36526
36584 36884
36989 37352
37416 37646
37764 37766
37769 37929
37932 38017
38020 38042
38045 38151
38154 38156
38277 38470
38476 38872
38881 39019
39022 39225
39298 39478
39491 39548
39551 39732
39769 39836
39839 39876
39883 40024
40063 40230
40233 40339
40347 40378
40416 40485
40490 40492
40624 40814
40866 41024
41027 41194
41215 41659
41695 41823
41848 42045
42048 42312
42498 42500
42503 42775
42804 42872
42875 43066
43069 43398
43453 43644
43667 43879
43882 43967
43974 43976
44112 44367
44397 44564
44611 44719
44722 44958
45024 45380
45403 45691
45751 46058
46061 46241
46271 46463
46496 46526
46567 46781
46802 46939
46955 47045
47054 47173
47279 47281
47386 47458
47509 47671
47694 47815
47818 48055
48109 48340
48371 48605
48609 48611
48724 48887
48923 49178
49205 49375
49428 49667
49688 49965
49996 50136
50165 50326
50346 50438
50453 50712
50718 50858
50885 51150
51203 51381
51384 51451
51454 51597
51630 51692
51699 51746
51791 51931
51959 51990
51999 52141
52247 52390
52404 52522
52570 52813
52835 52886
52891 52944
52949 52951
53069 53396
53448 53611
53614 53695
53698 53779
53799 53995
53998 54128
54209 54211
54226 54313
54364 54587
54634 54747
54750 54866
54869 55029
55036 55038
55099 55247
55273 55292
55295 55564
55605 55737
55769 56052
56087 56299
56344 56461
56497 56633
56699 56701
56715 56950
56986 57169
57177 57215
57239 57273
57276 57813
57832 58012
