109 235
264 363
382 494
550 884
930 985
989 1287
1290 1355
1385 1483
1494 1604
1608 1679
1723 1801
1804 1871
1907 1973
1976 2021
2111 2178
2198 2271
2313 2423
2427 2547
2586 2691
2724 2787
2792 2793
2799 2901
3029 3032
3038 3120
3159 3438
3479 3644
3652 3794
3801 3892
3965 4116
4119 4177
4281 4527
4643 4759
4803 4898
4904 4930
4933 5079
5083 5132
5137 5251
5254 5300
5303 5305
5456 5578
5595 5733
5798 5913
5946 6043
6055 6174
6273 6275
6287 6384
6397 6571
6597 6664
6698 6824
6827 6891
6917 7002
7005 7059
7081 7188
7333 7335
7351 7472
7479 7664
7669 7725
7730 7824
7886 7945
7955 8127
8150 8255
8284 8500
8503 8505
8623 8748
8799 8892
8957 9033
9036 9061
9146 9179
9182 9330
9370 9537
9540 9699
9734 9855
9974 10010
10025 10296
10327 10470
10474 10507
10510 10512
10634 10685
10698 10832
10842 10950
11030 11144
11149 11274
11302 11434
11442 11578
11618 11773
11780 11918
12009 12127
12166 12411
12421 12517
12520 12522
12667 12842
12855 12947
12992 13166
13171 13445
13530 13663
13680 13751
13785 13999
14068 14324
14360 14429
14480 14567
14571 14733
14736 14877
14959 15084
15117 15285
15327 15520
15670 15672
15680 15748
15776 15895
15900 15902
16017 16230
16262 16368
16440 16537
16567 16617
16623 16735
16807 16916
16943 17085
17093 17187
17190 17351
17368 17470
17473 17475
17562 17620
17646 17742
17803 17805
17808 17917
17943 18120
18123 18125
18213 18440
18443 18445
18577 18683
18687 18755
18761 18853
18897 19099
19135 19354
19453 19455
19462 19579
19582 19645
19689 19820
19823 19825
19943 19990
20037 20322
20325 20327
20358 20431
20438 20631
20663 20683
20791 20915
20942 21020
21023 21198
21201 21271
21313 21472
21552 21744
21754 21842
21879 22017
22107 22261
22320 22432
22435 22578
22644 22718
22820 22822
22834 22948
22951 23017
23080 23292
23300 23302
23425 23614
23636 23741
23777 23890
23952 23992
24014 24074
24100 24164
24227 24327
24347 24422
24449 24528
24550 24889
24906 24938
25011 25091
25106 25225
25244 25316
25348 25397
25417 25486
25516 25574
25597 25659
25676 25725
25734 25853
25890 26032
26040 26078
26083 26166
26214 26371
26374 26486
26525 26527
26540 26806
26815 26982
27027 27078
27081 27223
27246 27313
27317 27379
27407 27696
27741 27836
27847 27900
27903 27957
28044 28194
28228 28280
28285 28364
28367 28481
28566 28662
28665 28834
28868 29044
29155 29158
29161 29206
29281 29342
29395 29662
29706 29729
29783 29829
29839 29896
29903 29990
29993 30059
30068 30165
30188 30236
30239 30394
30459 30573
30608 30972
31033 31139
31142 31211
31236 31418
31421 31493
31512 31617
31620 31692
31756 31828
31844 31902
31931 32089
32129 32323
32326 32392
32420 32650
32658 32660
32758 33058
33091 33189
33216 33476
33503 33699
33724 33794
33797 34058
34089 34091
34102 34327
34357 34408
34411 34470
34484 34537
34541 34621
34701 34844
34880 34940
34943 35068
35123 35344
35410 35452
35455 35534
35564 35772
35801 35947
35954 36076
36114 36117
36120 36237
36295 36423
36461 36525
36528 36598
36644 36817
36860 36966
36996 37083
37109 37201
37316 37536
37573 37773
37812 37852
37856 37968
38012 38300
38342 38498
38516 38593
38650 38792
38795 38853
38856 38948
39027 39142
39145 39208
39219 39294
39297 39298
39395 39487
39506 39823
39860 39964
39967 40093
40179 40207
40224 40354
40413 40498
40501 40543
40547 40787
40797 40798
40929 41021
41047 41310
41336 41581
41671 41739
41776 41828
41831 41898
41947 42024
42027 42135
42138 42246
42287 42493
42497 42706
42730 42968
43041 43228
43266 43420
43438 43553
43590 43766
43769 43825
43928 44022
44032 44209
44237 44421
44458 44535
44541 44605
44672 44760
44776 44996
45056 45159
45183 45404
45407 45655
45672 45816
45821 45904
45925 46049
46076 46362
46366 46368
46421 46529
46588 46652
46666 46803
46834 47017
47177 47303
47434 47612
47665 48015
48056 48233
48253 48356
48359 48455
48594 48785
48825 48998
49147 49207
49210 49392
49453 49661
49664 49821
49875 49914
49957 50137
50257 50258
50261 50334
50367 50574
50618 50880
50937 51059
51104 51331
51457 51458
51467 51546
51553 51630
51650 51755
51788 51926
51975 52117
52124 52284
52318 52440
52508 52668
52671 52673
52706 52908
52966 53206
53209 53211
53333 53467
53470 53588
53624 53788
53908 53911
53914 53993
54008 54112
54147 54333
54362 54560
54625 54728
54750 54898
54901 55033
55064 55122
55142 55259
55262 55349
55459 55461
55467 55646
55665 55751
55833 55835
55871 55971
56113 56291
56330 56398
56423 56556
56586 56691
56734 56794
56799 56911
56943 57037
57040 57164
57262 57263
57271 57365
57371 57373
57470 57540
57557 57775
57911 57913
57919 58060
58065 58149
58152 58243
58246 58305
58309 58356
58369 58446
58506 58605
58641 58862
58881 58943
59086 59176
59213 59545
59658 59718
59724 59891
59910 59993
60016 60124
60131 60266
60312 60501
60594 60724
60762 60836
60844 61018
61059 61408
61497 61654
61699 61920
61958 62113
62116 62314
62489 62491
62506 62575
62578 62636
62651 62746
62853 62981
63027 63160
63183 63253
63256 63320
63417 63491
63494 63722
63788 63834
63837 63930
63934 64099
64146 64206
64219 64272
64370 64529
64589 64819
64856 64919
64971 65160
65189 65257
65260 65392
65491 65528
65542 65636
65643 65718
65762 65873
65970 65972
65975 66049
66083 66271
66324 66422
66450 66661
66691 66744
66747 66988
67114 67117
67120 67197
67200 67268
67314 67459
67485 67736
67755 67852
67946 68032
68058 68158
68172 68306
68372 68516
68569 68641
68662 68724
68785 68871
68972 69047
69087 69308
69350 69398
69401 69601
69728 69808
69816 69888
69891 69931
69995 70120
70161 70479
70485 70611
70640 70778
70781 70783
70887 70954
70996 71159
71205 71290
71293 71493
71541 71715
71718 71757
71788 71860
71888 71991
71994 72190
72355 72357
72360 72470
72493 72622
72664 72843
72851 73122
73266 73346
73389 73621
73682 73798
73878 73970
73987 74110
74145 74370
74400 74561
74591 74719
74748 74769
74779 74932
74935 75257
75336 75492
75521 75682
75750 75918
75947 75971
75975 76116
76140 76408
76489 76492
76495 76682
76725 76889
76940 77010
77015 77161
77170 77172
77286 77344
77373 77485
77518 77595
77598 77707
77752 77765
77814 77976
77996 78100
78104 78122
78128 78182
78223 78459
78462 78520
78554 78748
78827 79059
79062 79199
79231 79366
79452 79732
79746 79875
79893 80077
80081 80202
80271 80603
80610 80786
80789 80922
80954 81041
81044 81190
81227 81481
81593 81661
81686 81838
81841 81945
81948 82036
82082 82281
82380 82592
82630 82732
82766 82995
83045 83086
83122 83360
83369 83451
83636 83819
83826 83935
83971 84180
84231 84232
84330 84475
84480 84590
84650 84751
84756 84920
84960 85238
85252 85316
85406 85474
85488 85638
85755 85933
85970 86166
86197 86223
86229 86501
86568 86713
86760 86825
86839 86954
86957 87105
87185 87555
87613 87728
87765 88051
88106 88237
88240 88418
88508 88594
88645 88934
88946 89062
89071 89132
89233 89331
89334 89509
89556 89707
89710 89781
89784 89887
89975 90216
90242 90323
90326 90427
90430 90541
90631 90730
90778 90883
90918 90977
91019 91107
91114 91171
91180 91385
91454 91542
91555 91625
91645 91750
91789 91897
91933 92055
92078 92139
92167 92280
92381 92452
92464 92602
92652 92717
92720 92818
92821 92899
92932 93050
93087 93195
93213 93445
93524 93761
93895 93897
93901 94063
94093 94185
94325 94327
94338 94459
94462 94576
94581 94660
94703 94796
94818 94910
95025 95119
95124 95210
95266 95386
95409 95411
95424 95548
95593 95685
95699 95701
95805 95882
95897 95984
96016 96179
96241 96445
96457 96516
96554 96677
96716 96911
96998 97120
97139 97393
97522 97609
97621 97712
97764 98045
98073 98317
98409 98524
98527 98622
98705 98796
98838 99033
99089 99190
99194 99353
99397 99522
99560 99669
99702 99851
99901 99969
100003 100128
100187 100285
100288 100429
100505 100507
100522 100572
100602 100706
100711 100844
100847 100961
101012 101111
101122 101265
101268 101348
101381 101536
101561 101640
101645 101734
101738 101861
101879 102002
102081 102222
102226 102400
102426 102611
102775 103042
103045 103126
103227 103306
103315 103429
103545 103619
103626 103732
103751 103908
103916 104119
104164 104284
104356 104358
104366 104461
104526 104528
104534 104632
104635 104750
104755 104758
104828 104931
104947 105053
105089 105222
105231 105372
105408 105465
105468 105538
105568 105629
105653 105797
105808 105859
105958 106013
106016 106113
106158 106301
106304 106354
106357 106358
106402 106548
106596 106795
106798 106853
106856 106858
106950 107002
107034 107129
107173 107295
107298 107360
107367 107418
107463 107637
107672 107732
107787 107985
108006 108298
108364 108444
108471 108738
108805 108845
108848 108954
108961 109090
109114 109237
109380 109788
109831 109966
110118 110121
110126 110215
110232 110379
110442 110529
110539 110541
110566 110631
110634 110770
110790 110854
110867 110901
110955 111032
111070 111287
111291 111340
111343 111418
111464 111541
111547 111670
111725 111785
111788 111791
111828 111848
112042 112098
112124 112225
112235 112334
112386 112538
112622 112722
112748 112958
112978 113049
113089 113243
113357 113360
113370 113449
113489 113553
113604 113699
113750 113868
114007 114010
114019 114078
114081 114192
114195 114268
114358 114360
114367 114461
114481 114594
114642 114779
114788 114877
114951 115194
115242 115435
115516 115628
115647 115732
115738 115825
115856 115921
115996 116133
116147 116179
116247 116432
116461 116743
116788 116917
116925 117179
117187 117253
117293 117370
117373 117488
117492 117588
117591 117817
117892 117893
118019 118346
118368 118527
118573 118767
118812 119043
119052 119053
119156 119449
119474 119639
119645 119752
119755 119810
119875 120002
120011 120058
120061 120112
120116 120191
120274 120475
120481 120644
120700 120774
120777 120834
120837 120949
120983 121116
121120 121363
121444 121642
121659 121726
121810 121917
121954 121956
121963 122012
122029 122099
122115 122247
122318 122433
122442 122706
122747 123125
123128 123130
123259 123424
123477 123638
123641 123643
123673 123775
123793 123913
123921 123972
123982 124060
124144 124176
124191 124439
124471 124604
124652 124760
124764 124903
124992 125177
125204 125431
125485 125546
125556 125610
125639 125708
125739 125766
125769 125888
125906 125973
125990 126049
126198 126200
126213 126349
126355 126442
126475 126624
126664 127009
127012 127090
127119 127318
127389 127499
127503 127600
127614 127726
127756 128118
128217 128347
128386 128508
128511 128606
128695 128787
128838 128917
128944 129060
129111 129293
129296 129367
129396 129513
129556 129619
129623 129687
129717 129718
129721 129926
130021 130134
130166 130301
130363 130660
130725 130788
130813 131031
131036 131116
131179 131271
131274 131321
131324 131514
131555 131857
131885 131962
131965 132015
132047 132212
132219 132277
132312 132375
132410 132531
132537 132635
132669 132992
133034 133095
133127 133443
133582 133583
133586 133798
133835 134035
134111 134174
134203 134273
134303 134456
134493 134665
134755 134906
134911 134979
135020 135190
135267 135327
135364 135467
135493 135736
135903 136013
136104 136148
136173 136228
136231 136246
136274 136420
136447 136690
136815 137029
137073 137248
137253 137326
137356 137487
137518 137602
137605 137745
137748 137750
137840 137904
137935 137992
138005 138086
138182 138297
138334 138413
138520 138728
138731 138863
138897 139087
139114 139249
139291 139361
139364 139551
139588 139712
139715 139717
139736 139770
139791 139825
139867 140104
140228 140277
140280 140478
140532 140670
140680 140924
140940 141190
141294 141345
141387 141433
141439 141497
141529 141617
141623 141797
141829 141899
141929 142047
142072 142378
142402 142533
142536 142538
142691 142770
142830 143004
143153 143182
143230 143379
143403 143484
143507 143588
143624 143681
143694 143760
143790 143825
143856 143957
144052 144135
144139 144207
144241 144312
144318 144403
144474 144544
144547 144594
144597 144728
144760 144848
144952 145033
145087 145184
145205 145293
145331 145500
145503 145636
145639 145807
145821 145823
145834 145938
145984 146126
146208 146406
146424 146572
146653 146804
146843 146995
147023 147025
147151 147241
147273 147371
147393 148267
148298 148460
148480 148570
148579 148653
148676 148760
148853 148855
148866 149009
149038 149155
149185 149241
149291 149442
149445 149497
149633 149635
149644 149849
149880 149989
150024 150163
150231 150324
150332 150416
150419 150515
150576 150638
150642 150717
150738 150862
150904 151028
151073 151265
151268 151365
151436 151545
151582 151645
151648 151686
151689 151743
151811 151867
151881 151991
151995 152126
152131 152264
152295 152398
152402 152558
152633 152707
152710 152859
152881 152968
153002 153154
153207 153288
153292 153454
153464 153466
153549 153677
153691 153803
153859 154013
154042 154175
154263 154266
154270 154322
154335 154490
154549 154640
154671 154778
154784 154887
154898 155184
155295 155297
155300 155365
155393 155657
155716 155732
155735 155852
155876 155980
156009 156088
156091 156147
156190 156517
156595 156597
156600 156712
156739 157054
157143 157264
157267 157335
157343 157441
157523 157611
157635 157779
157845 157959
157993 158115
158136 158152
158286 158582
158585 158909
158980 158982
158988 159050
159079 159332
159346 159578
159650 159652
159657 159736
159781 160096
160160 160265
160306 160565
160617 160781
160814 160904
160941 161038
161042 161225
161258 161345
161349 161503
161510 161512
161575 161655
161695 161750
161753 161846
161871 162029
162032 162102
162201 162300
162303 162328
162355 162400
162403 162502
162581 162778
162823 162933
162960 163112
163115 163191
163194 163196
163204 163331
163489 163756
163816 163968
164067 164068
164071 164131
164156 164333
164355 164448
164451 164453
164493 164720
164759 164860
164863 165003
165036 165158
165215 165454
165550 165624
165655 165747
165750 165816
165845 166143
166220 166328
166332 166469
166509 166574
166578 166620
166623 166732
166735 166847
166931 166980
166983 166985
166988 167133
167191 167457
167496 167517
167520 167578
167615 167684
167721 167788
167809 167884
167932 168074
168107 168170
168173 168300
168383 168385
168388 168573
168595 168727
168733 168867
168876 168975
169057 169245
169330 169470
169542 169718
169729 169830
169835 169953
170000 170247
170323 170325
170334 170420
170427 170538
170581 170832
170837 170903
170906 170934
170937 171005
171069 171249
171253 171445
171452 171453
171564 171665
171682 171810
171871 171873
171882 171953
171967 172078
172117 172470
172561 172563
172574 172755
172797 172878
172881 172883
172944 173025
173031 173152
173221 173223
173232 173285
173308 173414
173460 173609
173612 173615
173642 173753
173760 173821
173850 173918
173921 173967
173972 173973
174065 174151
174198 174280
174286 174334
174368 174413
174416 174461
174492 174567
174598 174976
175030 175158
175181 175228
175235 175321
175399 175401
175411 175481
175514 175646
175692 175814
175859 175947
175965 176053
176056 176107
176110 176181
176279 176281
176289 176418
176502 176649
176690 176882
176893 176996
176999 177001
177060 177253
177394 177473
177486 177839
177884 178089
178092 178209
178290 178412
178461 178573
178576 178588
178596 178697
178701 178703
178707 178858
178867 178930
178934 178986
179114 179117
179120 179208
179214 179341
179390 179512
179551 179670
179673 179744
179751 179855
179952 180026
180069 180267
180298 180370
180375 180377
180380 180449
180453 180611
180691 180757
180760 180807
180810 180885
180888 181013
181064 181280
181291 181417
181514 181674
181785 181787
181790 181855
181879 182000
182019 182299
182363 182424
182427 182555
182595 182618
182732 182834
182846 183059
183139 183300
183352 183523
183559 183570
183579 183798
183836 183960
183963 184008
184011 184027
184030 184092
184129 184193
184205 184272
184374 184447
184507 184610
184613 184793
184844 184910
184915 185066
185069 185071
185219 185318
185354 185460
185488 185642
185672 185819
185822 186025
186100 186244
186251 186342
186345 186412
186415 186518
186563 186706
186779 186781
186796 186918
187007 187067
187092 187230
187284 187286
187372 187490
187501 187593
187596 187979
188031 188167
188174 188227
188238 188287
188290 188319
188368 188494
188520 188696
188704 188765
188867 188868
188879 189022
189026 189228
189332 189423
189455 189535
189538 189598
189660 189688
189725 189812
189874 190136
190165 190457
190537 190538
190543 190589
190631 190718
190726 190728
190802 190854
190866 190969
191013 191167
191246 191291
191294 191438
191450 191516
191561 191607
191617 191668
191695 191800
191803 191943
191980 192122
192132 192269
192330 192580
192675 192677
192684 192763
192774 192802
192805 192820
192823 192984
192996 192998
193132 193195
193221 193405
193500 193637
193649 193841
193891 193950
193953 193992
193995 194110
194156 194233
194236 194426
194456 194577
194580 194676
194747 194958
194980 195115
195151 195362
195457 195517
195520 195576
195589 195684
195687 195782
195785 195846
195849 195938
195943 195945
196050 196178
196208 196325
196369 196542
196545 196736
196772 196929
196950 197092
197187 197237
197282 197405
197457 197587
197593 197596
197599 197700
197704 197816
197819 197878
197911 198149
198172 198295
198335 198537
198540 198647
198653 198655
198724 198796
198816 198983
199035 199265
199297 199511
199562 199677
199680 199756
199776 199862
199959 200206
200229 200336
200366 200639
200693 200695
200709 200827
200831 200894
200898 200946
200959 201035
201038 201204
201243 201349
201352 201482
201518 201616
201619 201810
201813 201815
201867 201987
202018 202070
202073 202075
202241 202336
202346 202523
202567 202623
202630 202632
202646 202841
202923 202925
202936 203048
203086 203286
203372 203454
203459 203542
203586 203670
203686 203737
203751 203823
203846 203914
203924 204036
204070 204267
204297 204330
204377 204449
204455 204579
204654 204657
204665 204721
204777 204838
204860 204964
205005 205113
205147 205335
205347 205463
205523 205612
205615 205617
205744 205811
205830 205906
205910 205985
206037 206305
206318 206496
206543 206688
206691 206758
206855 206857
206862 206975
206979 207043
207095 207197
207203 207266
207308 207363
207366 207641
207743 207745
207751 207801
207804 207906
207913 207915
208044 208131
208166 208307
208310 208445
208501 208662
208696 208818
208857 208972
208992 209069
209112 209221
209257 209362
209436 209543
209698 209803
210128 210231
210258 210342
210348 210392
210395 210517
210523 210525
210658 210753
210765 210898
210924 211041
211053 211055
211171 211264
211270 211345
211401 211449
211459 211557
211686 211739
211774 211923
211981 212070
212076 212157
212203 212300
212314 212401
212448 212634
212654 212754
212846 213005
213050 213162
213214 213274
213305 213529
213532 213719
213722 213793
213837 213894
213912 214009
214056 214128
214230 214232
214239 214353
214371 214478
214528 214605
214636 214654
214659 214841
214914 215013
215055 215189
215281 215367
215370 215420
215470 215710
215773 216004
216080 216193
216213 216305
216310 216373
216422 216721
216757 216758
216761 216851
216876 216936
216939 217031
217152 217155
217163 217322
217347 217368
217371 217422
217425 217520
217523 217570
217573 217575
217652 217757
217833 217835
217845 217977
217980 218037
218040 218105
218121 218277
218343 218345
218356 218436
218439 218561
218639 218762
218786 218887
218935 219117
219162 219257
219260 219323
219328 219403
219406 219504
219547 219562
219571 219572
219675 219733
219736 219795
219804 220195
220204 220206
220261 220323
220364 220576
220626 220712
220715 220834
220877 220979
221034 221036
221051 221083
221113 221199
221203 221291
221429 221504
221537 221631
221652 221688
221691 221813
221869 221962
222057 222159
222198 222371
222435 222591
222752 222817
222820 222822
222833 223036
223102 223162
223165 223251
223260 223337
223341 223424
223431 223480
223483 223526
223595 223709
223750 223986
223996 224073
224139 224257
224274 224358
224393 224413
224419 224580
224672 224736
224785 225031
225034 225164
225223 225454
225530 225812
225989 226092
226125 226320
226332 226435
226445 226547
226550 226625
226685 226858
226863 226866
226949 227007
227027 227153
227198 227364
227442 227735
227751 227872
227906 228128
228131 228250
228348 228493
228501 228608
228668 228850
228873 229027
229032 229097
229100 229192
229234 229322
229325 229427
229436 229521
229524 229526
229688 229838
229841 229899
229905 230020
230029 230089
230106 230136
230142 230184
230227 230259
230361 230607
230620 230901
230905 230984
231039 231170
231180 231243
231252 231285
231289 231406
231494 231757
231819 231912
231955 232052
232103 232286
232351 232439
232476 232550
232553 232611
232614 232740
232743 232893
232896 232912
232916 232978
232981 232983
233038 233285
233288 233355
233358 233371
233381 233499
233567 233716
233721 233723
233758 233824
233827 234204
234302 234544
234581 234762
234818 234888
234984 235099
235102 235202
235288 235516
235525 235585
235588 235737
235740 235742
235854 236107
236114 236370
236421 236589
236592 236664
236710 236965
236973 237119
237122 237197
237200 237202
237314 237467
237482 237608
237633 237748
237805 237954
237961 238193
238249 238311
238330 238458
238489 238724
238758 239001
239010 239071
239074 239157
239197 239297
239300 239361
239420 239525
239532 239610
239639 239795
239816 239923
239926 240052
240059 240061
240141 240313
240316 240438
240481 240483
240486 240612
240620 240752
240765 240917
240983 241316
241319 241378
241381 241644
241735 241860
241898 242046
242077 242158
242161 242342
242348 242351
242463 242627
242658 242806
242904 243015
243018 243075
243083 243224
243227 243391
243479 243549
243571 243662
243706 243775
243778 243893
243896 243898
243907 244117
244155 244310
244314 244387
244390 244455
244536 244916
244931 245190
245227 245412
245448 245510
245513 245612
245634 245755
245758 245825
245930 246099
246142 246190
246194 246331
246385 246625
246683 246754
246793 246918
246954 247138
247141 247268
247282 247287
247449 247524
247548 247605
247628 247714
247821 248021
248074 248202
248238 248432
248481 248769
248777 248839
248844 248941
249065 249164
249167 249236
249240 249243
249278 249419
249436 249564
249606 249684
249755 249784
249787 249831
249834 249941
249975 250158
250200 250364
250372 250485
250532 250669
250672 250736
250739 250818
250821 250823
250944 251101
251104 251267
251271 251399
251465 251783
251821 251989
252072 252194
252207 252347
252351 252399
252416 252495
252586 252609
252612 252777
252815 252889
252893 252940
252943 252999
253091 253403
253479 253525
253563 253664
253668 253815
253853 254140
254250 254252
254257 254390
254398 254493
254587 254801
254878 255070
255088 255148
255243 255467
255470 255472
255600 255709
255737 255802
255844 256048
256101 256253
256316 256406
256410 256579
256651 256748
256826 256929
256978 257065
257101 257413
257507 257632
257635 257766
257823 257954
257965 258158
258196 258288
258296 258516
258549 258843
258916 259001
259008 259164
259196 259252
259255 259315
259331 259381
259384 259443
259446 259565
259609 259680
259683 259825
259854 259985
259988 260046
260109 260250
260282 260372
260375 260410
260413 260437
260440 260443
260447 260580
260755 260870
260887 260957
260987 261082
261123 261230
261253 261341
261344 261346
261478 261531
261573 261690
261738 261867
261886 261959
262033 262124
262137 262258
262292 262487
262542 262705
262714 262716
262803 262881
262884 262981
263050 263107
263110 263340
263397 263460
263488 263659
263687 263762
263765 263941
263984 263986
263995 264050
264070 264204
264263 264405
264408 264476
264482 264553
264593 264670
264673 264721
264725 264836
264874 264919
264927 265092
265159 265207
265212 265213
265246 265345
265373 265385
265388 265488
265528 265763
265806 265941
265968 266217
266248 266268
266275 266365
266404 266475
266483 266517
266533 266646
266671 266673
266676 266764
266789 266846
266849 266877
266880 266967
267024 267077
267080 267219
267227 267513
267604 267689
267696 267779
267823 267976
267979 268122
268223 268283
268292 268419
268424 268545
268624 268627
268636 268742
268749 268871
268901 268974
268977 268996
269124 269127
269135 269178
269181 269245
269296 269373
269376 269445
269492 269592
269599 269671
269677 269837
269908 269977
269982 270234
270334 270479
270515 270615
270716 270872
270875 271021
271108 271241
271252 271334
271337 271384
271415 271441
271444 271621
271705 271792
271805 271890
271893 272010
272021 272121
272174 272305
272348 272507
272510 272646
272757 272758
272766 272870
272873 272921
272964 273155
273226 273353
273362 273521
273583 273715
273741 273896
273934 273970
274000 274059
274068 274134
274149 274215
274265 274421
274496 274595
274635 274796
274832 275098
275133 275276
275279 275389
275467 275558
275612 275779
275783 275866
275913 276018
276022 276208
276256 276384
276388 276538
276575 276657
276660 276694
276699 276771
276810 277001
277004 277084
277087 277138
277254 277447
277521 277620
277655 277733
277736 277811
277815 277934
278002 278143
278200 278338
278408 278500
278538 278673
278778 278876
278921 279047
279089 279200
279232 279361
279382 279558
279685 279751
279802 280128
280177 280313
280316 280440
280527 280528
280537 280606
280609 280758
280807 280868
280890 280930
280943 280946
281026 281221
281224 281327
281335 281337
281340 281463
281562 281640
281643 281732
281742 281743
281763 281847
281895 282029
282033 282100
282109 282112
282124 282192
282208 282298
282338 282417
282421 282580
282693 282815
282861 283070
283103 283179
283222 283351
283354 283454
283462 283575
283673 283774
283789 283835
283883 284008
284092 284182
284192 284248
284343 284404
284451 284618
284628 284665
284668 284788
284836 285074
285124 285190
285195 285356
285437 285594
285633 285706
285709 285887
285979 286023
286028 286099
286141 286176
286179 286285
286293 286347
286433 286605
286644 286848
286857 287023
287138 287235
287283 287395
287398 287451
287456 287516
287529 287531
287538 287662
287697 287781
287785 287989
288075 288248
288273 288411
288436 288493
288503 288547
288560 288562
288625 288744
288774 288841
288845 289039
289133 289191
289240 289344
289393 289458
289461 289497
289500 289678
289762 289842
289883 289936
289955 290071
290108 290317
290355 290422
290425 290530
290569 290605
290609 290650
290653 290785
290886 290941
290947 290987
290990 291116
291119 291225
291281 291422
291445 291540
291654 291793
291809 291887
291890 292009
292043 292139
292142 292205
292317 292401
292444 292519
292569 292717
292737 292755
292838 293061
293064 293219
293268 293444
293478 293660
293791 293847
293888 294114
294128 294130
294140 294200
294236 294378
294385 294508
294552 294729
294836 294932
294936 295168
295231 295385
295418 295464
295467 295547
295561 295616
295656 295735
295866 295942
296023 296241
296316 296497
296556 296608
296611 296653
296672 296737
296749 296980
297090 297140
297150 297214
297273 297297
297300 297428
297451 297568
297573 297575
297683 297764
297785 297826
297829 297874
297931 298048
298094 298183
298186 298210
298213 298321
298324 298412
298493 298562
298623 298706
298709 298772
298777 298888
298899 299019
299057 299114
299155 299257
299283 299403
299446 299676
299716 299934
299937 299965
299986 300085
300204 300237
300270 300385
300483 300711
300838 300840
300843 300882
300885 300961
300987 301031
301034 301083
301124 301197
301202 301223
301241 301299
301337 301461
301512 301629
301660 301867
301917 301952
301971 302148
302188 302257
302278 302337
302342 302361
302364 302402
302405 302428
302455 302594
302711 302802
302844 302908
302994 303056
303105 303142
303145 303201
303242 303503
303574 303577
303580 303638
303708 303888
303894 303969
304012 304156
304285 304371
304426 304539
304545 304635
304669 304750
304781 304842
304985 304987
305031 305088
305091 305113
305165 305286
305315 305335
305357 305446
305476 305545
305551 305625
305631 305745
305911 306040
306083 306161
306199 306244
306249 306296
306312 306337
306367 306569
306635 306704
306726 306781
306796 306859
306863 306997
307167 307213
307230 307330
307393 307488
307491 307558
307595 307828
307883 307996
307999 308067
308108 308186
308209 308235
308256 308321
308448 308547
308576 308673
308740 308873
308912 308955
308960 309042
309061 309144
309312 309451
309510 309660
309676 309678
309691 309903
309971 310033
310174 310207
310210 310282
310329 310384
310387 310491
310509 310618
310687 310836
310935 311077
311126 311247
311278 311491
311586 311794
311827 311913
311940 311975
311979 312019
312022 312064
312189 312425
312499 312680
312784 312786
312789 312853
312880 312997
313028 313068
313089 313179
313236 313296
313302 313424
313498 313581
313628 313710
313776 313837
313868 314068
314073 314206
314209 314287
314321 314451
314577 314578
314581 314764
314866 314945
314954 315076
315128 315329
315359 315388
315429 315520
315546 315670
315709 315761
315764 315836
315839 315902
315993 316137
316164 316198
316237 316357
316362 316458
316496 316517
316540 316573
316576 316682
316821 316925
316928 317009
317012 317086
317110 317322
317367 317440
317444 317479
317520 317653
317683 317792
317811 317850
317902 317984
317987 318060
318076 318108
318113 318213
318258 318482
318546 318586
318589 318633
318656 318658
318669 318855
318921 319047
319073 319096
319128 319247
319250 319270
319315 319425
319449 319479
319484 319548
319586 319657
319660 319702
319705 319774
319801 319818
319821 319840
319981 320041
320044 320209
320241 320319
320322 320380
320441 320626
320637 320653
320690 320838
320865 320911
320914 321082
321087 321122
321125 321239
321277 321391
321466 321529
321561 321685
321688 321828
321866 321988
321996 322121
322125 322166
322209 322297
322320 322419
322444 322499
322502 322594
322628 322705
322708 322764
322859 322895
322922 322935
322965 323221
323224 323268
323290 323333
323408 323466
323506 323645
323671 323685
323710 323803
323871 324146
324188 324321
324357 324376
324408 324549
324661 324739
324768 324903
324947 325007
325054 325070
325097 325165
325168 325314
325399 325569
325678 325732
325735 325825
325922 325937
325967 326029
326032 326102
326105 326195
326278 326445
326448 326573
326616 326652
326680 326792
326909 326969
326980 327042
327196 327321
327356 327445
327479 327619
327690 327716
327719 327834
327966 328135
328138 328205
328214 328313
328397 328582
328616 328624
328661 328922
328962 328981
329021 329023
329049 329133
329136 329238
329241 329448
329526 329832
329878 330019
330079 330151
330184 330232
330250 330305
330332 330408
330597 330666
330702 330827
330830 330909
330943 330962
330980 331110
331157 331345
331420 331467
331470 331559
331564 331638
331646 331730
331749 331785
331920 331928
331933 331959
331967 332025
332030 332091
332151 332211
332214 332245
332283 332296
332301 332447
332537 332554
332559 332689
332815 332837
332840 332884
332897 332953
333000 333161
333204 333312
333347 333406
333411 333491
333495 333595
333692 333763
333794 333865
333868 333950
333953 334055
334119 334137
334175 334176
334195 334299
334341 334498
334533 334564
334600 334759
334788 334903
334937 335012
335067 335130
335133 335210
335246 335330
335365 335371
335401 335415
335547 335615
335625 335710
335734 335835
335908 335971
336011 336039
336042 336066
336171 336292
336309 336328
336331 336385
336476 336788
336876 336893
336947 337094
337101 337168
337171 337351
337374 337512
337633 337700
337751 337934
338022 338055
338058 338139
338289 338401
338445 338583
338619 338636
338670 338792
338806 338875
338878 338919
338994 339054
339171 339248
339281 339345
339348 339417
339458 339606
339609 339621
339661 339689
339727 339921
339999 340097
340105 340120
340157 340158
340161 340228
340231 340299
340345 340484
340510 340536
340540 340559
340562 340588
340601 340643
340711 340770
340773 340841
340869 340982
341091 341158
341174 341230
341287 341406
341452 341522
341536 341657
341715 341891
341996 341998
342001 342078
342085 342189
342349 342498
342513 342599
342638 342701
342732 342903
343022 343028
343036 343088
343100 343151
343154 343197
343283 343335
343350 343431
343471 343563
343609 343750
343753 343830
343864 343875
343878 343945
344070 344195
344198 344379
344415 344450
344608 344751
344757 344902
344967 345013
345027 345072
345075 345174
345179 345277
345308 345444
345477 345559
345681 345683
345694 345758
345791 345893
345936 346044
346066 346261
346281 346432
346545 346610
346637 346737
346777 346872
346905 346948
346982 347007
347014 347134
347253 347364
347404 347526
347571 347588
347634 347636
347639 347648
347678 347805
347837 347932
347935 348008
348066 348098
348140 348339
348504 348506
348562 348762
348798 348878
348997 349097
349100 349168
349238 349337
349341 349414
349417 349454
349570 349580
349589 349664
349694 349852
349949 349963
349966 349992
349997 350056
350059 350248
350272 350273
350281 350471
350525 350539
350542 350639
350725 350835
350937 350964
350989 351091
351161 351237
351290 351406
351421 351626
351629 351702
351740 351742
351866 351886
351895 351920
351967 352051
352082 352159
352173 352273
352310 352460
352594 352725
352733 352800
352848 352972
352975 353048
353090 353285
353336 353418
353456 353526
353568 353692
353702 353823
353947 353977
353984 353986
353992 353995
354021 354088
354130 354284
354374 354376
354382 354410
354477 354589
354593 354668
354780 354852
354856 354959
354997 355105
355154 355382
355518 355598
355748 355842
355887 356014
356168 356213
356233 356345
356456 356522
356526 356541
356570 356611
356631 356784
356787 356839
356862 356865
356900 357052
357145 357207
357238 357302
357305 357356
357390 357423
357426 357439
357502 357549
357599 357717
357720 357969
358060 358085
358089 358131
358137 358167
358208 358210
358239 358251
358262 358389
358397 358470
358525 358596
358599 358693
358698 358735
358831 358908
358911 359093
359135 359220
359356 359378
359411 359559
359593 359644
359666 359733
359762 359848
359915 359925
359975 360215
360310 360401
360453 360528
360531 360583
360624 360647
360691 360904
360995 361065
361114 361116
361168 361225
361311 361426
361429 361501
361524 361622
361625 361649
361652 361688
361692 361739
361794 361942
361957 362069
362115 362137
362169 362201
362204 362242
362299 362348
362351 362479
362519 362554
362598 362715
362759 362891
362948 362973
363017 363036
363077 363230
363257 363348
363351 363380
363386 363467
363538 363643
363687 363747
363757 363852
363898 363997
364117 364243
364247 364334
364384 364596
364775 364803
364832 364949
364993 365121
365172 365213
365216 365361
365482 365529
365581 365654
365701 365894
365936 366034
366037 366126
366170 366337
366344 366454
366528 366677
366726 366835
367003 367086
367134 367273
367302 367378
367449 367463
367468 367486
367520 367631
367634 367653
367656 367713
367835 367927
367930 367962
367965 368100
368164 368246
368293 368295
368308 368335
368338 368356
368443 368613
368668 368749
368805 368894
368897 369025
369028 369052
369055 369113
369159 369162
369204 369352
369535 369579
369617 369659
369662 369773
369822 369906
369949 369969
369972 369973
370009 370140
370149 370271
370467 370470
370477 370603
370615 370678
370756 370857
370860 371011
371096 371206
371303 371305
371326 371416
371481 371525
371528 371613
371663 371722
371754 371915
372017 372031
372080 372104
372107 372122
372125 372170
372248 372387
372436 372438
372453 372513
372516 372575
372649 372808
372827 372863
372902 373108
373248 373250
373262 373277
373282 373338
373446 373605
373614 373675
373728 373736
373741 373792
373870 373918
373960 374098
374133 374180
374227 374228
374237 374266
374269 374307
374310 374368
374481 374573
374624 374689
374693 374763
374921 374955
374971 375223
375228 375299
375318 375398
375440 375652
375721 375899
375937 375940
376031 376243
376284 376301
376351 376512
376617 376699
376737 376857
376919 377033
377080 377092
377116 377256
377271 377328
377492 377531
377582 377654
377658 377783
377829 377854
377900 378016
378023 378183
378258 378313
378395 378480
378483 378697
378705 378830
378876 379008
379012 379013
379065 379179
379253 379348
379420 379649
379663 379833
379910 380103
380143 380276
380279 380340
380343 380447
380496 380576
380583 380713
380736 380805
380808 380881
380946 381023
381051 381134
381140 381261
381264 381286
381289 381374
381400 381536
381541 381543
381648 381733
381736 381829
381863 381961
381982 382297
382363 382458
382461 382513
382588 382690
382721 382912
383014 383069
383072 383107
383111 383155
383194 383267
383270 383272
383401 383493
383518 383610
383658 383864
383869 384013
384083 384160
384163 384165
384198 384291
384294 384397
384448 384528
384556 384651
384654 384810
384813 384846
384849 384852
384959 385012
385063 385177
385180 385209
385212 385279
385282 385342
385403 385537
385541 385592
385600 385602
385705 385771
385796 385951
385993 386112
386115 386233
386283 386367
386371 386486
386489 386598
386668 386755
386792 386884
386903 386933
386936 386987
387022 387196
387204 387206
387210 387281
387288 387549
387554 387556
387615 387690
387697 387786
387794 387796
387913 388078
388088 388428
388476 388597
388624 388807
388813 388933
388993 389103
389138 389200
389203 389283
389289 389393
389399 389615
389624 389626
389712 389775
389831 389958
389999 390129
390132 390133
390177 390364
390367 390405
390408 390450
390453 390517
390539 390731
390760 390831
390843 390894
391018 391078
391108 391354
391393 391499
391502 391624
391627 391688
391692 391693
391734 391883
391886 391976
391979 392103
392194 392273
392317 392508
392511 392686
392763 392836
392860 392911
392914 392917
392920 393122
393125 393171
393209 393352
393390 393501
393505 393633
393670 393841
393906 394004
394039 394242
394344 394404
394458 394589
394617 394716
394792 394793
394948 395070
395073 395238
395241 395312
395350 395451
395475 395585
395589 395637
395646 395648
395763 395913
395927 396022
396025 396056
396059 396153
396200 396258
396261 396316
396319 396390
396393 396443
396469 396583
396615 396686
396689 396806
396886 396888
396894 397020
397072 397167
397196 397278
397282 397326
397329 397406
397421 397447
397451 397519
397640 397642
397647 397770
397858 398114
398178 398257
398321 398348
398351 398479
398482 398604
398651 398922
399015 399085
399110 399247
399274 399365
399465 399564
399643 399707
399711 399780
399895 399970
399974 400069
400072 400153
400191 400233
400255 400338
400387 400443
400446 400540
400543 400654
400657 400695
400802 400826
400829 400904
400923 401033
401057 401157
401219 401344
401367 401603
401629 401732
401807 401862
401865 401916
401928 402118
402159 402243
402246 402431
402585 402675
402706 402796
402799 402887
402892 402985
402991 403033
403094 403240
403282 403372
403412 403548
403605 403722
403771 403842
403889 403952
403955 403957
404085 404171
404186 404289
404293 404549
404596 404763
404774 404874
404919 404969
404972 405032
405069 405271
405331 405365
405368 405423
405471 405500
405545 405648
405651 405763
405766 405856
405941 406082
406085 406173
406190 406258
406261 406263
406351 406454
406478 406526
406531 406605
406650 406875
406891 406956
406959 407036
407044 407149
407152 407153
407216 407295
407298 407452
407477 407512
407515 407776
407852 407853
407860 407977
408026 408182
408206 408288
408291 408369
408440 408483
408501 408655
408685 408814
408935 409035
409040 409381
409429 409554
409557 409732
409808 409889
409892 409893
409896 409969
409999 410161
410170 410383
410387 410390
410457 410497
410563 410804
410831 410908
410944 411012
411015 411215
411218 411220
411242 411295
411298 411366
411369 411410
411420 411473
411638 411640
411651 411829
411858 411968
411971 411973
411983 412134
412138 412140
412212 412257
412260 412303
412337 412579
412623 412688
412699 412722
412725 412806
412829 412901
412905 412991
413032 413233
413240 413380
413383 413621
413705 413953
413993 414142
414172 414293
414334 414543
414636 414855
414887 415187
415255 415326
415360 415372
415375 415437
415463 415600
415633 415804
415846 415939
415943 416057
416086 416156
416162 416479
416482 416521
416557 416650
416653 416706
416741 416901
416910 417056
417089 417205
417218 417337
417377 417471
417504 417652
417655 417761
417839 417841
417847 417912
417925 418035
418077 418284
418291 418397
418400 418482
418485 418529
418550 418760
418839 419067
419118 419309
419323 419626
419662 419663
419666 419746
419749 419800
419828 419988
420050 420111
420114 420117
420120 420213
420219 420221
420304 420374
420395 420496
420528 420680
420785 420965
421050 421109
421124 421579
421653 421863
421866 421869
421929 421931
421938 422028
422065 422239
422302 422394
422419 422654
422678 422740
422799 422873
422886 423179
423221 423274
423277 423397
423434 423553
423556 423678
423709 423875
423937 424113
424209 424211
424219 424358
424368 424414
424437 424499
424502 424516
424521 424595
424631 424828
424867 425064
425096 425190
425258 425419
425426 425595
425649 425713
425749 425892
425950 426081
426131 426302
426357 426358
426369 426491
426494 426548
426589 426694
426697 426796
426854 426958
426983 427025
427060 427145
427166 427226
427260 427417
427449 427635
427703 427787
427792 427855
427910 427964
427967 428040
428053 428184
428215 428409
428449 428632
428670 428764
428784 428918
429027 429028
429031 429098
429111 429193
429289 429448
429455 429641
429679 429808
429812 429960
429993 430127
430153 430307
430341 430443
430487 430533
430536 430625
430658 430786
430789 430811
430814 430900
430966 431098
431107 431148
431190 431434
431447 431510
431513 431602
431641 431861
431895 432173
432212 432358
432454 432511
432536 432647
432653 432788
432794 432885
432936 433041
433075 433250
433335 433386
433442 433513
433516 433581
433644 433711
433720 433780
433860 433946
433949 434076
434112 434249
434257 434414
434421 434557
434560 434562
434694 434756
434774 434943
434946 435159
435215 435433
435515 435654
435657 435850
435853 435855
435866 435954
435957 435972
436018 436086
436089 436171
436175 436298
436332 436377
436380 436512
436519 436563
436568 436624
436698 436943
436976 437075
437078 437118
437121 437307
437311 437420
437430 437496
437545 437592
437605 437758
437836 437920
437926 438055
438094 438135
438138 438189
438192 438324
438391 438446
438449 438578
438682 438730
438777 438881
438884 438999
439004 439127
439199 439201
439210 439264
439267 439358
439396 439517
439520 439594
439640 439802
439807 439936
439979 440162
440166 440370
440492 440539
440576 440638
440641 440734
440738 440740
440751 440852
440855 440884
440887 441083
441086 441088
441091 441165
441169 441171
441279 441345
441390 441630
441680 441707
441806 441865
441868 441989
442004 442321
442326 442357
442372 442507
442510 442573
442641 442741
442745 442747
442834 443049
443052 443120
443156 443341
443441 443519
443522 443630
443667 443764
443768 443944
443948 443950
443996 444139
444163 444266
444269 444334
444410 444502
444516 444829
444878 444990
445015 445217
445221 445406
445466 445725
445796 445954
445958 446023
446059 446186
446224 446510
446573 446737
446766 446958
447006 447099
447118 447393
447440 447575
447585 447746
447749 447897
447978 447980
447991 448058
448097 448218
448228 448314
448340 448431
448494 448670
448704 448736
448812 448922
448969 449185
449188 449215
449218 449269
449315 449465
449472 449585
449694 449796
449840 449959
449963 449992
449995 450183
450186 450321
450324 450431
450493 450555
450590 450635
450638 450683
450722 450965
451073 451136
451170 451360
451421 451583
451586 451652
451655 451825
451861 452033
452036 452038
452159 452246
452336 452427
452430 452494
452524 452665
452712 452894
452917 453339
453364 453505
453510 453583
453656 453715
453718 453758
453761 453815
453818 453898
453930 454018
454124 454255
454304 454467
454477 454517
454610 454713
454735 454888
454896 455063
455067 455150
455181 455323
455333 455431
455486 455524
455562 455815
455861 456062
456109 456315
456351 456519
456528 456530
456542 456643
456672 456767
456809 456937
456946 457000
457034 457354
457400 457461
457464 457620
457663 457790
457806 457909
457912 458010
458048 458180
458183 458260
458268 458468
458471 458637
458640 458713
458756 458967
458970 458994
459003 459062
459126 459302
459305 459444
459487 459645
459648 459828
459863 459920
459923 460038
460099 460330
460339 460430
460559 460650
460670 460905
460955 461058
461086 461338
461411 461501
461521 461599
461603 461692
461790 461906
461911 462238
462350 462495
462602 462667
462695 462981
463008 463047
463050 463203
463239 463313
463316 463460
463497 463563
463566 463619
463622 463698
463703 463705
463730 463853
463856 463937
463942 464027
464033 464035
464107 464227
464230 464282
464316 464470
464509 464685
464688 464769
464801 465035
465142 465268
465304 465562
465587 465850
465853 465855
465914 466122
466125 466182
466232 466379
466404 466486
466489 466628
466766 466768
466773 466852
466874 466978
466981 467110
467192 467257
467288 467466
467514 467854
467908 468100
468133 468346
468360 468486
468580 468697
468702 468758
468796 468914
468967 469094
469116 469315
469344 469463
469474 469501
469573 469717
469720 469822
469830 469910
470008 470010
470015 470077
470116 470375
470432 470481
470484 470570
470573 470790
470793 470851
470894 471067
471139 471183
471190 471292
471295 471344
471352 471405
471409 471412
471497 471555
471587 471654
471690 471907
471953 472154
472158 472196
472239 472432
472471 472533
472538 472572
472623 472866
472904 473010
473015 473110
473150 473337
473440 473442
473449 473693
473706 473751
473786 473898
473920 474202
474206 474208
474321 474424
474444 474555
474601 474823
474826 474897
474906 474908
474996 475089
475123 475218
475336 475338
475347 475494
475521 475648
475678 475791
475796 475798
475933 476146
476186 476258
476268 476306
476365 476429
476469 476621
476677 476966
477001 477108
477138 477285
477308 477442
477447 477574
477686 477688
477766 477837
477844 478040
478045 478089
478095 478232
478249 478482
478567 478570
478575 478665
478668 478789
478793 478875
478914 478972
478983 479054
479087 479165
479207 479431
479434 479538
479571 479721
479755 479807
479818 479932
479938 479940
480050 480162
480191 480325
480365 480558
480616 480967
480972 481042
481055 481116
481208 481286
481331 481429
481432 481541
481544 481563
481570 481755
481795 481899
481921 482086
482130 482263
482304 482331
482345 482496
482505 482675
482737 482785
482813 483027
483122 483123
483126 483226
483229 483404
483415 483448
483525 483748
483755 483777
483784 483832
483840 483855
483858 483903
484002 484036
484049 484157
484191 484376
484439 484490
484524 484734
484772 484773
484778 484948
484977 485067
485076 485153
485199 485328
485334 485500
485541 485772
485775 485867
485934 486265
486292 486474
486521 486877
486917 487022
487025 487248
487282 487428
487490 487575
487607 487691
487771 487773
487786 487883
487911 488053
488057 488125
488161 488218
488224 488271
488274 488444
488494 488556
488567 488637
488658 488816
488895 488962
488973 489017
489051 489177
489180 489264
489290 489319
489324 489326
489434 489596
489639 489774
489823 490009
490075 490077
490082 490239
490292 490382
490386 490441
490444 490479
490482 490517
490545 490743
490746 490829
490955 490957
490967 491022
491057 491148
491159 491200
491230 491275
491278 491392
491448 491555
491559 491650
491685 491806
491850 492062
492070 492188
492191 492257
492284 492289
492391 492467
492520 492618
492621 492793
492796 492864
492897 492942
492945 492999
493034 493091
493095 493165
493198 493241
493250 493427
493493 493587
493603 493739
493774 493892
493895 493956
493963 494011
494120 494122
494126 494218
494234 494417
494420 494468
494471 494736
494785 494900
494930 495067
495104 495182
495188 495250
495350 495352
495355 495510
495550 495616
495629 495691
495712 495743
495801 495886
495923 496075
496088 496308
496369 496412
496452 496719
496733 496795
496801 496869
496908 497129
497132 497179
497206 497317
497384 497472
497487 497564
497567 497699
497770 497794
497797 497871
497910 498091
498100 498205
498237 498330
498400 498403
498411 498503
498551 498693
498729 498792
498795 498868
498981 498983
498992 499088
499127 499324
499333 499371
499427 499539
499542 499699
499772 499815
499818 499833
499868 499956
499978 500085
500218 500470
500476 500547
500626 500732
500735 500781
500843 500960
501011 501137
501202 501275
501303 501440
501480 501568
501571 501662
501669 501852
501891 501918
501982 502069
502102 502150
502153 502242
502257 502306
502309 502382
502424 502583
502591 502621
502654 502917
502991 502993
503007 503124
503131 503200
503261 503263
503272 503343
503353 503499
503527 503584
503587 503654
503657 503787
503818 503967
503976 504092
504187 504312
504320 504407
504466 504595
504631 504749
504796 504917
504925 505054
505057 505169
505310 505370
505373 505424
505450 505587
505590 505676
505712 505774
505778 505861
505930 505991
505994 506049
506079 506088
506091 506151
506154 506338
506430 506446
506459 506719
506774 506950
507035 507331
507375 507521
507539 507667
507690 507792
507809 507850
507914 508079
508128 508221
508224 508345
508354 508401
508412 508544
508547 508645
508648 508701
508720 508722
508805 508880
508900 509017
509131 509133
509137 509266
509284 509467
509557 509692
509726 509786
509795 509860
509880 509951
509954 510069
510072 510176
510213 510376
510450 510515
510550 510624
510636 510669
510709 510818
510835 510917
510946 511036
511052 511098
511101 511210
511323 511387
511440 511544
511583 511699
511767 511855
511894 511941
511962 512062
512069 512137
512140 512193
512293 512350
512362 512421
512503 512650
512740 512813
512858 513001
513012 513227
513306 513474
513521 513612
513629 513631
513638 513828
513951 514013
514056 514134
514137 514305
514362 514513
514543 514735
514799 514944
514997 514998
515004 515086
515119 515220
515278 515333
515352 515443
515456 515511
515528 515587
515609 515706
515737 515870
515928 516122
516152 516187
516199 516311
516377 516378
516381 516568
516575 516662
516674 516799
516846 516937
516940 516985
517005 517027
517041 517171
517183 517305
517349 517498
517557 517647
517685 517807
517823 517825
517834 517870
517951 518037
518069 518209
518364 518413
518432 518549
518556 518629
518644 518713
518732 518810
518930 518932
518939 519034
519071 519149
519195 519405
519520 519522
519526 519604
519607 519713
519774 520102
520133 520319
520344 520430
520473 520526
520538 520578
520581 520768
520843 521006
521069 521084
521102 521187
521191 521302
521361 521446
521491 521511
521524 521650
521655 521746
521751 521811
521816 521840
521854 521960
522075 522077
522082 522170
522173 522291
522328 522435
522439 522482
522566 522749
522805 522886
522900 523002
523036 523204
523328 523369
523373 523484
523523 523570
523573 523679
523682 523703
523718 523818
523824 523992
524040 524137
524167 524268
524296 524415
524420 524483
524510 524624
524628 524800
524864 524927
524967 525017
525028 525116
525171 525206
525299 525380
525388 525489
525573 525679
525682 525721
525727 525793
525801 525986
526041 526123
526152 526352
526400 526477
526497 526642
526684 526761
526770 526825
526828 526954
526993 527149
527215 527284
527334 527429
527438 527549
527552 527601
527718 527720
527727 527781
527815 527942
527987 528023
528026 528191
528239 528360
528363 528380
528395 528492
528580 528582
528589 528675
528722 528774
528777 528984
529002 529057
529095 529225
529245 529276
529349 529486
529489 529662
529675 529789
529877 530036
530076 530178
530181 530233
530279 530389
530405 530443
530474 530595
530608 530723
530779 530806
530826 530907
530936 531096
531103 531173
531177 531216
531283 531285
531292 531388
531421 531597
531634 531788
531791 531975
531989 532029
532156 532226
532230 532367
532414 532477
532480 532636
532703 532706
532709 532774
532794 532901
532946 533175
533178 533291
533294 533296
533400 533460
533507 533672
533715 533781
533784 533786
533889 533951
533980 534078
534113 534311
534358 534603
534646 534800
534913 535004
535042 535173
535216 535260
535264 535560
535669 535833
535877 536048
536058 536060
536063 536177
536248 536250
536256 536319
536340 536483
536487 536572
536636 536740
536779 536932
537048 537050
537056 537242
537287 537542
537643 537801
537848 538072
538082 538155
538188 538321
538365 538539
538648 538650
538658 538732
538779 539187
539223 539383
539455 539517
539520 539618
539709 539711
539722 539837
539895 539973
540007 540293
540333 540531
540609 540742
540774 540910
540915 541019
541099 541101
541115 541297
541300 541381
541412 541496
541520 541656
541659 541661
541810 541870
541882 542196
542240 542315
542318 542382
542411 542641
542675 542758
542765 542866
542869 543121
543239 543343
543380 543558
543561 543563
543607 543658
543661 543782
543787 543838
543843 543957
544027 544407
544471 544728
544830 544887
544922 544956
544959 545028
545049 545167
545195 545276
545280 545283
545362 545457
545463 545578
545600 545732
545740 545905
545911 545913
546012 546144
546177 546241
546268 546372
546451 546453
546502 546586
546589 546685
546688 546737
546759 546825
546832 546938
546981 547239
547248 547250
547354 547445
547466 547545
547548 547550
547618 547684
547687 547798
547845 547923
547927 548016
548030 548032
548063 548244
548274 548478
548558 548560
548572 548626
548642 548740
548779 549103
549188 549190
549199 549250
549289 549413
549459 549528
549574 549808
549812 549908
550059 550120
550145 550300
550305 550377
550417 550544
550550 550552
550688 550745
550748 550820
550846 550957
550960 550962
551045 551101
551136 551239
551263 551426
551430 551432
551470 551574
551577 551706
551709 551773
551776 551958
552020 552022
552027 552114
552149 552203
552206 552265
552300 552473
552550 552552
552562 552658
552680 552768
552833 552943
552946 553064
553098 553299
553390 553392
553405 553586
553645 553733
553905 554203
554211 554213
554280 554480
554527 554754
554854 554905
554919 555023
555079 555171
555175 555177
555185 555252
555255 555313
555316 555366
555369 555500
555568 555570
555599 555655
555661 555717
555808 555810
555813 555955
556037 556107
556148 556391
556461 556572
556578 556580
556599 556687
556701 556798
556838 556969
556972 557123
557168 557257
557270 557362
557365 557455
557458 557514
557521 557637
557683 557774
557782 557947
557990 558074
558119 558221
558224 558287
558299 558416
558419 558537
558540 558576
558584 558632
558738 558740
558781 559001
559099 559286
559315 559371
559384 559414
559448 559611
559631 559717
559729 559731
559827 559949
559972 560225
560312 560463
560514 560689
560733 560827
560973 561113
561116 561204
561252 561390
561393 561514
561649 561651
561657 561763
561784 561863
561898 562039
562129 562131
562143 562195
562226 562299
562309 562453
562500 562632
562646 562648
562744 562821
562836 562889
562930 563027
563064 563259
563266 563268
563381 563433
563436 563482
563529 563582
563585 563618
563622 563788
563828 563935
563939 564130
564236 564238
564246 564402
564412 564498
564530 564742
564745 564787
564796 564798
564864 564918
564935 565069
565072 565120
565151 565222
565226 565274
565280 565346
565382 565446
565452 565571
565602 565705
565708 565794
565840 565891
565925 566082
566121 566219
566262 566561
566598 566650
566653 566792
566924 566926
566932 567058
567099 567268
567271 567376
567410 567527
567632 567812
567855 567998
568104 568181
568194 568362
568366 568412
568465 568634
568671 568735
568753 568882
568978 569035
569060 569285
569344 569368
569375 569492
569496 569528
569531 569603
569638 569748
569751 569854
569969 570005
570053 570215
570223 570261
570299 570399
570430 570680
570755 570877
570934 571044
571093 571150
571208 571325
571335 571459
571555 571718
571722 571809
571814 571905
571943 572130
572242 572394
572406 572498
572538 572664
572703 572922
573065 573138
573161 573229
573294 573459
573487 573513
573519 573669
573709 573832
573837 574006
574009 574164
574173 574176
574329 574510
574517 574655
574662 574831
574868 574991
575018 575229
575265 575368
575438 575626
575629 575667
575670 575828
575857 576026
576029 576031
576121 576265
576312 576390
576404 576519
576608 576707
576785 576909
576912 576969
576983 577086
577123 577348
577400 577503
577545 577732
577758 577853
577887 578075
578144 578333
578336 578449
578477 578611
578640 578682
578685 578747
578750 578823
578852 579008
579096 579224
579227 579275
579302 579360
579363 579380
579385 579409
579412 579479
579482 579539
579587 579691
579735 579777
579822 579920
579926 580011
580014 580182
580223 580453
580564 580815
580850 580988
581066 581222
581271 581528
581563 581641
581651 581811
581911 581913
581919 582016
582022 582093
582123 582207
582223 582314
582317 582338
582344 582508
582547 582743
582788 582979
582991 583164
583232 583319
583322 583503
583618 583689
583705 583867
583976 584066
584090 584148
584156 584255
584292 584502
584531 584643
584715 584717
584729 584797
584822 584883
584925 585031
585039 585225
585320 585371
585374 585402
585407 585517
585550 585721
585740 585811
585816 585962
586057 586125
586160 586311
586314 586436
586475 586638
586641 586711
586813 586860
586921 587018
587021 587119
587160 587221
587224 587300
587315 587438
587554 587655
587683 587952
588026 588078
588081 588142
588190 588348
588378 588497
588574 588632
588635 588732
588778 588918
588921 589014
589017 589018
589021 589109
589222 589314
589317 589385
589420 589543
589620 589680
589716 589840
589912 590160
590163 590229
590245 590247
590253 590310
590350 590649
590680 590732
590735 590806
590838 590919
591051 591053
591068 591142
591170 591259
591303 591377
591380 591427
591438 591485
591488 591571
591625 591681
591687 591820
591831 591886
591889 591977
591980 592030
592068 592163
592179 592305
592309 592427
592502 592569
592572 592690
592693 592833
592896 593014
593048 593170
593202 593428
593431 593493
593548 593558
593561 593667
593673 593698
593701 593748
593772 593873
593902 593989
594000 594135
594138 594282
594385 594387
594395 594448
594485 594554
594557 594709
594712 594759
594771 594870
594873 594926
594965 595231
595311 595520
595633 595854
595907 596029
596134 596225
596269 596497
596500 596575
596587 596623
596626 596693
596726 596854
596859 596935
596979 596996
597005 597149
597152 597344
597354 597443
597511 597630
597759 597846
597855 597981
598010 598064
598069 598163
598342 598412
598417 598463
598487 598488
598491 598514
598559 598616
598620 598716
598760 598849
598906 598999
599024 599228
599319 599322
599336 599400
599422 599552
599556 599637
599672 599706
599710 599779
599814 599891
599894 599946
599978 600082
600085 600137
600184 600339
600443 600580
600583 600656
600728 600908
600925 601042
601047 601130
601133 601208
601300 601413
601420 601505
601558 601726
601729 601843
601889 602070
602090 602324
602362 602500
602533 602646
602739 602848
602941 602992
603000 603072
603075 603201
603243 603367
603370 603460
603563 603683
603690 603736
603739 603819
603822 603880
603933 604116
604160 604289
604298 604361
604364 604450
604476 604656
604696 604775
604778 604840
604882 605153
605200 605202
605214 605281
605307 605507
605619 605750
605754 605876
605943 606026
606038 606040
606057 606199
606262 606340
606349 606365
606390 606536
606627 606789
606830 606950
606959 607080
607083 607133
607140 607142
607222 607334
607366 607431
607434 607601
607610 607612
607639 607902
607986 608123
608156 608249
608295 608413
608442 608591
608678 608866
608879 608955
609002 609121
609173 609251
609254 609404
609421 609488
609519 609640
609651 609653
609660 609740
609744 609907
610004 610006
610009 610157
610206 610484
610573 610669
610678 610789
610834 610836
610839 611018
611053 611143
611154 611239
611242 611316
611394 611579
611589 611674
611774 611776
611781 611855
611858 611999
612002 612098
612157 612233
612236 612408
612424 612516
612527 612562
612571 612603
612623 612764
612891 612965
612974 613022
613081 613104
613107 613138
613198 613444
613506 613598
613670 613672
613678 613786
613809 613862
613895 613998
614010 614012
614063 614158
614180 614275
614290 614512
614619 614622
614625 614655
614696 614769
614858 614900
614925 614982
615028 615143
615260 615262
615270 615341
615344 615417
615442 615503
615556 615674
615716 615836
615890 615966
615971 616138
616266 616267
616352 616452
616492 616596
616704 616775
616797 616962
616994 617065
617086 617088
617206 617313
617337 617433
617560 617563
617576 617644
617681 617925
617987 618015
618018 618180
618283 618314
618332 618582
618642 618864
618951 618953
618961 619005
619036 619137
619167 619211
619216 619279
619283 619402
619409 619444
619518 619632
619649 619758
619783 619862
619886 620079
620119 620262
620265 620284
620366 620550
620561 620641
620646 620723
620733 620858
620861 621045
621153 621205
621242 621256
621259 621333
621439 621441
621448 621588
621666 621681
621684 621798
621810 621899
621909 622056
622140 622238
622241 622325
622342 622483
622532 622698
622738 622868
622959 623201
623218 623280
623284 623340
623450 623511
623532 623613
623633 623700
623757 623898
623990 624043
624050 624209
624355 624403
624449 624588
624619 624732
624735 624852
624855 624915
624957 625060
625174 625233
625236 625335
625409 625483
625517 625632
625648 625864
625945 626012
626027 626241
626280 626360
626381 626414
626502 626639
626665 626808
626811 626836
626857 626931
627013 627118
627185 627345
627364 627389
627420 627570
627626 627692
627707 627777
627799 627875
627922 627989
627992 628076
628114 628130
628146 628252
628276 628451
628454 628586
628590 628683
628692 628748
628790 629055
629095 629170
629186 629324
629363 629464
629491 629589
629665 629667
629672 629776
629802 629937
629999 630214
630276 630454
630459 630573
630643 630711
630739 630906
630985 630987
630996 631197
631239 631453
631524 631559
631562 631625
631649 631784
631789 631965
632002 632216
632242 632337
632375 632497
632501 632581
632584 632598
632605 632654
632719 632909
632930 633025
633119 633238
633241 633256
633260 633285
633321 633498
633530 633639
633658 633849
633924 634040
634135 634218
634242 634311
634330 634333
634342 634484
634500 634526
634529 634563
634600 634629
634635 634716
634899 635030
635057 635213
635311 635392
635395 635482
635509 635648
635653 635736
635775 635892
635956 636055
636073 636103
636121 636209
636245 636364
636391 636607
636613 636744
636747 636842
636936 637034
637051 637157
637160 637247
637356 637408
637413 637501
637526 637689
637692 637735
637742 637767
637792 637884
637911 638109
638123 638148
638151 638321
638361 638466
638494 638548
638583 638753
638849 638937
639004 639191
639211 639365
639435 639504
639507 639534
639538 639576
639579 639631
639635 639703
639725 639742
639821 639898
639902 639967
639975 640043
640046 640115
640142 640143
640181 640297
640300 640402
640497 640553
640592 640701
640704 640792
640825 640982
641006 641036
641075 641279
641308 641415
641418 641464
641471 641668
641691 641760
641842 641898
641901 641987
642020 642077
642080 642139
642142 642205
642213 642215
642218 642330
642470 642525
642535 642686
642749 642751
642758 642827
642839 642933
642989 642991
643000 643032
643039 643094
643114 643196
643289 643291
643297 643353
643356 643429
643478 643585
643614 643641
643645 643784
643787 643869
643986 644050
644084 644157
644189 644191
644249 644373
644380 644461
644511 644556
644598 644620
644660 644769
644930 644968
644979 645073
645159 645161
645189 645224
645228 645318
645322 645473
645486 645518
645530 645679
645717 645856
645893 646110
646164 646289
646313 646409
646525 646595
646629 646809
646841 646862
646904 646988
647080 647209
647272 647281
647308 647459
647462 647515
647629 647797
647801 647950
648012 648137
648180 648280
648288 648390
648495 648498
648501 648596
648606 648682
648731 648855
648879 648920
648995 649107
649110 649189
649213 649280
649318 649472
649481 649538
649625 649713
649749 649915
649956 650013
650016 650079
650093 650248
650302 650393
650429 650520
650529 650645
650652 650736
650804 650841
650844 651009
651051 651181
651221 651375
651384 651483
651504 651550
651685 651740
651787 651982
652016 652066
652126 652318
652359 652538
652578 652647
652748 652827
652835 652901
652954 653174
653235 653298
653374 653503
653600 653670
653716 653866
653903 653956
653959 654008
654042 654162
654165 654211
654214 654295
654324 654578
654710 654727
654766 654924
655060 655171
655178 655442
655620 655769
655777 655872
655947 656171
656191 656338
656386 656526
656529 656566
656595 656700
656734 656890
657020 657022
657032 657145
657148 657232
657240 657395
657435 657550
657583 657630
657637 657704
657751 657856
657960 658025
658048 658128
658159 658322
658350 658487
658546 658606
658610 658649
658655 658747
658771 658964
659025 659088
659133 659341
659364 659386
659412 659493
659592 659641
659684 659777
659919 660035
660048 660060
660089 660117
660120 660254
660269 660367
660430 660506
660509 660517
660550 660769
660777 660792
660796 660851
660878 660958
661035 661247
661273 661585
661600 661712
661715 661856
661978 662034
662050 662164
662213 662334
662384 662624
662627 662657
662730 662828
662939 663059
663067 663158
663182 663274
663306 663336
663380 663442
663466 663594
663598 663761
663840 663966
664008 664106
664137 664183
664298 664331
664350 664451
664498 664600
664605 664677
664758 664821
664861 664946
665102 665109
665112 665206
665209 665285
665320 665405
665408 665476
665480 665545
665579 665732
665738 665798
665828 665895
665956 665958
665961 666073
666121 666221
666418 666491
666539 666709
666786 666994
667043 667134
667168 667379
667478 667480
667487 667677
667699 667815
667821 667894
667984 667986
668034 668314
668382 668538
668593 668671
668676 668744
668766 668864
668904 669049
669056 669155
669219 669356
669383 669626
669666 669802
669805 669807
669810 669889
669981 669983
669990 670053
670056 670187
670237 670351
670354 670356
670434 670587
670600 670698
670704 670706
670744 670938
671044 671046
671050 671131
671162 671238
671295 671413
671416 671418
671426 671513
671517 671971
671978 671980
672081 672143
672163 672266
672325 672450
672466 672586
672659 672858
672892 673027
673067 673124
673127 673241
673290 673329
673332 673448
673458 673460
673576 673708
673711 673780
673829 674011
674014 674016
674128 674196
674223 674372
674404 674548
674568 674570
674679 674763
674766 674815
674856 674956
675018 675301
675377 675530
675550 675721
675758 675897
675921 676083
676107 676196
676202 676205
676312 676367
676399 676491
676527 676691
676702 676705
676836 676911
676957 677034
677098 677312
677348 677616
677624 677799
677890 677971
677974 678056
678083 678260
678263 678333
678374 678452
678456 678540
678543 678619
678690 678816
678831 678958
679044 679101
679144 679320
679345 679487
679502 679569
679606 679718
679757 679812
679819 680088
680106 680108
680209 680264
680297 680395
680439 680514
680517 680566
680588 680787
680826 680952
681056 681058
681067 681201
681230 681396
681425 681524
681558 681598
681607 681608
681727 681796
681834 681919
681959 682093
682194 682343
682403 682542
682579 682703
682729 682856
682897 683023
683026 683094
683188 683353
683362 683597
683605 683709
683739 683806
683831 683965
684022 684085
684123 684341
684376 684522
684527 684528
684572 684773
684794 684889
684892 684943
685015 685109
685116 685164
685167 685219
685222 685330
685404 685477
685498 685642
685684 685877
685927 685974
685977 686066
686110 686279
686288 686401
686457 686458
686467 686689
686761 686989
687057 687141
687157 687212
687215 687332
687398 687483
687528 687690
687723 687798
687844 687976
687988 688086
688089 688091
688195 688263
688309 688372
688375 688455
688465 688646
688719 688721
688732 688834
688860 688947
688977 689065
689069 689071
689217 689299
689327 689403
689409 689411
689567 689656
689693 689793
689834 690031
690038 690041
690105 690157
690168 690248
690259 690261
690364 690424
690434 690525
690556 690667
690732 690862
690871 690975
690978 691043
691126 691162
691166 691168
691211 691471
691476 691478
691566 691635
691638 691707
691710 691837
691924 691958
691961 692031
692034 692036
692095 692150
692158 692260
692274 692276
692340 692372
692397 692495
692581 692862
692908 693147
693150 693156
693170 693284
693323 693500
693503 693642
693697 693751
693769 693977
694043 694241
694244 694246
694362 694430
694466 694620
694655 694724
694727 694728
694743 694890
694973 695083
695089 695108
695111 695247
695273 695477
695611 695747
695756 695861
695864 695933
695949 696016
696020 696022
696085 696177
696180 696246
696250 696252
696324 696358
696371 696436
696468 696807
696810 696812
696890 696987
697060 697062
697069 697151
697160 697260
697310 697457
697460 697462
697553 697587
697599 697666
697669 697827
697830 697832
697889 697956
697967 698066
698089 698284
698289 698527
698572 698650
698747 698985
698996 699096
699110 699240
699268 699270
699334 699429
699446 699587
699608 699706
699710 699828
699831 700011
700098 700100
700109 700279
700308 700360
700381 700455
700458 700460
700525 700610
700638 700715
700718 700785
700788 700790
700870 701044
701073 701180
701204 701377
701412 701567
701592 701794
701798 701848
701894 702053
702120 702184
702213 702268
702405 702503
702535 702649
702686 702850
702869 702992
703019 703251
703507 703508
703514 703697
703770 703951
704015 704162
704199 704240
704243 704431
704434 704576
704606 704716
704725 704794
704798 704852
704857 704858
704933 705085
705125 705146
705149 705208
705211 705326
705335 705498
705587 705588
705591 705655
705705 705768
705771 706074
706110 706258
706323 706493
706545 706593
706596 706723
706801 706886
706889 706981
707040 707335
707405 707520
707523 707708
707741 707878
707908 708004
708007 708178
708205 708235
708238 708290
708293 708346
708427 708482
708503 708707
708728 708822
708829 708950
708969 709203
709261 709263
709278 709328
709338 709400
709425 709483
709541 709628
709631 709633
709688 709808
709825 709882
709943 710051
710089 710143
710217 710292
710305 710550
710586 710670
710712 710823
710864 711075
711105 711190
711208 711310
711397 711398
711412 711485
711524 711667
711701 711887
711960 711962
711966 712024
712069 712137
712147 712148
712205 712265
712274 712386
712395 712558
712584 712709
712808 712880
712883 712970
713013 713189
713228 713360
713387 713467
713470 713525
713531 713577
713620 713770
713800 713929
714046 714062
714076 714137
714149 714213
714216 714218
714275 714470
714528 714599
714619 714811
714817 714818
714915 715024
715063 715220
715223 715384
715413 715587
715657 715658
715668 715772
715812 715872
715891 715948
715995 716162
716192 716374
716377 716378
716474 716607
716633 716820
716833 716927
716999 717319
717322 717478
717481 717552
717559 717629
717632 717706
717755 717942
718022 718023
718034 718111
718140 718225
718337 718404
718427 718483
718490 718553
718567 718632
718663 718754
718789 718877
718880 719004
719009 719119
719210 719273
719276 719526
719529 719596
719670 719812
719869 719939
719942 720073
720078 720173
720271 720325
720338 720456
720548 720597
720601 720781
720822 720927
720981 721057
721060 721123
721126 721241
721297 721506
721512 721660
721663 721666
721699 721896
721990 722066
722077 722248
722282 722405
722408 722484
722517 722671
722701 722734
722757 722866
722869 722871
722875 723020
723114 723304
723364 723366
723376 723684
723726 723776
723779 723781
723784 723848
723851 723903
723939 724036
724039 724210
724213 724215
724311 724420
724429 724485
724488 724615
724639 724718
724778 724917
724975 725198
725231 725302
725305 725411
725433 725493
725563 725609
725641 725733
725776 725907
725911 725961
725964 725966
726027 726052
726123 726190
726219 726307
726454 726456
726469 726624
726633 726749
726845 726966
727059 727219
727222 727283
727388 727590
727618 727771
727834 727914
728004 728006
728016 728072
728075 728228
728285 728342
728345 728429
728432 728482
728491 728579
728683 728686
728695 728947
729013 729027
729034 729304
729356 729439
729442 729673
729776 729857
729899 729995
729998 730076
730079 730149
730152 730257
730365 730368
730372 730460
730488 730547
730583 730760
730765 730789
730862 730953
730956 731093
731125 731288
731388 731478
731548 731659
731739 732025
732094 732318
732375 732443
732463 732539
732542 732613
732650 732743
732746 732748
732872 733067
733103 733326
733446 733513
733556 733628
733631 733698
733703 733762
733765 733821
733826 733828
733842 733913
733945 734005
734008 734086
734127 734446
734529 734647
734650 734756
734815 734870
734875 734994
735006 735042
735045 735128
735217 735364
735370 735481
735553 735590
735633 735790
735812 735977
736029 736059
736062 736297
736385 736474
736479 736609
736612 736693
736696 736698
736822 736896
736913 737093
737156 737345
737418 737544
737573 737648
737782 737862
737897 738282
738288 738290
738404 738488
738491 738725
738801 738803
738806 738865
738873 738961
738981 739080
739166 739283
739288 739454
739517 739520
739526 739591
739635 739924
739927 739930
740005 740059
740099 740204
740222 740324
740359 740456
740504 740705
740753 740808
740815 740959
741008 741010
741017 741213
741218 741281
741302 741396
741399 741518
741526 741528
741646 741721
741740 741847
741899 742001
742004 742034
742099 742206
742209 742279
742319 742555
742611 742716
742740 742772
742775 742829
742832 742923
742953 743002
743015 743101
743104 743296
743299 743433
743526 743528
743537 743670
743683 743782
743866 743868
743876 743978
744004 744101
744141 744223
744309 744355
744366 744603
744606 744718
744786 744840
744889 745068
745094 745120
745126 745203
745206 745208
745317 745400
745407 745537
745629 745742
745907 745968
745974 746059
746129 746369
746418 746474
746484 746715
746726 746845
747014 747106
747110 747162
747177 747325
747328 747611
747665 747940
747943 747999
748103 748153
748171 748262
748265 748336
748342 748501
748510 748512
748619 748743
748786 748916
749016 749112
749116 749373
749409 749448
749451 749495
749567 749630
749637 749785
749829 749917
749920 750021
750048 750215
750383 750385
750393 750503
750513 750701
750794 750946
751030 751089
751115 751177
751180 751279
751283 751334
751337 751472
751483 751485
751542 751604
751613 751615
751674 751708
751739 751796
751819 751934
751970 752088
752183 752296
752322 752436
752553 752555
752566 752630
752662 752763
752773 752927
752984 753086
753095 753112
753191 753256
753285 753441
753477 753540
753547 753584
753709 753712
753716 753793
753817 753909
753931 754138
754141 754267
754330 754332
754341 754496
754507 754638
754641 754715
754743 754915
754933 754958
754965 755039
755053 755123
755202 755243
755269 755370
755403 755604
755671 755743
755787 755944
755986 756124
756214 756252
756294 756406
756439 756522
756531 756547
756557 756650
756701 756763
756766 756820
756823 756930
756960 757062
757065 757105
757206 757444
757578 757627
757662 757832
757841 757966
758076 758078
758091 758212
758220 758318
758360 758505
758583 758664
758677 758789
758837 758919
758925 758999
759086 759088
759100 759337
759369 759420
759431 759464
759504 759580
759585 759729
759833 759883
759886 759960
760008 760267
760374 760376
760383 760530
760619 760782
760785 760889
760898 760990
760994 761072
761076 761188
761235 761317
761350 761612
761695 761801
761837 761915
761918 762092
762131 762225
762239 762294
762297 762353
762382 762447
762456 762566
762616 762726
762767 762926
762934 762986
763048 763250
763306 763452
763484 763613
763666 763719
763794 763937
763940 764039
764092 764302
764324 764353
764356 764415
764420 764538
764568 764774
764847 764848
764851 764910
764935 765112
765172 765329
765380 765501
765547 765548
765553 765585
765615 765749
765796 765798
765811 765882
765899 765988
766034 766081
766099 766161
766174 766210
766245 766308
766342 766445
766567 766568
766573 766750
766796 766865
766870 766982
766987 766988
767092 767208
767276 767278
767291 767400
767413 767512
767541 767635
767694 767749
767753 767755
767761 767815
767848 768080
768166 768218
768225 768285
768311 768447
768469 768545
768567 768611
768616 768670
768722 768808
768868 768975
769030 769071
769074 769268
769327 769423
769427 769544
769601 769688
769707 769780
769835 770068
770137 770275
770312 770456
770502 770696
770763 770803
770806 771004
771100 771271
771310 771345
771360 771435
771438 771489
771502 771627
771668 771854
771857 771949
772079 772137
772188 772225
772228 772320
772359 772521
772524 772572
772580 772669
772709 772976
773015 773198
773264 773266
773273 773317
773336 773395
773417 773529
773591 773906
774064 774066
774069 774160
774171 774288
774295 774348
774414 774416
774420 774473
774496 774554
774558 774665
774714 774853
774875 774894
774906 774948
774968 775086
775186 775200
775248 775442
775451 775539
775567 775634
775691 775742
775788 775965
776077 776186
776201 776284
776287 776449
776452 776523
776610 776612
776621 776857
776930 776932
776940 776989
777006 777105
777141 777248
777257 777310
777353 777457
777519 777522
777535 777607
777639 777724
777732 777838
777910 777912
777924 778011
778035 778125
778159 778306
778320 778359
778380 778517
778640 778642
778647 778782
778788 778896
778916 779011
779049 779113
779176 779381
779389 779465
779511 779712
779792 779928
779965 780205
780231 780284
780315 780431
780446 780555
780558 780560
780665 780716
780737 780843
780905 781087
781122 781275
781332 781480
781505 781578
781658 781660
781663 781801
781819 781909
782002 782135
782152 782214
782234 782303
782333 782464
782467 782528
782626 782776
782807 782990
783002 783136
783152 783304
783313 783437
783440 783542
783558 783692
783719 783876
783887 784018
784101 784103
784110 784168
784197 784345
784380 784519
784529 784590
784611 784739
784755 784893
784896 785058
785157 785255
785267 785352
785420 785502
785549 785682
785754 785893
785991 785993
786004 786055
786081 786164
786176 786346
786421 786423
786433 786497
786501 786587
786620 786805
786808 786832
786835 786902
787088 787131
787155 787273
787282 787378
787382 787442
787445 787486
787501 787617
787672 787744
787795 787904
787977 787980
787992 788028
788058 788155
788162 788236
788283 788353
788367 788504
788529 788532
788542 788587
788619 788692
788695 788839
788918 789096
789200 789272
789310 789452
789488 789620
789696 789861
789878 789942
789998 790066
790082 790183
790200 790339
790374 790471
790602 790770
790785 790906
790909 790971
790974 790976
791065 791209
791241 791313
791346 791424
791427 791561
791572 791706
791829 792079
792107 792206
792209 792211
792214 792341
792344 792346
792421 792482
792485 792621
792650 792741
792744 792746
792897 792969
793015 793108
793111 793289
793292 793401
793486 793761
793798 793891
793919 793971
793974 794065
794077 794189
794192 794246
794249 794303
794399 794466
794469 794545
794548 794707
794748 794852
794908 794911
794917 795036
795039 795041
795160 795366
795421 795513
795519 795521
795581 795704
795728 795889
795938 795965
796008 796146
796197 796368
796379 796381
796413 796554
796577 796633
796660 796770
796796 796911
797059 797137
797151 797232
797247 797299
797353 797527
797601 797681
797684 797852
797888 798046
798049 798183
798186 798294
798326 798441
798444 798556
798625 798711
798714 798728
798731 798817
798822 798934
798938 799036
799039 799042
799168 799254
799276 799388
799453 799546
799577 799805
799900 799902
799914 799983
800022 800197
800235 800257
800260 800387
800407 800512
800515 800655
800720 801067
801070 801072
801152 801271
801311 801427
801457 801587
801632 801718
801722 801843
801921 801958
801969 802005
802008 802158
802164 802386
802432 802717
802722 802869
802969 803066
803073 803157
803222 803366
803369 803478
803521 803672
803677 803862
803953 804039
804065 804205
804241 804376
804429 804569
804620 804680
804683 804748
804789 804946
804957 805030
805033 805136
805140 805142
805233 805305
805344 805419
805423 805540
805569 805715
805792 805862
805865 805941
805969 806064
806160 806208
806228 806401
806404 806406
806415 806574
806614 806809
806838 806959
806964 806966
807076 807298
807327 807473
807476 807552
807564 807721
807724 807726
807795 808136
808178 808519
808554 808646
808684 808797
808800 808837
808840 808932
808945 809099
809103 809105
809194 809258
809304 809532
809654 809721
809753 809843
809874 809933
809971 810023
810062 810118
810172 810386
810442 810664
810667 810731
810762 810905
810978 811316
811375 811447
811450 811539
811595 811733
811736 811738
811826 811900
811903 811989
811995 812189
812194 812213
812216 812218
812317 812383
812430 812543
812546 812548
812612 812693
812719 812773
