174 290
303 606
687 1020
1023 1151
1164 1353
1434 1618
1621 1710
1771 2019
2043 2455
2533 2616
2639 2806
2837 3170
3201 3292
3323 3473
3493 3772
3873 3938
3980 4074
4081 4236
4295 4540
4572 4700
4725 4900
4983 5281
5320 5483
5505 5771
5787 6021
6045 6177
6201 6347
6452 6529
6568 6848
6870 7082
7092 7175
7268 7373
7391 7699
7702 7824
7867 8092
8115 8182
8185 8253
8285 8459
8533 8611
8626 8710
8738 9022
9064 9201
9293 9362
9377 9607
9636 9766
9785 10036
10092 10304
10322 10641
10672 10896
10899 10901
10963 11082
11113 11266
11327 11571
11574 11780
11865 12056
12093 12295
12395 12496
12565 12775
12819 12880
12889 13104
13107 13267
13323 13430
13433 13659
13694 13779
13794 14102
14141 14355
14399 14568
14588 14803
14809 14811
14889 14973
14976 15095
15134 15220
15258 15370
15386 15552
15622 15921
15949 16272
16275 16383
16476 16588
16591 16936
16979 17231
17349 17439
17461 17629
17655 17882
17966 18037
18067 18189
18213 18331
18367 18728
18814 19029
19069 19227
19241 19445
19484 19636
19642 19716
19719 19721
19816 19936
20009 20140
20144 20519
20596 20870
20903 20982
20998 21437
21473 21787
21893 22228
22266 22407
22425 22601
22622 22751
22844 23258
23261 23515
23563 23840
23883 24101
24142 24219
24222 24286
24322 24681
24706 24792
24817 24964
24989 25263
25286 25466
25469 25471
25564 25924
25955 26467
26514 26861
26940 27090
27125 27162
27175 27411
27428 27655
27740 27928
27958 28210
28255 28450
28457 28542
28569 28828
28883 29145
29169 29280
29283 29407
29491 29594
29673 30166
30251 30401
30419 30563
30617 30807
30833 31038
31041 31206
31235 31382
31394 31539
31629 31797
31838 31967
32003 32114
32117 32239
32321 32481
32508 32700
32718 32822
32924 33033
33046 33199
33227 33644
33659 33751
33816 33908
33911 33978
33995 34260
34280 34437
34490 34603
34641 34752
34765 34896
34899 34901
34965 35149
35217 35258
35261 35334
35337 35512
35534 35701
35704 35834
35852 35916
35919 35965
35993 36110
36164 36345
36389 36456
36463 36572
36579 36667
36670 36773
36849 36955
36969 37075
37112 37255
37268 37346
37407 37477
37525 37694
37697 37840
37911 38218
38262 38355
38476 38587
38611 38778
38824 38905
38908 39223
39228 39350
39381 39476
39530 39622
39625 39818
39859 40105
40132 40612
40647 40811
40881 41174
41177 41178
41270 41455
41474 41620
41664 41771
41774 41867
41886 41978
41991 42091
42118 42300
42319 42461
42478 42634
42637 42772
42874 43052
43085 43537
43596 43777
43819 43994
44005 44150
44206 44365
44388 44601
44638 44845
44930 45044
45047 45149
45203 45480
45507 45558
45561 45610
45613 45678
45748 45946
46007 46026
46039 46134
46209 46360
46458 46503
46506 46706
46754 46981
47030 47138
47202 47265
47284 47559
47614 47782
47823 47991
48049 48283
48349 48800
48815 49126
49166 49452
49479 49724
49800 49920
49938 50005
50056 50139
50199 50311
50372 50434
50462 50588
50626 50723
50726 50782
50785 51050
51075 51290
51356 51439
51498 51751
51822 51917
51922 51993
52079 52165
52194 52257
52290 52416
52491 52609
52668 52671
52678 52919
52969 53060
53121 53154
53157 53346
53356 53540
53574 53796
53842 54223
54275 54406
54427 54477
54528 54693
54765 54887
54897 54976
54979 55222
55277 55385
55450 55641
55664 55770
55833 55891
55894 55966
56015 56168
56171 56362
56369 56371
56449 56563
56566 56621
56666 57006
57041 57247
57328 57693
57696 57814
57830 58060
58133 58218
58225 58454
58480 58592
58658 58925
58928 58966
59010 59351
59378 59544
59573 59744
59845 60084
