142 237
271 580
629 638
697 943
1039 1272
1314 1399
1446 1589
1636 1784
1792 1907
1912 2049
2197 2200
2203 2244
2250 2350
2353 2411
2435 2819
2823 2972
3026 3328
3355 3530
3603 3669
3733 3835
3858 4027
4069 4437
4521 4733
4763 4873
4876 5007
5015 5017
5177 5239
5274 5479
5519 5621
5625 5627
5721 5841
5889 6016
6053 6252
6255 6400
6486 6559
6563 6732
6788 7311
7320 7322
7573 7760
7873 8084
8090 8092
8194 8354
8386 8512
8520 8522
8579 8660
8682 8773
8840 8842
8856 9051
9060 9062
9162 9220
9236 9347
9350 9517
9520 9522
9637 9653
9713 9918
9921 10047
10206 10514
10546 10643
10726 10858
10916 11146
11149 11151
11323 11626
11629 11631
11687 11738
11741 11910
11975 12043
12061 12067
12070 12083
12118 12187
12238 12472
12505 12635
12649 12651
12827 12916
12919 13043
13046 13446
13449 13451
13591 13776
13779 13781
13891 14022
14029 14331
14483 14500
14580 14792
14798 14800
14867 14928
15038 15040
15046 15115
15118 15120
15160 15234
15260 15380
15388 15390
15499 15650
15653 15740
15748 15750
15918 15980
15986 16109
16136 16335
16338 16340
16550 16793
16819 17026
17145 17298
17317 17601
17608 17610
17757 17835
17838 18035
18038 18268
18296 18343
18493 18708
18769 18926
18969 19199
19382 19637
19668 19838
19921 19923
19930 19980
20026 20224
20254 20394
20524 20700
20730 20941
20959 21106
21111 21113
21224 21573
21640 22001
22074 22238
22241 22372
22415 22562
22592 22655
22864 23123
23159 23291
23394 23616
23645 23907
23963 24046
24049 24150
24189 24386
24458 24547
24572 24723
24754 24867
24902 24971
24974 25098
25103 25105
25290 25443
25450 25563
25599 25688
25747 26179
26270 26613
26649 26780
26852 27278
27283 27474
27538 27701
27737 27738
27903 28106
28131 28223
28242 28401
28404 28507
28532 28834
28837 28838
29059 29199
29225 29548
29654 30022
30077 30169
30178 30482
30572 30675
30703 30874
30925 31233
31262 31507
31589 31647
31707 31890
31904 32262
32333 32529
32632 32954
33033 33035
33043 33143
33199 33359
33428 33666
33669 33752
33779 33918
34103 34105
34112 34238
34324 34452
34548 34843
34915 35178
35230 35348
35392 35472
35511 35646
35697 35888
35939 36146
36185 36237
36249 36500
36533 36721
36724 36927
36978 37079
37213 37477
37627 37628
37634 37845
37986 37988
37993 38222
38257 38565
38596 38764
38788 38929
38962 39089
39097 39098
39286 39460
39467 39525
39579 39779
39802 40005
40083 40208
40255 40538
40546 40548
40802 41108
41197 41375
41384 41494
41599 41822
41911 42239
42282 42419
42531 42851
42869 43230
43367 43368
43376 43497
43500 43724
43833 43953
44009 44392
44517 44641
44680 44924
44954 45145
45178 45295
45323 45584
45673 45760
45808 45980
46019 46236
46254 46653
46696 47047
47101 47291
47294 47296
47467 47752
47896 48222
48290 48356
48371 48490
48537 48813
48944 48946
48954 49122
49223 49371
49374 49442
49524 49762
49768 49802
49805 49926
49982 50129
50132 50133
50136 50262
50305 50486
50648 50752
50755 51199
51348 51485
51517 51690
51693 51843
51946 52211
52214 52306
52434 52436
52447 52880
52987 53067
53071 53155
53191 53485
53542 53737
53774 53951
53977 54037
54041 54266
54288 54537
54570 54751
54778 55053
55121 55602
55660 55749
55829 55985
56022 56378
56416 56639
56738 57003
57019 57237
57271 57640
57688 58023
58081 58159
58162 58447
58523 58771
58774 58938
58993 59100
59156 59388
59455 59500
