29 149
156 274
294 473
524 840
856 1120
1148 1326
1405 1461
1464 1528
1547 1670
1681 1761
1764 1766
1864 2190
2194 2196
2257 2447
2450 2661
2734 3026
3031 3034
3084 3086
3109 3274
3341 3525
3528 3653
3715 4036
4058 4126
4134 4136
4208 4292
4322 4602
4625 4627
4634 4831
4887 4971
5004 5269
5340 5651
5656 5687
5690 5743
5859 5913
5916 6014
6072 6087
6091 6180
6261 6442
6445 6537
6544 6578
6581 6870
6934 7170
7186 7257
7260 7305
7308 7389
7431 7505
7547 7623
7628 7744
7767 7857
7860 7910
7918 7985
8062 8123
8132 8183
8224 8304
8323 8382
8391 8463
8581 8983
9037 9225
9229 9533
9556 9959
9978 10080
10150 10213
10216 10292
10301 10386
10489 10650
10653 10749
10778 10780
10789 10897
10902 11005
11009 11031
11036 11194
11198 11261
11268 11270
11357 11657
11705 11787
11790 11857
11880 11984
11987 12072
12142 12231
12234 12408
12504 12805
12897 12999
13002 13058
13141 13413
13509 13593
13596 13693
13860 13952
13955 14054
14058 14472
14475 14657
14740 15001
15095 15233
15271 15453
15460 15573
15649 16042
16127 16271
16274 16362
16366 16541
16559 16675
16784 17093
17189 17359
17362 17448
17543 17905
17937 18207
18288 18386
18411 18568
18574 18736
18822 18971
19004 19185
19188 19190
19254 19342
19376 19458
19483 19593
19606 19702
19705 19707
19713 19980
20050 20364
20401 20574
20577 20693
20720 20797
20814 20958
20961 21125
21172 21231
21234 21415
21418 21420
21504 21652
21688 21809
21857 21888
21926 22100
22103 22252
22269 22326
22332 22388
22393 22480
22512 22640
22669 22808
22811 22940
23059 23220
23253 23439
23442 23443
23450 23482
23489 23682
23687 23690
23736 23805
23808 23876
23890 23970
23973 24080
24153 24281
24284 24408
24428 24558
24569 24600
24605 24699
24704 24858
24866 24942
24945 25026
25085 25396
25470 25894
25914 25916
25919 25988
25991 26057
26114 26190
26193 26257
26264 26505
26624 26803
26815 27085
27157 27304
27340 27342
27345 27587
27609 27762
27800 27998
28015 28109
28124 28251
28267 28324
28331 28333
28410 28454
28457 28532
28536 28944
28956 28983
29021 29326
29415 29673
29703 29764
29767 29816
29821 29887
29922 30108
30130 30385
30417 30646
30732 30834
30852 30930
30938 30954
30964 31026
31124 31454
31495 31773
31776 31778
31891 32150
32153 32285
32306 32308
32311 32514
32530 32612
32668 32754
32803 32947
32957 32958
33022 33153
33197 33243
33246 33317
33352 33654
33660 33771
33856 33915
34021 34247
34254 34567
34570 34703
34786 34887
34980 35230
35233 35528
35609 35791
35803 35928
35931 35933
36059 36165
36168 36368
36371 36373
36415 36524
36527 36640
36704 37017
37020 37097
37100 37170
37173 37277
37281 37359
37375 37597
37601 37603
37718 37968
37971 38067
38093 38262
38266 38399
38511 38723
38747 38810
38813 39116
39119 39200
39211 39309
39312 39486
39489 39579
39622 39790
39793 39795
39801 39879
39900 40029
40032 40052
40055 40142
40289 40390
40395 40576
40580 40763
40792 41088
41181 41336
41407 41476
41480 41675
41678 41697
41700 41717
41724 41750
41806 41873
41876 41966
42053 42175
42178 42354
42427 42544
42549 42551
42785 42832
42836 42919
42924 43040
43043 43157
43162 43430
43495 43554
43560 43657
43759 43992
43995 44142
44149 44267
44334 44398
44401 44502
44507 44607
44635 44744
44822 44975
45004 45244
45285 45337
45353 45405
45408 45507
45543 45731
45776 46032
46129 46287
46313 46479
46529 46762
46790 46873
46877 46947
46996 47145
47148 47229
47286 47311
47317 47413
47416 47438
47441 47474
47482 47485
47607 48068
48120 48318
48352 48490
48493 48495
48567 48754
48792 48909
48913 48915
48954 49171
49196 49337
49352 49489
49506 49746
49834 49973
50028 50141
50144 50239
50242 50405
50457 50658
50666 50816
50906 51253
51259 51346
51467 51523
51562 51620
51656 51840
51865 52166
52230 52309
52355 52496
52510 52637
52647 53091
53095 53187
53245 53334
53346 53350
53355 53492
53495 53496
53578 53749
53768 53872
53875 54001
54004 54006
54103 54158
54186 54310
54319 54415
54445 54558
54617 54790
54793 54910
54927 54995
55050 55358
55361 55562
55598 55690
55720 55867
55870 56107
56148 56202
56205 56508
56517 56585
56588 56711
56781 57214
57270 57450
57453 57596
57632 57777
57839 57955
57964 58035
58038 58129
58143 58413
58416 58569
58576 58643
58646 58648
58786 58984
59020 59104
59107 59190
59218 59444
