5 126
174 453
456 659
734 977
1009 1462
1571 1632
1682 1789
1793 1873
2042 2043
2048 2336
2412 2447
2450 2682
2716 2884
2887 3057
3158 3285
3413 3493
3536 3622
3667 3874
3877 3880
3972 4427
4492 4711
4758 4914
4918 5067
5135 5356
5412 5549
5628 5664
5667 5745
5787 5898
5934 6026
6061 6149
6190 6302
6565 6813
6884 7114
7165 7385
7518 7813
7871 8061
8064 8207
8442 8655
8697 8836
8839 8961
9167 9345
9425 9590
9598 9706
9756 9932
9953 10052
10085 10139
10143 10269
10350 10498
10507 10748
10921 11112
11139 11246
11289 11441
11489 11592
11782 11926
11979 12116
12119 12453
12462 12560
12791 12822
12846 13035
13038 13104
13155 13557
13765 13937
13940 14038
14099 14299
14302 14460
14594 14748
14797 15047
15187 15249
15282 15367
15401 15555
15597 15749
15801 15955
15967 16085
16132 16316
16331 16354
16388 16459
16487 16594
16597 16723
16765 17007
17148 17341
17396 17521
17525 17646
17871 17964
17996 18063
18104 18330
18394 18512
18563 18682
18685 19035
19349 19452
19497 19809
19905 20041
20073 20301
20304 20469
20472 20560
