124 330
364 513
539 673
703 982
1090 1223
1230 1387
1415 1547
1573 1828
1885 1903
1910 2342
2376 2471
2474 2785
2877 2938
2967 3266
3302 3598
3689 3903
3996 4223
4288 4433
4436 4570
4650 4716
4764 4926
4969 5074
5077 5191
5279 5345
5372 5448
5456 5614
5690 5930
5974 6073
6080 6294
6330 6434
6459 6630
6731 6840
6843 6870
6888 6932
6964 7314
7393 7692
7705 7905
7927 8030
8060 8338
8352 8472
8570 8632
8635 8959
9035 9106
9149 9291
9320 9436
9517 9663
9696 9815
9865 10047
10079 10421
10514 10617
10620 10744
10774 10949
11041 11391
11419 11570
11573 11627
11713 12000
12014 12166
12196 12370
12397 12523
12541 12712
12833 13008
13013 13209
13226 13359
13395 13474
13502 13627
13762 13926
13958 14135
14142 14222
14286 14618
14698 14883
14915 15118
15185 15523
15584 15799
15802 16028
16088 16165
16168 16295
16338 16660
16741 16955
17055 17362
17365 17521
17607 17869
17872 17978
18053 18222
18225 18320
18362 18579
18650 19008
19028 19101
19107 19337
19341 19360
19367 19432
19435 19609
19706 19846
19860 20132
20153 20385
20511 20622
20703 20872
20892 21068
21143 21466
21469 21471
21552 21598
21635 21839
21848 21850
21873 21934
21937 22047
22054 22097
22128 22312
22372 22664
22669 22671
22710 22755
22758 22830
22877 22946
23002 23154
23157 23158
23246 23293
23318 23477
23524 23778
23831 24027
24077 24198
24218 24345
24348 24351
24448 24525
24528 24630
24639 24641
24743 24931
25032 25151
25192 25230
25250 25295
25298 25388
25391 25504
25575 25820
25909 26054
26084 26203
26206 26319
26337 26645
26750 27097
27144 27411
27425 27737
27826 28358
28419 28675
28683 28798
28840 28871
28874 29071
29107 29370
29471 29698
29781 29844
29847 30042
30045 30121
30158 30370
30423 30535
30554 30705
30758 30967
31050 31305
31404 31659
31699 31789
31812 31896
31912 32025
32065 32244
32249 35641
35792 35857
35871 36187
36286 36414
36441 36477
36549 36673
36696 36942
36967 37208
37283 37317
37361 37561
37601 37833
37914 38039
38059 38478
38555 38596
38625 38805
38837 38909
38969 38971
38982 39230
39283 39436
39439 39441
39594 39816
39824 40027
40089 40299
40303 40412
40436 40522
40559 40703
40706 40807
40888 41269
41283 41359
41362 41465
41578 41696
41699 41810
41847 41987
42009 42299
42319 42522
42609 43077
43114 43374
43379 43381
43494 43557
43560 43623
43643 43841
43870 44047
44112 44495
44540 44794
44798 44834
44838 45001
45069 45071
45081 45108
45118 45207
45271 45356
45359 45361
45448 45507
45517 45606
45728 45773
45801 46242
46309 46506
46527 46654
46683 46948
46959 46961
47074 47136
47139 47225
47290 47399
47406 47518
47538 47778
47818 48024
48088 48375
48378 48380
48482 48592
48617 48884
48922 49019
49022 49134
49138 49140
49261 49414
49417 49640
49725 49926
49929 50072
50111 50331
50357 50631
50639 50641
50716 50849
50896 51124
51141 51399
51408 51508
51517 51668
51740 51903
51972 52062
52083 52403
52432 52516
52519 52784
52789 52791
52944 53056
53060 53390
53416 53606
53660 53741
53759 53761
53777 53848
53878 53946
54009 54011
54148 54173
54176 54298
54325 54414
54417 54561
54655 54807
54828 55001
55004 55466
55548 55677
55714 55924
55941 56049
56182 56386
56411 56542
56552 56624
56671 56746
56758 56811
56814 56865
56877 56909
56940 56942
56946 56999
57024 57133
57136 57246
57370 57578
57590 57592
57653 57746
57749 57817
