85 237
272 411
445 547
560 685
711 775
799 892
980 982
1061 1227
1256 1434
1466 1566
1598 1698
1729 1913
1999 2001
2066 2170
2200 2284
2311 2435
2460 2578
2608 2792
2955 2957
2998 3068
3097 3257
3310 3483
3513 3609
3638 3796
3868 3870
3910 4007
4025 4139
4175 4280
4308 4368
4375 4491
4525 4586
4609 4737
4799 4801
4842 4903
4924 5031
5077 5255
5285 5521
5562 5682
5720 5818
5839 5938
5987 5988
6045 6206
6225 6351
6354 6378
6381 6530
6575 6760
6786 6788
6810 6904
6938 7073
7099 7169
7173 7229
7274 7493
7503 7554
7557 7612
7711 7713
7774 7936
7975 8167
8191 8351
8365 8455
8492 8495
8533 8617
8620 8701
8706 8775
8814 8898
8936 9123
9156 9311
9368 9370
9454 9570
9598 9869
9907 10065
10098 10216
10297 10355
10386 10552
10624 10626
10665 10773
10819 10988
11022 11199
11232 11363
11372 11410
11413 11502
11587 11588
11642 11698
11727 11792
11810 11877
11892 12093
12169 12357
12363 12454
12511 12513
12579 12697
12704 12826
12858 12958
12990 13145
13175 13350
13353 13410
13536 13538
13608 13700
13729 13848
13898 14004
14042 14147
14176 14294
14317 14427
14480 14482
14535 14671
14709 14866
14912 14960
14973 15040
15043 15128
15171 15297
15336 15338
15387 15436
15448 15529
15565 15644
15692 15796
15839 15912
15919 16043
16078 16197
16261 16263
16312 16404
16436 16593
16596 16745
16787 16861
16886 16956
16981 17153
17242 17245
17295 17411
17424 17494
17524 17589
17623 17763
17805 17861
17888 18138
18256 18257
18309 18512
18554 18798
18845 18975
19061 19063
19101 19168
19195 19291
19317 19425
19455 19602
19635 19811
19844 19933
19967 19970
20023 20215
20259 20499
20536 20707
20712 20802
20881 20882
20935 21061
21096 21179
21206 21338
21363 21498
21502 21592
21640 21795
21880 21882
21939 22025
22053 22268
22298 22375
22399 22596
22643 22645
22709 22814
22838 22941
22968 23135
23156 23432
23474 23476
23534 23678
23702 23772
23798 23889
23943 24042
24072 24275
24355 24357
24421 24643
24688 24879
24913 24982
24986 25050
25077 25207
25255 25257
25304 25590
25595 25622
25658 25761
25765 25901
25941 26051
26056 26178
26268 26270
26316 26370
26403 26504
26538 26680
26703 26818
26854 27126
27131 27174
27274 27276
27324 27373
27385 27483
27486 27613
27644 27718
27784 27872
27877 27959
27991 28133
28230 28232
28266 28332
28352 28431
28442 28522
28561 28744
28780 28899
28926 29020
29043 29155
29211 29213
29286 29347
29358 29520
29550 29651
29662 29744
29787 29884
29889 29989
30042 30045
30102 30225
30262 30480
30551 30697
30727 30917
30993 30995
31048 31150
31184 31341
31388 31593
31639 31762
31924 31926
31994 32179
32258 32405
32442 32534
32577 32810
32813 33064
33105 33107
33143 33241
33245 33332
33335 33389
33435 33519
33545 33603
33607 33701
33716 33746
33749 33823
33899 33901
33956 34139
34173 34303
34344 34449
34454 34590
34718 34720
34756 34836
34873 35012
35067 35331
35369 35526
35529 35585
35649 35651
35713 35850
35862 35961
35969 35975
36036 36156
36181 36272
36342 36458
36465 36555
36605 36607
36662 36761
36764 36856
36891 36973
37038 37157
37160 37279
37315 37431
37493 37495
37543 37593
37597 37740
37775 37981
38023 38193
38262 38263
38308 38453
38479 38545
38569 38635
38663 38845
38876 39047
39161 39163
39200 39397
39429 39526
39539 39637
39677 39759
39762 39842
39868 39984
39988 40072
40211 40213
40253 40337
40386 40451
40486 40573
40589 40675
40707 40790
40823 40915
40999 41001
41036 41230
41279 41476
41520 41747
41799 41801
41845 42117
42156 42380
42419 42625
42705 42707
42759 42920
42969 43025
43039 43187
43190 43310
43348 43453
43470 43615
43711 43713
43787 43872
43876 44109
44143 44187
44214 44349
44355 44402
44427 44560
44642 44645
44693 44745
44749 44854
44893 45182
45225 45408
45443 45445
45496 45668
45679 45761
45795 46031
46087 46088
46140 46198
46235 46404
46432 46489
46492 46621
46692 46695
46743 46843
46883 47015
47057 47254
47288 47515
47574 47576
47640 47761
47768 47871
47913 48023
48029 48139
48176 48300
48318 48320
48435 48555
48599 48646
48679 48906
48912 49022
49061 49217
49312 49313
49360 49546
49577 49653
49665 49754
49757 49822
49827 49912
49949 50021
50031 50156
50164 50275
50311 50313
50380 50584
50622 50800
50838 50893
50921 51195
51255 51257
51287 51362
51399 51562
51602 51802
51835 51905
51911 51979
51985 52172
52224 52226
52279 52348
52357 52456
52478 52562
52573 52739
52772 52937
52964 53179
53418 53420
53473 53646
53684 53796
53800 53933
53974 54093
54096 54172
54218 54220
54267 54335
54377 54556
54620 54685
54689 54838
54850 54984
55056 55057
55110 55197
55219 55320
55324 55367
55399 55517
55549 55640
55647 55780
55815 55906
55909 55981
55984 56027
56093 56095
56152 56216
56219 56364
56393 56466
56492 56550
56577 56641
56644 56700
56735 56843
56848 56953
56997 57247
57318 57320
57378 57428
57432 57541
57583 57695
57724 57774
57799 57976
58024 58169
58231 58232
58321 58371
58374 58420
58423 58593
58637 58770
58773 58857
58888 59082
59091 59227
