92 280
291 447
454 574
585 727
757 825
830 928
1118 1120
1167 1344
1357 1538
1582 1702
1722 1820
1864 2085
2181 2182
2303 2415
2443 2540
2563 2708
2711 2836
2869 3058
3143 3145
3223 3299
3306 3474
3485 3782
3828 4015
4149 4151
4242 4365
4397 4525
4557 4681
4709 4766
4769 4904
4935 5006
5009 5154
5243 5245
5301 5489
5536 5724
5735 6006
6061 6207
6244 6341
6374 6492
6599 6601
6714 6883
6904 7037
7068 7260
7298 7539
7637 7638
7797 7884
7916 8176
8227 8305
8338 8612
8742 8745
8882 9056
9091 9315
9351 9501
9516 9606
9718 9720
9776 9950
9953 10017
10026 10114
10120 10266
10286 10344
10382 10562
10712 10713
10751 10996
11000 11193
11237 11438
11452 11589
11630 11711
11714 11846
11857 11968
12017 12020
12094 12220
12262 12338
12341 12407
12414 12499
12532 12601
12620 12751
12788 12872
12881 12958
12961 13000
13006 13065
13069 13120
13199 13201
13293 13353
13360 13428
13439 13519
13535 13671
13674 13750
13801 14033
14058 14156
14243 14245
14306 14454
14464 14595
14605 14729
14761 14939
14966 15056
15060 15183
15318 15320
15391 15484
15487 15610
15637 15837
15849 15977
16010 16119
16206 16207
16234 16397
16411 16502
16505 16599
16631 16818
16843 16974
17093 17095
17182 17246
17251 17337
17343 17424
17457 17587
17610 17700
17723 17890
17919 18042
18162 18163
18231 18335
18341 18668
18711 18800
18823 18991
19086 19088
19200 19397
19438 19511
19545 19693
19716 19838
19841 19936
19939 19991
19994 20089
20255 20257
20345 20531
20544 20620
20662 20891
20894 20983
21018 21070
21073 21178
21255 21257
21358 21440
21451 21567
21596 21887
21923 22021
22024 22144
22173 22236
22246 22299
22424 22426
22706 22763
22769 22936
22971 23093
23103 23264
23273 23422
23425 23505
23527 23625
23749 23751
23876 24009
24050 24273
24283 24342
24347 24448
24453 24547
24578 24725
24818 24820
24865 24967
24987 25110
25117 25248
25263 25350
25383 25613
25712 25713
25784 25900
25911 26022
26026 26226
26233 26329
26332 26533
26649 26651
26788 26879
26889 26964
26970 27053
27056 27148
27188 27307
27338 27494
27498 27602
27705 27707
27773 28024
28076 28308
28347 28434
28441 28519
28537 28695
28861 28863
28915 29138
29147 29244
29276 29390
29393 29530
29567 29746
29749 29843
29924 29926
30110 30163
30174 30283
30307 30449
30458 30581
30623 30704
30710 30788
30794 30881
30912 30990
30993 31042
31193 31195
31247 31295
31299 31583
31635 31723
31727 31773
31780 31837
31869 32018
32143 32145
32185 32375
32410 32577
32619 32740
32748 32849
32879 33006
33056 33057
33117 33408
33439 33571
33575 33676
33715 33914
33919 33991
34043 34045
34149 34293
34306 34439
34442 34614
34649 34815
34847 34959
34962 35074
35193 35195
35240 35354
35369 35562
35577 35651
35654 35856
35893 36071
36168 36170
36221 36411
36428 36584
36587 36690
36741 36850
36853 37040
37045 37371
37468 37470
37543 37656
37663 37826
37873 37958
37972 38046
38050 38150
38174 38300
38387 38388
38483 38697
38722 38890
38937 39047
39071 39236
39330 39332
39401 39503
39509 39671
39687 39993
40044 40241
40247 40325
40461 40463
40504 40656
40659 40812
40815 40905
40937 41065
41069 41163
41249 41251
41334 41545
41590 41673
41693 41924
41961 42018
42026 42142
42230 42232
42305 42357
42360 42520
42533 42644
42647 42782
42824 42883
42886 43061
43174 43176
43235 43433
43480 43564
43567 43645
43657 43889
43923 44108
44199 44201
44258 44501
44533 44781
44786 44886
44918 45109
45121 45311
45362 45363
45422 45497
45502 45573
45608 45711
45727 45829
45870 45968
45979 46084
46230 46232
46303 46530
46562 46815
46853 47144
47199 47201
47218 47281
47285 47537
47588 47701
47707 47841
47880 48014
48024 48152
48212 48213
48299 48486
48528 48587
48590 48756
48761 48893
48938 49065
49081 49232
49342 49345
49406 49501
49504 49745
49778 49838
49868 50018
50021 50083
50088 50233
50293 50295
50338 50618
50648 50706
50709 50888
50923 51138
51212 51213
51287 51515
51535 51637
51665 51801
51809 51944
51999 52001
52077 52154
52179 52392
52425 52652
52737 52738
52787 52913
52935 53071
53109 53362
53365 53432
53461 53632
53699 53701
53777 53917
53932 54055
54095 54229
54251 54383
54408 54538
54605 54607
54650 54812
54822 55013
55025 55161
55190 55348
55388 55548
55611 55613
55691 55859
55862 56108
56115 56201
56251 56464
56474 56582
56674 56676
56741 56990
57043 57274
57321 57388
57392 57560
57588 57719
57799 57801
57882 57961
57990 58185
58223 58337
58340 58449
58500 58597
58607 58684
58689 58821
58824 58878
58955 58957
59123 59326
59348 59603
59633 59812
59815 60042
