106 258
290 435
456 562
574 757
773 875
918 920
1035 1194
1210 1382
1412 1522
1537 1631
1663 1870
1968 1970
2002 2117
2146 2253
2277 2416
2426 2555
2581 2754
2774 2776
2844 2915
2935 3092
3124 3377
3404 3569
3605 3607
3667 3766
3777 3908
3939 4052
4059 4204
4215 4405
4430 4432
4524 4586
4605 4712
4749 4927
4933 5172
5206 5323
5352 5460
5475 5568
5618 5620
5677 5848
5861 6166
6200 6414
6456 6457
6505 6591
6622 6765
6792 6909
6950 7061
7064 7269
7299 7301
7383 7539
7570 7768
7809 8040
8087 8088
8141 8347
8378 8644
8666 8827
8892 8895
8907 9021
9036 9126
9144 9306
9337 9496
9524 9646
9677 9748
9771 9962
9993 9995
10073 10182
10214 10386
10412 10572
10583 10698
10701 10738
10746 10831
10893 10895
10955 11008
11027 11163
11176 11348
11360 11456
11461 11644
11649 11651
11793 11919
11942 12074
12090 12197
12230 12396
12413 12512
12515 12558
12561 12615
12718 12720
12774 12872
12879 12994
13025 13126
13162 13259
13264 13379
13405 13497
13531 13532
13659 13794
13826 13977
14001 14161
14171 14284
14305 14307
14360 14579
14606 14722
14753 14841
14844 14983
14998 15115
15168 15170
15224 15323
15350 15648
15682 15830
15843 15907
15910 16007
16043 16045
16132 16301
16334 16399
16433 16585
16615 16797
16824 16879
16884 16974
17081 17082
17134 17345
17372 17451
17476 17660
17672 17786
17799 17801
17872 17937
17969 18078
18101 18220
18236 18381
18405 18583
18606 18653
18661 18714
18774 18776
18816 19023
19047 19287
19313 19579
19605 19607
19671 19799
19830 20016
20040 20237
20258 20419
20468 20470
20548 20642
20666 20890
20901 20983
21008 21213
21237 21238
21375 21485
21492 21589
21592 21765
21792 22008
22042 22045
22126 22266
22283 22351
22377 22472
22475 22570
22597 22792
22824 22826
22893 23131
23162 23375
23402 23541
23564 23707
23743 23745
23797 23858
23866 24086
24108 24294
24312 24429
24433 24478
24484 24564
24612 24613
24696 24742
24768 24871
24874 25063
25066 25108
25145 25449
25456 25503
25574 25576
25618 25671
25692 25797
25816 25981
26014 26096
26099 26143
26146 26195
26215 26359
26362 26363
26423 26597
26620 26781
26808 26914
26927 27015
27056 27185
27211 27213
27285 27513
27542 27718
27744 27932
28028 28173
28192 28421
28450 28600
28628 28845
28874 28876
28948 29056
29090 29252
29279 29489
29515 29674
29743 29745
29813 29993
30024 30248
30279 30369
30393 30544
30574 30844
30924 30926
31094 31358
31391 31474
31477 31645
31652 31739
31799 31801
31895 32234
32262 32383
32393 32544
32574 32576
32658 32744
32767 32912
32943 33250
33276 33463
33466 33535
33580 33582
33647 33791
33807 33972
34008 34117
34134 34341
34374 34376
34441 34557
34578 34680
34706 34796
34823 35037
35057 35196
35199 35201
35258 35316
35331 35478
35503 35719
35747 35924
35930 35932
35994 36170
36202 36289
36309 36382
36404 36623
36645 36814
36830 36832
36896 37104
37132 37314
37326 37474
37503 37690
37693 37695
37812 37873
37905 37984
38010 38115
38136 38240
38252 38355
38364 38464
38481 38482
38573 38782
38811 39025
39050 39323
39349 39351
39431 39696
39724 39948
39969 40196
40243 40245
40366 40543
40575 40791
40795 40923
40959 41077
41096 41234
41262 41263
41317 41403
41412 41633
41659 41705
41717 41857
41865 41923
41941 42082
42171 42234
42242 42495
42520 42683
42705 42874
42936 42938
43020 43216
43222 43307
43337 43475
43486 43597
43617 43620
43709 43789
43805 43984
44006 44222
44299 44301
44373 44496
44524 44678
44705 45026
45029 45164
45193 45195
45276 45522
45555 45761
45765 45883
45899 45901
45966 46113
46142 46555
46596 46719
46727 46772
46855 46857
46915 47091
47113 47370
47378 47464
47497 47718
47730 47832
47868 47870
47923 48150
48176 48369
48400 48717
48762 48763
48833 48915
48948 49122
49143 49351
49391 49467
49489 49552
49556 49658
49663 49701
49751 49826
49830 49943
49955 50207
50230 50381
50399 50579
50637 50638
50668 50857
50884 51030
51038 51144
51173 51297
51305 51384
51442 51445
51479 51605
51631 51797
51819 52027
52037 52175
52193 52195
52284 52376
52402 52642
52667 52913
52935 53164
53181 53182
53294 53413
53447 53555
53560 53635
53678 53754
53774 53827
53837 53913
53958 54166
54196 54434
54468 54470
54549 54693
54720 54832
54849 54901
54930 55040
55062 55147
55157 55301
55356 55357
55407 55515
55523 55713
55735 55958
55986 56170
56173 56216
56219 56303
56318 56320
56391 56588
56600 56709
56745 56866
56881 57182
57206 57323
57387 57388
57452 57532
57551 57676
57684 57786
57813 57925
57945 58102
58133 58276
58324 58326
58389 58546
58549 58796
58827 58912
58944 59104
59114 59282
