77 236
277 419
457 554
591 760
780 867
918 920
1009 1083
1086 1178
1203 1283
1286 1397
1429 1535
1568 1659
1688 1739
1742 1831
1834 1885
1987 1988
2095 2190
2236 2330
2380 2452
2455 2522
2553 2630
2633 2685
2726 2904
2986 2988
3066 3142
3186 3346
3367 3531
3557 3660
3695 3867
3967 3970
4051 4153
4180 4318
4367 4492
4523 4677
4725 4885
4906 4907
4976 5042
5058 5164
5229 5390
5437 5670
5740 5866
5914 6018
6041 6137
6180 6182
6318 6475
6504 6787
6867 6942
6945 7097
7149 7151
7220 7325
7379 7511
7514 7647
7729 7974
7980 8084
8137 8138
8218 8404
8443 8650
8712 8977
9030 9032
9108 9263
9266 9325
9363 9630
9670 9846
9880 9882
9997 10100
10103 10203
10226 10395
10470 10626
10652 10763
10858 10926
10929 11119
11193 11195
11257 11294
11328 11430
11478 11659
11712 11766
11792 11922
12001 12132
12157 12197
12217 12309
12368 12370
12451 12512
12535 12598
12601 12680
12710 12875
12933 13015
13049 13174
13181 13277
13331 13332
13441 13556
13560 13672
13698 13803
13858 14017
14081 14165
14169 14240
14245 14302
14380 14382
14488 14596
14606 14743
14769 14843
14848 14914
14990 15105
15143 15268
15310 15432
15524 15526
15635 15795
15847 16010
16055 16243
16279 16399
16418 16420
16489 16555
16593 16735
16792 16912
16963 17045
17058 17183
17216 17329
17362 17363
17466 17565
17594 17891
17920 17996
18025 18184
18217 18220
18331 18498
18532 18601
18649 18793
18839 19015
19050 19175
19212 19213
19306 19519
19580 19770
19773 19850
19900 20047
20092 20095
20187 20269
20297 20413
20458 20580
20625 20790
20828 20917
20933 21059
21102 21213
21287 21288
21366 21591
21666 21945
21992 22262
22305 22307
22397 22551
22587 22920
22951 23051
23073 23230
23261 23263
23383 23469
23472 23584
23615 23730
23778 23863
23904 24121
24174 24176
24270 24374
24421 24531
24566 24754
24777 24909
24935 25080
25130 25132
25282 25418
25457 25536
25583 25672
25696 25794
25824 26030
26099 26101
26190 26429
26468 26657
26692 26821
26849 26997
27062 27063
27172 27443
27515 27725
27793 27906
27948 28084
28149 28151
28241 28287
28316 28413
28442 28593
28606 28737
28803 28943
28966 29101
29104 29155
29237 29238
29326 29381
29426 29693
29742 29904
29935 30083
30180 30182
30317 30435
30470 30571
30622 30775
30835 30947
30985 31098
31135 31259
31299 31301
31389 31625
31660 31783
31806 31873
31953 32179
32205 32207
32294 32432
32465 32570
32574 32720
32798 32940
32974 33171
33218 33220
33315 33448
33482 33656
33725 33935
33988 34137
34149 34151
34254 34449
34509 34632
34649 34756
34839 35073
35115 35405
35524 35526
35614 35772
35775 35838
35881 35952
35972 36024
36050 36221
36324 36326
36410 36547
36554 36633
36714 36850
36910 37031
37057 37210
37255 37257
37360 37451
37490 37627
37680 37987
38051 38225
38228 38307
38355 38357
38454 38598
38636 38712
38734 38842
38866 38976
39018 39134
39138 39227
39324 39326
39413 39533
39555 39655
39697 39784
39845 39960
39963 40085
40125 40292
40349 40351
40424 40476
40497 40657
40688 40912
40962 41154
41199 41201
41306 41481
41551 41630
41633 41703
41767 41984
42028 42198
42274 42276
42404 42623
42674 42856
42885 42972
42995 43274
43349 43351
43447 43536
43540 43613
43667 43871
43918 44021
44035 44141
44193 44195
44297 44516
44545 44766
44815 45076
45137 45138
45239 45448
45451 45536
45596 45823
45877 46102
46174 46176
46285 46482
46530 46732
46756 46880
46935 47068
47077 47225
47243 47245
47354 47451
47481 47708
47754 47803
47831 47968
47990 48048
48079 48219
48318 48320
48445 48620
48666 48784
48805 48913
48952 49082
49118 49303
49337 49338
49416 49545
49570 49674
49705 49818
49875 50001
50013 50135
50255 50257
50425 50491
50535 50629
50634 50748
50789 50847
50850 50917
50939 51035
51118 51120
51232 51363
51406 51551
51607 51739
51772 52008
52035 52202
52256 52257
52358 52509
52531 52669
52750 52890
52926 53074
53165 53311
53374 53376
53478 53653
53712 53773
53807 54050
54118 54242
54313 54467
54505 54507
54636 54794
54849 55080
55110 55206
55297 55497
55503 55608
55674 55676
55780 55856
55866 56036
56093 56207
56210 56306
56400 56464
56494 56640
56643 56755
56818 56820
56945 57023
57082 57181
57194 57287
57332 57556
57613 57679
57702 57960
58037 58038
58159 58237
58240 58348
58380 58467
58470 58532
58539 58647
58700 58855
58893 59097
