48 203
224 378
399 631
639 697
719 818
918 920
966 1128
1152 1329
1339 1442
1461 1554
1593 1794
1906 1907
1961 2063
2080 2131
2138 2163
2190 2310
2354 2401
2404 2484
2499 2659
2724 2726
2756 2830
2861 3019
3046 3092
3095 3234
3237 3330
3373 3527
3587 3588
3665 3758
3771 3889
3912 4019
4055 4224
4255 4324
4327 4435
4536 4538
4613 4680
4688 4785
4824 5014
5037 5281
5323 5439
5472 5569
5589 5694
5780 5782
5824 6008
6021 6184
6187 6351
6391 6459
6464 6593
6643 6645
6674 6763
6792 7078
7114 7298
7305 7366
7369 7463
7531 7532
7619 7789
7810 8029
8052 8278
8343 8345
8357 8508
8511 8570
8622 8894
8929 9100
9168 9170
9215 9422
9452 9622
9662 9838
9856 9974
10013 10267
10324 10326
10367 10502
10533 10618
10622 10748
10784 10870
10874 10966
11009 11143
11156 11191
11194 11278
11343 11345
11360 11421
11442 11592
11603 11798
11827 12042
12055 12143
12218 12220
12272 12388
12396 12518
12532 12624
12661 12822
12833 12922
12925 12998
13093 13095
13140 13239
13246 13381
13407 13520
13552 13773
13795 13895
13943 13945
13976 14129
14161 14337
14375 14552
14572 14700
14743 14745
14769 14966
14999 15118
15151 15242
15254 15393
15417 15518
15587 15588
15620 15719
15736 16088
16108 16187
16193 16380
16436 16438
16461 16636
16642 16715
16747 16893
16926 17126
17131 17256
17330 17332
17375 17599
17630 17827
17830 17895
17927 18058
18099 18101
18144 18217
18228 18344
18368 18490
18505 18648
18691 18861
18891 18982
19037 19038
19067 19257
19320 19578
19596 19856
19905 19907
19922 20062
20089 20413
20416 20505
20535 20656
20718 20720
20759 20842
20856 20971
20979 21094
21123 21198
21227 21393
21402 21457
21581 21582
21642 21734
21756 21867
21879 22051
22065 22323
22380 22382
22428 22566
22584 22657
22691 22843
22863 23067
23143 23361
23393 23570
23606 23737
23751 23879
23949 23951
23968 24157
24162 24259
24282 24485
24525 24648
24660 24784
24843 24845
24861 24913
24928 25037
25055 25197
25204 25315
25362 25653
25669 25712
25818 25820
25838 25987
25995 26215
26259 26431
26461 26596
26706 26707
26726 26914
26934 27099
27137 27262
27266 27362
27389 27505
27574 27576
27598 27839
27868 28072
28110 28331
28405 28407
28433 28574
28607 28847
28891 29052
29079 29277
29361 29363
29376 29501
29525 29703
29735 29937
29984 30123
30186 30188
30266 30471
30511 30554
30557 30639
30651 30759
30795 31053
31086 31359
31430 31432
31517 31645
31649 31709
31712 31765
31794 32058
32161 32163
32217 32417
32422 32556
32591 32705
32725 32877
32911 32913
32954 33047
33078 33216
33261 33540
33581 33680
33712 33814
33817 33882
33974 33976
34035 34203
34209 34386
34397 34486
34517 34625
34632 34709
34762 34763
34795 34903
34926 35023
35041 35117
35188 35305
35322 35434
35447 35573
35617 35620
35628 35824
35830 36028
36066 36230
36268 36270
36300 36462
36483 36560
36573 36637
36677 36866
36899 37057
37093 37095
37154 37349
37381 37561
37596 37791
37825 37964
38043 38045
38099 38178
38205 38270
38295 38408
38422 38522
38554 38650
38668 38765
38806 38807
38848 39062
39087 39290
39318 39550
39611 39613
39656 39924
39960 40187
40212 40306
40310 40415
40474 40476
40529 40712
40741 40951
40955 41089
41127 41258
41274 41406
41474 41476
41519 41826
41851 42030
42046 42097
42112 42230
42287 42288
42315 42562
42594 42816
42859 43020
43055 43057
43077 43374
43391 43510
43514 43629
43699 43701
43758 43824
43850 44033
44086 44252
44337 44338
44368 44470
44483 44608
44639 44764
44776 44860
44888 45103
45192 45195
45228 45450
45498 45718
45746 45866
45918 45920
45951 46098
46120 46282
46301 46422
46427 46536
46586 46742
46793 46864
46891 46972
46998 47237
47249 47335
47379 47569
47572 47672
47718 47720
47756 47964
47992 48166
48206 48409
48412 48515
48581 48582
48612 48688
48717 48893
48923 49130
49176 49295
49317 49483
49605 49607
49662 49831
49858 50086
50115 50460
50536 50538
50580 50760
50782 51060
51091 51209
51218 51293
51324 51326
51366 51649
51685 51909
51916 52067
52180 52182
52210 52290
52303 52534
52563 52780
52821 53046
53068 53070
53106 53241
53248 53342
53350 53424
53459 53525
53542 53598
53609 53672
53711 53919
53971 54102
54105 54128
54132 54223
54293 54295
54376 54540
54548 54673
54678 54734
54751 54774
54780 54863
54874 54960
54976 55120
55187 55188
55229 55333
55349 55538
55568 55781
55824 56010
56016 56150
56224 56226
56263 56454
56491 56588
56609 56722
56759 56963
56984 57063
57097 57186
57268 57270
57300 57372
57392 57595
57626 57715
57730 57868
57898 58043
58106 58107
58143 58298
58301 58407
58418 58564
58590 58689
58731 58811
58831 58930
58955 59113
59211 59213
59232 59319
59327 59454
59486 59614
59617 59654
59671 59749
59776 59843
59864 59915
59922 60004
