78 230
257 400
427 657
663 723
732 818
984 986
1206 1365
1383 1539
1557 1657
1673 1761
1786 1971
2127 2128
2234 2337
2355 2456
2476 2617
2630 2749
2770 2839
2843 2962
3170 3173
3286 3347
3358 3516
3540 3778
3799 3962
4142 4143
4277 4379
4387 4507
4540 4637
4663 4807
4830 4992
5207 5210
5407 5462
5475 5571
5603 5974
6018 6145
6173 6265
6283 6381
6552 6553
6708 6861
6881 7154
7206 7428
7589 7592
7707 7812
7832 8063
8132 8441
8641 8643
8869 9024
9056 9238
9257 9493
9666 9668
9765 9977
10007 10138
10143 10268
10296 10464
10647 10648
10787 11117
11169 11432
11472 11537
11553 11742
11905 11908
12039 12157
12185 12389
12417 12568
12591 12730
12735 12769
12772 12859
12990 12992
13142 13201
13204 13494
13504 13602
13614 13710
13719 13807
14036 14038
14128 14339
14357 14462
14482 14639
14664 14761
14764 14859
14907 14908
15010 15191
15200 15302
15352 15539
15554 15659
15829 15832
15968 16109
16159 16322
16360 16530
16563 16685
16745 16752
16917 16918
17039 17207
17235 17340
17375 17447
17465 17587
17621 17749
17900 17903
18020 18116
18131 18402
18407 18471
18501 18671
18896 18898
19040 19184
19205 19269
19292 19416
19449 19753
19863 19865
19975 20181
20211 20449
20476 20623
20807 20808
20960 21033
21060 21166
21209 21451
21480 21665
21696 21805
22004 22007
22219 22394
22436 22677
22698 22952
23117 23118
23244 23361
23383 23688
23705 23781
23813 23966
24188 24191
24323 24537
24551 24667
24688 24763
24785 24989
25132 25133
25256 25375
25394 25666
25688 25954
26022 26025
26142 26287
26291 26355
26382 26532
26553 26767
26956 26958
27117 27335
27365 27552
27599 27722
27745 27888
28071 28073
28232 28493
28533 28749
28775 28896
28902 29023
29245 29247
29381 29426
29454 29542
29570 29785
29827 30102
30329 30331
30486 30535
30553 30785
30850 31008
31037 31187
31401 31403
31569 31756
31795 31956
32018 32032
32041 32123
32151 32254
32286 32405
32607 32608
32740 32960
32975 33161
33207 33436
33636 33638
33806 33933
33955 34224
34272 34405
34421 34620
34819 34822
35003 35108
35134 35296
35334 35532
35570 35739
35971 35973
36134 36309
36350 36389
36399 36454
36457 36595
36646 37098
37371 37373
37459 37639
37646 37675
37679 37717
37745 37873
37888 37972
37983 38010
38018 38103
38185 38187
38402 38714
38755 38852
38876 39019
39290 39292
39408 39486
39495 39623
39643 39897
39928 40090
40093 40165
40352 40353
40544 40684
40700 40768
40780 40845
40873 40961
40986 41159
41391 41393
41523 41700
41742 41820
41855 42043
42078 42204
42380 42383
42536 42705
42725 42934
42972 43018
43027 43165
43325 43327
43504 43681
43721 43804
43824 43895
43917 44100
44131 44295
44491 44493
44600 44806
44833 45007
45015 45363
45556 45558
45679 45744
45765 45840
45866 45962
45974 46066
46092 46179
46204 46295
46479 46481
46649 46850
46861 47070
47102 47342
47544 47546
47708 47978
48016 48045
48048 48243
48270 48469
48642 48643
48742 48902
48924 49109
49112 49222
49242 49345
49353 49482
49496 49498
49704 50000
50041 50090
50105 50244
50261 50312
50330 50450
50697 50700
50831 50878
50881 51249
51279 51446
51643 51645
51821 52105
52125 52358
52632 52633
52760 52831
52857 53027
53054 53256
53478 53481
53597 53706
53727 53851
53886 54064
54088 54331
54465 54467
54654 54772
54778 54880
54912 55026
55030 55136
55162 55287
55534 55536
55661 55788
55817 56165
56218 56357
56502 56503
56673 56827
56853 56961
56971 57148
57190 57351
57354 57450
57643 57646
57754 57941
57983 58148
58201 58372
58413 58518
58682 58683
58829 58896
58929 59099
59139 59334
59368 59482
59495 59655
59872 59875
59985 60161
60171 60402
60425 60569
60594 60627
60642 60845
60947 60948
61062 61227
61264 61491
61542 61651
61679 61757
62026 62028
62208 62428
62476 62785
63036 63038
63176 63461
63499 63715
63753 63963
64171 64173
64336 64553
64557 64617
64633 64683
64695 64743
64749 64802
64842 65028
65061 65316
65504 65507
65641 65782
65814 65924
65934 65994
66016 66103
66151 66231
66258 66396
66606 66608
66814 67231
67234 67261
67298 67458
67475 67607
67902 67903
68049 68126
68136 68320
68343 68444
68471 68717
68720 68811
69018 69021
69114 69340
69346 69423
69441 69550
69578 69707
69949 69951
70175 70299
70302 70530
70556 70629
70668 70821
70841 70987
71191 71193
71306 71451
71460 71554
71582 71795
71831 72002
72191 72193
72315 72569
72589 72902
72923 73054
73131 73133
73224 73317
73324 73432
73457 73734
73784 73980
74185 74187
74306 74436
74466 74675
74700 74966
75132 75133
75283 75426
75465 75562
75582 75785
75821 75909
75915 76003
76194 76197
76393 76503
76516 76606
76632 76940
76956 77038
77222 77223
77349 77620
77647 77733
77739 77808
77830 77895
77909 78019
78192 78195
78385 78538
78567 78907
79146 79148
79324 79413
79430 79519
79542 79982
80217 80218
80346 80601
80605 80681
80700 80822
81027 81030
81149 81384
81410 81825
82022 82023
82167 82235
82256 82335
82353 82497
82528 82768
82970 82973
83058 83215
83240 83337
83340 83489
83510 83678
83780 83782
83954 84085
84111 84205
84208 84554
84770 84772
84930 85026
85048 85157
85175 85276
85292 85374
85391 85484
85511 85666
85890 85892
86024 86112
86143 86377
86404 86590
86840 86842
87060 87196
87212 87293
87320 87424
87446 87494
87497 87564
87570 87655
87894 87896
88067 88242
88307 88432
88435 88674
88850 88852
88982 89222
89251 89428
89455 89664
89874 89876
89988 90034
90038 90175
90202 90341
90369 90489
90517 90666
90854 90856
91047 91389
91427 91550
91566 91646
91671 91799
92021 92023
92173 92410
92413 92555
92586 92750
92756 92837
92865 93047
93268 93270
93382 93631
93670 93811
93834 94053
94247 94248
94330 94509
94524 94604
94608 94793
94818 95040
95108 95111
95257 95356
95368 95483
95490 95561
95588 95771
95800 95955
96141 96143
96395 96582
96601 96680
96683 96770
96801 97167
97376 97378
97511 97598
97622 97672
97675 97933
97974 98197
98389 98391
98585 98757
98782 98937
98974 99100
99120 99226
99257 99306
99329 99451
99463 99561
99729 99731
99929 100015
100045 100212
100248 100452
100481 100578
100762 100763
100957 101100
101103 101298
101334 101620
101787 101790
101944 102241
102268 102476
102520 102565
102568 102657
102670 102759
102942 102943
103103 103148
103164 103326
103341 103516
103519 103610
103795 103798
104024 104070
104090 104281
104293 104521
104524 104618
104822 104823
105034 105162
105220 105407
105410 105538
105567 105736
105896 105898
105958 106481
106510 106650
106720 106723
106931 107230
107267 107353
107356 107436
107466 107559
107573 107658
107880 107882
107988 108118
108151 108363
108408 108505
108548 108656
108682 108770
108887 108888
109014 109312
109348 109646
109863 109866
109985 110046
110064 110188
110208 110466
110505 110719
110918 110920
111011 111193
111214 111373
111419 111589
111610 111770
111958 111960
112054 112350
112382 112560
112574 112791
112913 112915
113079 113362
113400 113471
113488 113552
113578 113729
113948 113950
114104 114203
114228 114388
114414 114589
114620 114782
115059 115061
115251 115399
115423 115606
115640 115853
116149 116151
116317 116573
116608 116767
117004 117006
117105 117343
117375 117568
117575 117666
117692 117838
117973 117975
118032 118236
118252 118371
118390 118558
118577 118690
118706 118802
118947 118948
119165 119273
119311 119471
119533 119666
119717 119762
119772 119840
119860 119971
120178 120181
120388 120667
120688 120853
120886 121138
121352 121353
121605 121712
121742 121840
121867 121959
121980 122075
122100 122161
122176 122380
122612 122615
122719 122909
122937 122995
123005 123109
123130 123195
123204 123260
123277 123391
123587 123588
123701 123951
123956 124002
124005 124152
124201 124440
124647 124650
124763 124943
124977 125096
125112 125244
125268 125334
125352 125430
125597 125598
125766 125865
125879 125925
125950 126022
126039 126146
126179 126263
126281 126484
126722 126725
126904 126972
126998 127103
127121 127223
127245 127414
127427 127649
127832 127833
127921 128131
128156 128201
128218 128328
128347 128434
128454 128576
128588 128702
128955 128958
129125 129532
129576 129815
129985 129987
130060 130246
130266 130447
130467 130651
130668 130816
130937 130938
131278 131376
131380 131451
131475 131573
131603 131652
131691 131833
131862 132016
132228 132231
132364 132557
132564 132638
132660 132733
132762 132829
132847 132915
132934 133063
133307 133308
133600 133699
133719 133893
133921 134215
134506 134508
134689 134788
134808 135158
135192 135387
135549 135552
135669 135816
135838 135940
135977 136141
136166 136300
136508 136510
136629 136728
136745 136870
136892 137163
137453 137455
137601 137850
137884 138132
138395 138397
138582 138811
138837 139192
139444 139446
139641 139783
139797 139993
140018 140328
140597 140598
140799 140859
140880 140992
141018 141096
141143 141207
141222 141388
141620 141623
141723 142033
142054 142170
142198 142295
142319 142458
142577 142578
142753 142881
142903 143129
143161 143244
143267 143445
143613 143616
143791 143927
143942 144063
144083 144201
144228 144280
144291 144372
144393 144569
144845 144847
145021 145082
145100 145446
145475 145559
145598 145789
146005 146007
146265 146578
146610 146902
147221 147223
147427 147733
147756 148114
148331 148333
148552 148752
148783 148971
148979 149160
149364 149366
149602 149664
149690 149769
149802 149940
149962 150037
150061 150139
150163 150319
150572 150573
150724 150883
150904 151017
151042 151198
151217 151328
151598 151601
151752 151875
151898 152011
152023 152118
152176 152317
152339 152450
152628 152630
152825 152904
152927 153047
153071 153362
153604 153606
153744 153903
153912 154116
154138 154263
154268 154424
154515 154517
154792 155200
155228 155508
155741 155743
155997 156237
156258 156371
156396 156666
156918 156920
157223 157424
157453 157557
157565 157717
157742 157872
158161 158163
158327 158446
158461 158538
158564 158644
158653 158730
158745 158780
158798 158893
158896 158973
159188 159190
159396 159629
159658 159976
160021 160195
160483 160485
160705 160783
160807 161178
161217 161385
161609 161611
161845 161892
161910 161995
162017 162229
162264 162549
162816 162818
163015 163116
163134 163203
163238 163546
163558 163698
163989 163991
164151 164486
164504 164625
164649 164789
165003 165005
165179 165508
165552 165807
166029 166031
166125 166301
166322 166561
166592 166798
166920 166922
167104 167275
167295 167530
167565 167763
167994 167996
168156 168286
168308 168480
168501 168712
168738 168853
169128 169130
169309 169550
169583 169673
169678 169855
170059 170061
170255 170440
170443 170487
170535 170695
170715 170819
170845 170954
170969 171114
171217 171218
171411 171550
171571 171725
171744 171802
171823 172021
172252 172255
172396 172554
172585 172664
172690 172805
172825 173028
173195 173197
173310 173430
173450 173612
173639 173761
173785 173949
174157 174158
174408 174619
174638 174742
174768 174849
174861 175046
175230 175233
175387 175435
175441 175498
175508 175617
175638 175761
175783 175979
176214 176216
176445 176586
176589 176892
176922 176997
177022 177166
177405 177407
177538 177743
177756 177934
177960 178256
178441 178443
178567 178734
178737 178761
178779 179006
179027 179179
179337 179338
179475 179528
179547 179675
179684 179770
179778 179851
179858 179930
179958 180032
180035 180111
180163 180166
180271 180541
180569 180811
180833 180920
180924 180952
181064 181066
181153 181263
181272 181368
181406 181506
181521 181754
181777 181898
182008 182010
182185 182282
182337 182393
182409 182518
182534 182669
182697 182897
183036 183038
183145 183214
183224 183504
183533 183834
183948 183950
184022 184156
184188 184224
184244 184372
184401 184425
184466 184594
184689 184691
184810 185125
185160 185438
185572 185573
185659 185733
185752 185961
185964 186027
186056 186167
186176 186343
186457 186460
186536 186752
186773 187004
187030 187277
187296 187491
187608 187610
187713 187906
187929 188057
188086 188246
188272 188411
188551 188553
188639 188761
188781 188890
188921 189001
189013 189103
189124 189309
189337 189396
189399 189489
189655 189657
189784 189827
189845 189930
189953 190183
190208 190407
190430 190581
190750 190752
190862 191082
191096 191242
191272 191394
191555 191557
191644 191698
191712 191799
191806 191882
191903 192013
192023 192188
192211 192407
192514 192516
192620 192772
192791 193007
193036 193224
193243 193376
193453 193455
193552 193712
193745 193895
193919 194061
194084 194215
194230 194337
194481 194483
194568 194772
194798 195010
195035 195257
195405 195407
195506 195722
195740 195866
195897 196027
196054 196206
196327 196328
196411 196565
196584 196688
196708 196864
196886 197140
197243 197246
197340 197394
197412 197537
197558 197641
197663 197880
198009 198011
198155 198202
198232 198284
198289 198436
198452 198679
198697 198827
198962 198963
199052 199137
199158 199244
199250 199426
199450 199758
199910 199913
200003 200055
200073 200247
200262 200382
200385 200523
200552 200758
200911 200913
200991 201043
201065 201291
201311 201450
201470 201579
201583 201640
201784 201786
201882 202070
202088 202208
202237 202487
202646 202648
202683 203090
203115 203232
203270 203368
203503 203505
203608 203645
203664 204091
204211 204213
204306 204582
204599 204764
204884 204886
204989 205118
205151 205448
205622 205623
205709 205774
205789 205876
205898 206039
206061 206112
206115 206166
206183 206359
206534 206537
206634 206789
206792 206885
206908 207110
207130 207272
207295 207415
207534 207536
207667 207715
207737 207953
207961 208040
208049 208122
208125 208229
208338 208340
208409 208458
208473 208637
208661 208776
208802 208878
208891 208978
208999 209302
209420 209422
209553 209700
209719 209803
209827 209912
209920 210036
210058 210209
210224 210293
210419 210421
210487 210637
210669 210873
210889 210984
211003 211085
211104 211205
211290 211292
211388 211495
211515 211656
211685 211767
211789 211929
211952 212051
212178 212180
212312 212406
212421 212705
212708 213005
213129 213131
213240 213370
213397 213422
213433 213513
213516 213655
213674 213836
213937 213938
214009 214129
214144 214296
214314 214382
214385 214465
214486 214633
214779 214782
214857 215113
215141 215221
215245 215350
215366 215537
215657 215658
215730 215771
215799 215872
215878 216082
216113 216159
216165 216265
216288 216529
216595 216598
216695 216948
216979 217102
217141 217266
217298 217511
217636 217638
217722 217938
217979 218012
218044 218277
218310 218529
218673 218675
218804 218986
219016 219149
219175 219342
219359 219439
219445 219587
219701 219703
219793 220015
220047 220096
220109 220290
220342 220559
220697 220698
220828 221019
221053 221255
221274 221444
221548 221551
221677 221773
221777 221855
221876 221966
221986 222117
222152 222269
222304 222456
222559 222561
222665 222847
222852 222918
222937 223213
223341 223343
223488 223642
223665 223868
223889 223952
223967 224068
224107 224287
224413 224415
224493 224693
224696 224782
224791 224927
225036 225038
225134 225285
225308 225385
225416 225565
225580 225890
226045 226047
226175 226364
226377 226475
226492 226542
226549 226689
226725 226983
227123 227125
227210 227462
227490 227638
227666 227915
228026 228028
228125 228185
228213 228339
228368 228546
228573 228755
228828 228830
228939 228993
229013 229121
229133 229215
229231 229324
229360 229484
229499 229646
229805 229807
229900 230021
230047 230246
230272 230380
230401 230477
230546 230548
230673 230793
230810 230952
230966 231062
231080 231317
231361 231488
231605 231607
231705 231766
231784 231849
231868 231932
231935 232027
232058 232301
232487 232488
232682 233210
233241 233438
233606 233610
233711 233903
233925 234007
234033 234158
234183 234237
234261 234373
234496 234497
234575 234748
234779 234857
234873 235069
235092 235255
235388 235390
235502 235549
235570 235761
235775 236019
236050 236207
236347 236348
236442 236616
236644 236798
236834 236988
237011 237186
237212 237365
237481 237485
237611 237783
237810 238021
238051 238128
238139 238314
238447 238448
238601 238802
238808 238886
238917 239049
239070 239226
239238 239360
239529 239531
239651 239872
239895 240012
240039 240237
240270 240531
240662 240663
240755 240920
240942 241104
241118 241206
241218 241345
241368 241451
241568 241571
241669 241720
241741 242030
242062 242349
242551 242553
242697 242976
243005 243216
243234 243402
243417 243520
243618 243620
243665 243763
243781 243961
243976 244069
244093 244156
244164 244236
244253 244319
244341 244483
244580 244582
244675 244728
244754 244867
244877 245135
245169 245433
245451 245567
245787 245788
245937 246045
246051 246088
246097 246300
246334 246541
246567 246695
246846 246848
247009 247224
247267 247515
247701 247705
247876 247968
247986 248170
248216 248360
248372 248537
248717 248718
248883 248965
248980 249110
249133 249194
249198 249304
249347 249480
249504 249670
249856 249858
250011 250229
250258 250420
250446 250594
250626 250797
250936 250938
251037 251252
251279 251346
251352 251381
251405 251518
251545 251721
251736 251850
252004 252006
252126 252265
252279 252470
252496 252619
252640 252837
252970 252972
253122 253541
253574 253652
253664 253756
253766 253865
