57 174
202 578
585 681
737 738
810 943
947 1080
1102 1200
1204 1283
1316 1379
1382 1509
1546 1548
1628 1725
1744 1826
1861 1999
2024 2141
2171 2370
2422 2425
2480 2551
2591 2763
2798 2960
2977 3092
3124 3308
3405 3407
3476 3583
3594 3717
3750 3807
3817 3878
3899 4085
4116 4178
4195 4343
4467 4468
4562 4731
4772 4863
4891 5249
5286 5431
5471 5576
5582 5699
5801 5803
5866 6046
6067 6270
6274 6377
6433 6680
6777 6780
6840 6924
6952 7243
7276 7473
7497 7564
7570 7666
7774 7776
7826 7997
8027 8260
8286 8551
8653 8655
8728 8937
8966 9047
9062 9242
9276 9448
9526 9528
9567 9932
9962 10137
10147 10267
10306 10559
10642 10643
10694 10820
10847 11023
11047 11105
11116 11250
11276 11358
11362 11426
11436 11480
11489 11539
11543 11596
11686 11688
11747 11800
11840 12151
12187 12277
12282 12394
12397 12483
12543 12546
12593 12918
12966 13120
13129 13318
13417 13418
13469 13562
13565 13706
13727 13956
13959 14094
14122 14240
14327 14330
14385 14555
14581 14662
14671 14778
14799 15002
15029 15160
15250 15252
15304 15362
15376 15527
15555 15682
15723 15804
15826 15976
16018 16144
16228 16230
16279 16732
16754 17013
17088 17090
17130 17303
17325 17390
17424 17565
17605 17792
17821 17952
18051 18053
18111 18336
18370 18647
18681 18834
18935 18937
18983 19060
19093 19206
19229 19316
19347 19390
19393 19544
19569 19779
19791 19892
19974 19976
20032 20232
20275 20541
20568 20849
20936 20938
21000 21126
21150 21470
21473 21558
21591 21738
21826 21828
21906 22253
22269 22364
22387 22608
22716 22718
22795 22898
22918 23008
23012 23189
23214 23462
23542 23543
23596 24010
24037 24259
24364 24367
24418 24566
24577 24674
24707 24921
24954 25086
25103 25166
25173 25250
25338 25340
25392 25596
25600 25697
25735 25861
25872 25982
26018 26048
26051 26276
26385 26387
26448 26583
26631 26763
26782 26888
26930 27223
27229 27277
27362 27363
27425 27472
27475 27684
27687 27770
27806 27883
27886 27986
28028 28188
28285 28288
28353 28550
28583 28687
28694 28781
28812 28932
28940 29043
29061 29181
29286 29288
29373 29410
29413 29608
29628 29842
29893 30106
30230 30232
30288 30430
30458 30713
30744 30883
30908 31105
31182 31183
31212 31334
31356 31553
31591 31735
31744 31819
31853 32026
32113 32116
32169 32343
32387 32630
32682 32704
32726 32949
32953 33264
33415 33417
33493 33587
33591 33678
33681 33746
33787 33859
33862 33990
33995 34023
34045 34163
34254 34256
34317 34510
34517 34657
34717 34988
35082 35083
35163 35255
35268 35417
35443 35742
35769 35968
35973 36039
36163 36166
36223 36355
36376 36453
36464 36564
36595 36697
36724 36830
36841 36938
37035 37037
37093 37211
37235 37346
37368 37449
37487 37624
37637 37772
37808 37864
37868 37971
38053 38055
38116 38155
38158 38306
38340 38597
38643 38843
38920 38922
38996 39161
39187 39265
39284 39360
39404 39603
39647 39812
39907 39908
40008 40230
40262 40467
40473 40648
40655 40705
40713 40778
40783 40882
41058 41061
41130 41201
41219 41286
41310 41403
41409 41513
41551 41641
41657 41761
41846 41848
41900 42107
42134 42362
42392 42644
42711 42713
42781 42844
42865 43121
43169 43412
43438 43666
43792 43793
43841 43990
44011 44334
44362 44486
44491 44625
44712 44715
44779 44863
44867 45100
45138 45191
45194 45555
45668 45670
45727 45888
45905 46207
46241 46405
46505 46507
46560 46861
46889 47020
47030 47162
47264 47266
47331 47395
47429 47621
47662 47703
47706 47867
47965 47967
48022 48131
48142 48275
48307 48793
48888 48890
48963 49236
49265 49507
49551 49678
49811 49813
49892 50040
50071 50238
50247 50350
50381 50409
50413 50545
50605 50766
50850 50852
50890 50961
50970 51053
51073 51300
51320 51409
51437 51506
51524 51611
51614 51667
51679 51775
51904 51906
51949 52063
52079 52171
52195 52384
52414 52739
52858 52860
52916 53000
53037 53219
53254 53468
53493 53821
53870 53872
53923 54080
54096 54326
54372 54712
54828 54830
54902 55074
55117 55233
55236 55398
55435 55638
55740 55742
55809 56075
56111 56176
56179 56248
56256 56531
56657 56658
56718 57047
57106 57349
57383 57625
57765 57768
57845 57915
57938 58084
58087 58140
58158 58196
58221 58255
58264 58312
58344 58530
58561 58840
