55 185
211 349
369 596
613 671
689 793
861 863
934 1085
1111 1267
1288 1383
1402 1490
1510 1695
1705 1707
1806 1902
1921 2007
2026 2147
2166 2280
2296 2464
2568 2570
2631 2689
2712 2865
2884 3125
3146 3297
3387 3388
3496 3591
3599 3702
3725 3821
3838 3982
4001 4182
4217 4220
4309 4369
4378 4475
4496 4652
4672 4909
4944 5060
5085 5175
5184 5274
5324 5326
5425 5580
5598 5888
5920 6116
6218 6220
6282 6374
6416 6573
6576 6658
6677 6775
6790 7001
7018 7020
7109 7261
7285 7500
7522 7737
7806 7807
7894 8088
8118 8213
8247 8308
8329 8472
8487 8638
8733 9129
9154 9305
9325 9438
9461 9521
9543 9731
9774 9776
9845 9958
9976 10137
10156 10310
10330 10469
10487 10524
10527 10613
10655 10657
10716 10765
10781 11072
11093 11360
11461 11463
11513 11735
11757 11846
11867 12024
12044 12219
12249 12251
12300 12400
12417 12526
12538 12640
12659 12868
12887 12986
13030 13032
13101 13258
13277 13428
13449 13610
13633 13784
13818 13820
13917 14116
14133 14237
14242 14310
14341 14475
14478 14617
14637 14638
14698 14783
14802 15156
15186 15301
15313 15366
15424 15426
15480 15637
15654 15714
15729 15853
15873 15984
16004 16191
16262 16263
16329 16534
16595 16873
16877 16991
17036 17038
17081 17143
17160 17253
17260 17499
17519 17680
17699 17789
17861 17863
17951 18147
18171 18651
18686 18688
18746 18870
18890 19282
19305 19445
19492 19495
19556 19948
19973 20180
20206 20207
20251 20345
20368 20469
20485 20668
20685 20957
21011 21148
21162 21229
21246 21332
21360 21460
21477 21685
21736 21738
21814 22033
22055 22180
22187 22281
22310 22445
22465 22606
22670 22672
22746 22949
22953 23048
23074 23292
23318 23420
23437 23574
23650 23652
23711 23759
23775 23873
23896 24137
24166 24393
24402 24515
24616 24618
24709 24757
24771 25024
25053 25180
25187 25247
25277 25421
25488 25490
25540 25738
25764 25947
25978 26091
26114 26214
26219 26334
26407 26408
26510 26741
26762 26873
26876 26967
26998 27216
27286 27288
27425 27556
27593 27849
27885 28038
28060 28254
28321 28323
28388 28504
28527 28704
28732 28935
28971 29119
29188 29191
29261 29451
29523 29655
29678 29787
29827 30064
30090 30352
30405 30407
30508 30723
30748 31036
31055 31057
31141 31316
31340 31471
31501 31595
31613 31772
31858 31860
31916 32011
32030 32173
32209 32519
32555 32724
32727 32804
32925 32927
33046 33154
33157 33217
33233 33305
33319 33413
33433 33527
33556 33763
33844 33846
33934 34148
34175 34260
34283 34504
34532 34582
34585 34679
34779 34781
34844 34882
34887 35048
35070 35183
35195 35297
35300 35350
35373 35569
35666 35668
35779 35961
35993 36071
36093 36160
36187 36381
36405 36575
36668 36670
36776 37008
37049 37249
37282 37562
37588 37682
37783 37785
37874 37945
37969 38035
38056 38151
38171 38270
38294 38398
38410 38517
38622 38623
38731 38954
38972 39201
39234 39506
39626 39628
39725 39789
39812 40050
40077 40312
40343 40564
40661 40663
40700 40847
40872 41057
41076 41193
41251 41370
41384 41522
41530 41532
41665 41752
41766 41895
41900 42007
42034 42088
42104 42192
42195 42244
42260 42315
42331 42477
42546 42548
42638 42693
42696 42811
42814 42915
42931 43141
43190 43359
43455 43457
43567 43594
43615 43804
43823 43922
43955 44215
44306 44308
44403 44474
44501 44664
44683 44732
44760 44935
45015 45017
45087 45195
45227 45364
45398 45711
45717 45863
45931 45933
46003 46133
46136 46249
46291 46526
46554 46688
46775 46777
46908 47046
47068 47265
47287 47491
47521 47670
47734 47737
47804 47979
48007 48198
48202 48230
48264 48356
48414 48613
48617 48719
48803 48805
48885 48994
49007 49085
49118 49323
49359 49550
49582 49690
49781 49782
49858 49934
49957 50163
50208 50421
50497 50642
50661 50818
50865 50867
50924 51090
51107 51324
51346 51490
51520 51726
51746 51748
51823 52000
52029 52296
52366 52579
52665 52668
52744 52810
52834 53034
53070 53189
53206 53437
53511 53513
53636 53939
53969 54209
54238 54464
54540 54542
54609 54674
54688 54836
54849 54913
54933 54988
55005 55056
55070 55125
55139 55331
55359 55603
55642 55643
55710 55876
55901 56016
56027 56089
56107 56285
56313 56455
56554 56557
56644 56736
56755 56923
56946 57152
57184 57369
57388 57516
57574 57576
57655 57918
57940 58041
58062 58309
58325 58412
58506 58508
58596 58668
58685 58875
58894 58982
59005 59173
59192 59335
