103 389
411 600
609 750
770 859
955 957
1013 1296
1326 1418
1438 1537
1541 1707
1761 1763
1837 1933
1940 2023
2044 2171
2195 2320
2323 2507
2630 2632
2719 2969
2992 3092
3121 3278
3303 3487
3561 3563
3617 3729
3749 4058
4082 4234
4240 4260
4281 4379
4455 4457
4522 4742
4774 4880
4952 5037
5040 5063
5067 5127
5161 5163
5257 5445
5450 5633
5642 5766
5803 5909
5934 6035
6044 6088
6167 6170
6222 6400
6419 6655
6684 6844
6850 7052
7106 7107
7159 7429
7464 7792
7814 7948
8024 8026
8081 8247
8273 8534
8555 8717
8774 8776
8835 8914
8928 9088
9095 9201
9208 9404
9430 9680
9749 9751
9795 9925
9929 10263
10300 10529
10593 10595
10675 10907
10932 11204
11238 11394
11437 11438
11517 11713
11732 11854
11879 12044
12068 12195
12223 12318
12392 12395
12466 12535
12539 12704
12724 12922
12945 13228
13233 13322
13381 13382
13443 13772
13791 13942
13977 14079
14103 14140
14150 14243
14330 14332
14425 14611
14636 14866
14895 15051
15054 15211
15215 15257
15311 15313
15395 15567
15584 15849
15902 16122
16174 16176
16238 16460
16463 16696
16723 16934
16942 16993
17017 17104
17155 17157
17245 17442
17459 17863
17918 17920
17984 18033
18038 18170
18195 18296
18312 18390
18405 18484
18502 18581
18596 18683
18799 18801
18898 19160
19187 19380
19384 19446
19465 19562
19565 19581
19662 19663
19752 19961
19993 20102
20129 20376
20402 20542
20630 20632
20701 20788
20812 20923
20931 21002
21008 21089
21094 21152
21182 21217
21230 21399
21443 21445
21504 21567
21573 21600
21603 21742
21755 21906
21943 21973
21976 22315
22399 22401
22515 22633
22637 22680
22725 22750
22782 22913
22918 22946
22969 23091
23116 23194
23237 23238
23297 23598
23610 23655
23694 23880
23899 24027
24099 24101
24220 24535
24564 24634
24684 24941
24949 24992
25068 25070
25145 25228
25252 25397
25432 25661
25687 25778
25781 25870
25874 25965
25981 26183
26256 26257
26353 26571
26597 26743
26757 26904
26907 26930
26957 27102
27161 27163
27226 27352
27389 27511
27538 27729
27761 28006
28025 28174
28255 28257
28384 28432
28444 28771
28797 28897
28923 29035
29054 29155
29158 29229
29293 29295
29378 29531
29537 29627
29640 29733
29742 29799
29823 29960
30031 30032
30093 30222
30226 30313
30338 30463
30481 30591
30595 30670
30698 30895
30980 30982
31065 31236
31254 31367
31371 31516
31549 31712
31730 31894
31955 31957
32027 32187
32217 32383
32411 32456
32465 32567
32595 32734
32740 32843
32918 32920
33030 33138
33168 33300
33320 33389
33394 33588
33619 33766
33771 33852
33857 33895
33962 33963
34063 34390
34405 34539
34559 34708
34755 34757
34808 35063
35068 35227
35243 35402
35452 35536
35586 35588
35644 35697
35703 35821
35828 35911
35933 36163
36224 36226
36343 36395
36398 36444
36449 36587
36608 36934
36980 36982
37055 37137
37158 37426
37435 37730
37734 37795
37836 37838
37924 38381
38402 38633
38686 38688
38798 38849
38857 39033
39053 39139
39162 39247
39254 39330
39335 39409
39439 39560
39642 39645
39713 39923
39928 40060
40084 40301
40304 40358
40456 40457
40541 40649
40652 40707
40720 40987
41016 41147
41203 41292
41318 41320
41386 41411
41422 41721
41726 41809
41856 41857
41931 42031
42057 42297
42300 42373
42376 42516
42547 42704
42755 42757
42852 42941
42959 43064
43081 43142
43166 43468
43555 43557
43624 43733
43738 43883
43906 44267
44294 44535
44605 44607
44673 44765
44805 45023
45045 45152
45177 45246
45257 45339
45348 45411
45430 45582
