89 256
279 438
462 770
788 900
993 995
1085 1258
1278 1479
1504 1615
1634 1737
1764 2003
2106 2107
2208 2329
2349 2442
2491 2647
2668 2811
2831 3049
3130 3132
3235 3302
3323 3510
3534 3745
3761 3859
3889 4066
4130 4132
4274 4372
4391 4500
4524 4569
4572 4645
4664 4845
4868 5066
5118 5120
5163 5315
5369 5564
5587 5820
5845 5976
5996 6094
6111 6217
6293 6295
6322 6487
6515 6700
6725 6876
6905 7128
7143 7145
7210 7293
7314 7488
7512 7588
7607 7668
7695 7887
7891 8056
8106 8107
8170 8355
8381 8624
8655 8925
9005 9007
9045 9294
9328 9657
9683 9868
9918 9920
9955 10339
10373 10667
10707 10777
10797 11002
11081 11082
11153 11272
11304 11511
11539 11721
11751 11883
11891 11924
11927 12031
12068 12070
12089 12152
12261 12638
12680 12781
12784 12997
13043 13045
13189 13377
13385 13477
13500 13616
13653 13821
13843 14050
14168 14170
14285 14500
14528 14629
14674 14924
14935 15041
15118 15120
15209 15345
15380 15541
15574 15757
15781 15931
15993 15995
16015 16220
16246 16360
16386 16462
16486 16626
16654 16782
16881 16882
16960 17395
17412 17664
17743 17745
17807 17975
17984 18050
18070 18241
18268 18570
18606 18607
18674 18904
18933 19206
19234 19378
19411 19413
19465 19537
19559 19669
19689 19814
19817 19970
19993 20196
20214 20303
20380 20382
20395 20586
20619 20743
20784 20956
20975 21277
21324 21326
21418 21573
21665 22107
22130 22297
22393 22395
22483 22585
22603 22843
22861 22952
22969 23203
23249 23251
23298 23405
23428 23633
23638 23757
23780 23938
23946 24074
24130 24132
24160 24382
24406 24583
24609 24866
24924 24926
25002 25243
25268 25462
25483 25615
25639 25794
25824 25826
25862 26160
26191 26324
26343 26447
26466 26733
26755 26757
26817 26965
26988 27226
27262 27605
27718 27720
27746 27797
27815 28120
28164 28360
28386 28543
28606 28607
28641 28833
28856 29039
29068 29281
29305 29410
29449 29451
29503 29739
29762 29967
29988 30190
30237 30238
30309 30476
30502 30508
30511 30764
30798 30954
30971 31181
31217 31220
31289 31406
31430 31619
31649 31836
31857 32020
32081 32082
32130 32331
32383 32553
32556 32660
32696 32947
32964 33232
33286 33288
33369 33539
33546 33676
33717 33805
33821 34011
34017 34113
34217 34220
34329 34630
34659 34760
34780 34952
35018 35020
35052 35142
35162 35301
35329 35637
35664 35921
36043 36045
36129 36276
36295 36383
36423 36536
36543 36643
36663 36778
36804 36909
36956 36957
37076 37212
37233 37340
37370 37461
37536 37791
37812 37887
37899 37994
38011 38013
38089 38261
38282 38390
38395 38518
38541 38733
38761 38763
38817 38985
39010 39158
39184 39367
39390 39559
39599 39601
39660 39857
39880 40105
40124 40215
40232 40530
40587 40588
40641 40713
40720 40981
41009 41218
41280 41282
41308 41527
41547 41778
41805 42058
42130 42132
42167 42441
42467 42735
42763 42994
43061 43063
43110 43305
43353 43565
43599 43751
43787 43917
43928 44095
44161 44163
44286 44613
44636 44689
44699 45018
45067 45070
45113 45568
45595 45778
45812 45813
45842 46070
46094 46180
46202 46326
46329 46453
46499 46501
46526 46597
46638 46752
46760 46795
46800 46862
46881 47076
47218 47220
47251 47365
47386 47414
47430 47532
47560 48015
48118 48120
48170 48415
48440 48683
48731 48866
48918 48920
48987 49115
49133 49307
49325 49605
49627 49810
49837 49838
49843 50007
50029 50116
50132 50306
50313 50401
50425 50734
50786 50788
50902 50987
50991 51052
51091 51227
51263 51485
51508 51713
51749 51847
51992 51995
52035 52112
52125 52223
52251 52389
52426 52669
52692 53064
53124 53126
53207 53374
53388 53679
53707 53880
53883 53911
53924 54122
54187 54188
54248 54401
54421 54669
54700 54897
54992 54995
55048 55340
55366 55730
55793 55795
55925 56039
56043 56293
56309 56541
56564 56774
56831 56832
56845 57195
57225 57327
57355 57545
57566 57825
57905 57907
57974 58132
58160 58331
58354 58507
58524 58622
58708 58868
58930 58932
58963 59242
59263 59419
59422 59495
59526 59841
