58 137
148 347
367 408
419 553
556 592
595 618
622 710
748 791
794 964
993 995
1072 1255
1274 1324
1385 1503
1527 1696
1718 1720
1769 1835
1841 1958
1992 2349
2456 2457
2553 2634
2652 2750
2777 3004
3027 3348
3405 3407
3463 3753
3784 3888
3899 4056
4084 4262
4269 4396
4461 4463
4502 4558
4561 4605
4630 4777
4781 4926
4929 5022
5037 5148
5174 5176
5231 5292
5319 5520
5548 5700
5730 5835
5866 5970
5993 6274
6277 6337
6412 6413
6504 6694
6725 6836
6856 6943
6949 7090
7096 7273
7276 7354
7374 7376
7449 7628
7652 7899
7923 8046
8077 8180
8184 8306
8312 8313
8389 8510
8540 8723
8761 8808
8811 8875
8919 8949
8966 8988
8994 9118
9138 9271
9342 9345
9432 9597
9624 9760
9793 9913
9916 10002
10035 10229
10268 10270
10336 10480
10504 10616
10639 10747
10760 10919
10947 11100
11124 11126
11230 11327
11336 11552
11585 11687
11723 11800
11833 12131
12149 12151
12237 12293
12314 12401
12404 12658
12697 12877
12896 13083
13115 13166
13169 13236
13274 13276
13337 13667
13705 14022
14066 14312
14330 14332
14413 14661
14731 14833
14836 14947
14973 15117
15147 15305
15308 15416
15449 15451
15507 15745
15757 15924
15963 16408
16412 16413
16474 16752
16779 17033
17039 17270
17338 17564
17587 17824
17831 17993
18049 18051
18135 18242
18245 18337
18342 18443
18467 18615
18651 18733
18736 18817
18830 18998
19012 19013
19092 19277
19305 19390
19397 19587
19634 19725
19739 19878
19964 20191
20211 20213
20285 20434
20444 20632
20635 20687
20692 20802
20817 20820
20857 21049
21076 21176
21203 21403
21421 21636
21649 21815
21862 21863
21937 22164
22176 22289
22336 22399
22412 22476
22479 22587
22615 22902
22930 22932
23045 23344
23389 23498
23503 23600
23615 23899
23911 23913
23968 24196
24216 24431
24461 24566
24569 24673
24749 24751
24807 24878
24907 25054
25080 25185
25203 25325
25359 25515
25518 25724
25805 25807
25872 26035
26097 26276
26308 26410
26440 26564
26568 26679
26736 26738
26831 26981
27040 27171
27174 27247
27286 27439
27474 27691
27705 27810
27849 28002
28036 28038
28127 28208
28239 28320
28326 28514
28531 28724
28749 28813
28826 28923
28961 28963
29036 29248
29251 29345
29379 29525
29529 29588
29611 29675
29679 29786
29905 29907
29979 30181
30194 30474
30481 30536
30542 30635
30643 30748
30761 30763
30803 30854
30858 31241
31255 31380
31396 31578
31642 31645
31690 31837
31863 31945
31973 32139
32173 32391
32410 32601
32625 32795
32824 32826
32903 33108
33115 33355
33379 33658
33687 33688
33730 34024
34043 34199
34212 34476
34480 34482
34565 34778
34781 34860
34895 35042
35062 35149
35159 35316
35334 35629
35643 35645
35707 35896
35918 36125
36151 36401
36428 36544
36587 36588
36635 36690
36706 37030
37054 37114
37137 37506
37542 37545
37587 37891
37902 38032
38035 38371
38397 38508
38599 38601
38667 38701
38719 38863
38871 39156
39186 39485
39509 39644
39687 39688
39733 39821
39829 40095
40121 40358
40370 40530
40542 40545
40620 40708
40727 40929
40933 41010
41033 41325
41331 41332
41370 41467
41478 41703
41727 42049
42061 42063
42119 42357
42363 42449
42455 42568
42608 42769
42772 42915
42920 42961
42992 42995
43021 43062
43073 43132
43147 43291
43304 43434
43438 43489
43522 43678
43681 43741
43754 43956
43974 43976
44035 44125
44137 44332
44340 44473
44480 44615
44619 44940
45012 45013
45057 45216
45253 45278
45291 45403
45409 45527
45560 45711
45726 45759
45763 45973
46017 46020
46055 46590
46622 46721
46783 46910
46922 47031
47068 47070
47114 47200
47217 47303
47321 47407
47439 47474
47477 47537
47577 47671
47674 47705
47787 47906
47909 48081
