33 100
110 235
268 344
383 472
502 595
632 823
905 907
974 1111
1181 1396
1401 1470
1493 1580
1622 1712
1740 1845
1918 1920
1965 2073
2076 2283
2322 2412
2441 2516
2521 2630
2693 2695
2730 2929
2953 3081
3109 3191
3214 3269
3272 3393
3396 3482
3581 3582
3628 3694
3699 3878
3914 3975
3983 4135
4157 4217
4220 4276
4337 4406
4430 4617
4655 4657
4729 5036
5079 5172
5198 5314
5341 5495
5618 5620
5699 5905
5963 6058
6072 6161
6198 6357
6404 6542
6581 6582
6630 6753
6777 6891
6897 6953
6984 7128
7181 7313
7344 7414
7429 7624
7668 7670
7720 7881
7913 8007
8084 8198
8217 8454
8482 8638
8712 8713
8746 8834
8860 8970
9054 9187
9220 9302
9341 9461
9484 9596
9625 9835
9899 9901
9946 10212
10258 10516
10548 10656
10718 10720
10766 10939
10987 11049
11079 11206
11235 11312
11320 11402
11428 11549
11624 11626
11698 11748
11751 11853
11879 11999
12003 12192
12248 12404
12416 12486
12506 12550
12553 12599
12687 12688
12732 12813
12846 13063
13091 13209
13250 13535
13617 13620
13655 13707
13729 13786
13789 13950
13974 14093
14111 14254
14280 14452
14487 14488
14547 14776
14816 14941
14966 15107
15133 15280
15291 15409
15435 15542
15592 15595
15644 15773
15821 15932
15964 16202
16227 16353
16360 16413
16416 16502
16599 16601
16621 16702
16727 16821
16879 16954
16957 17055
17079 17212
17241 17335
17345 17394
17480 17482
17544 17577
17586 17632
17670 17804
17818 17942
17977 18183
18261 18263
18292 18485
18514 18597
18634 18824
18854 18940
18969 19087
19090 19133
19174 19176
19214 19282
19285 19414
19476 19525
19563 19610
19677 19911
19946 20115
20123 20150
20205 20207
20270 20348
20379 20484
20512 20639
20644 20717
20752 20865
20888 21013
21053 21081
21092 21161
21261 21263
21301 21324
21329 21457
21497 21615
21662 21719
21722 21810
21834 21910
21955 21957
21990 22168
22197 22307
22350 22428
22458 22548
22576 22663
22686 22777
22855 22857
22901 23049
23082 23135
23140 23305
23339 23519
23566 23731
23749 23751
23795 23853
23857 23908
23918 23965
23973 24032
24065 24166
24180 24276
24305 24307
24330 24409
24412 24723
24788 24886
24891 25117
25158 25360
25436 25438
25481 25664
25713 25889
25930 26038
26081 26212
26299 26301
26372 26490
26518 26732
26761 26979
27032 27178
27299 27301
27349 27412
27436 27606
27638 27882
27906 28056
28112 28113
28153 28246
28275 28383
28408 28687
28729 28857
28885 29002
29105 29107
29131 29306
29350 29445
29461 29665
29676 29766
29855 29857
29911 30072
30098 30201
30232 30291
30300 30342
30367 30419
30424 30509
30586 30588
30642 30694
30697 30807
30834 30946
30973 31059
31068 31231
31307 31414
31445 31566
31636 31638
31688 31771
31854 31962
31995 32091
32120 32258
32300 32470
32486 32605
32646 32857
32936 32938
33019 33269
33307 33412
33441 33708
33741 33848
33942 33945
34015 34201
34229 34388
34396 34455
34488 34688
34756 34757
34802 34855
34858 34965
34998 35063
35073 35137
35174 35318
35378 35527
35624 35626
35691 35762
35810 35985
36020 36115
36150 36306
36326 36389
36418 36522
36549 36551
36600 36805
36826 36971
37002 37117
37148 37244
37269 37340
37357 37426
37462 37463
37517 37570
37594 37694
37719 37843
37846 37926
37979 38112
38117 38261
38302 38437
38511 38513
38549 38678
38711 38825
38842 38871
38972 39042
39063 39114
39117 39162
39191 39299
39302 39350
39405 39407
39455 39612
39651 39820
39854 39939
39976 40083
40108 40258
40318 40320
40379 40494
40546 40663
40713 40823
40826 40931
40993 41179
41233 41382
41462 41463
41514 41595
41598 41705
41738 41920
41967 42081
42101 42168
42187 42254
42311 42313
42371 42451
42465 42542
42547 42649
42701 42802
42805 43043
43048 43127
43199 43201
43258 43525
43559 43683
43717 43855
43893 43895
43939 44070
44106 44301
44333 44424
44427 44605
44637 44720
44768 44770
44801 44881
44885 44965
44988 45072
45077 45169
45198 45236
45249 45517
45520 45570
45618 45620
45666 45783
45817 45956
45998 46141
46175 46359
46390 46451
46472 46508
46515 46599
46674 46676
46720 46927
46966 47043
47047 47150
47184 47317
47362 47363
47407 47506
47543 47713
47741 47835
47870 47963
47990 48107
48112 48220
48261 48263
48310 48479
48509 48580
48621 48735
48767 48939
48964 49114
49186 49188
49244 49294
49299 49469
49508 49557
49583 49801
49841 49887
49894 50001
50055 50057
50110 50244
50282 50435
50470 50723
50760 50846
50874 51016
51074 51076
51152 51227
51262 51385
51416 51490
51505 51610
51647 51760
51764 51789
51792 51835
51905 51907
51953 52060
52084 52127
52136 52278
52305 52422
52457 52577
52602 52713
52716 52789
52830 52832
52922 52996
53002 53077
53107 53257
53292 53439
53466 53658
53696 53793
53849 53851
53891 54029
54074 54208
54237 54392
54400 54480
54549 54551
54577 54706
54733 54800
54831 54960
55003 55058
55100 55253
55305 55426
55468 55470
55516 55608
55647 55778
55805 56029
56068 56162
56218 56291
56321 56441
56537 56538
56607 56666
56673 56745
56748 56835
56865 56942
56968 57139
57142 57223
57280 57282
57357 57427
57454 57628
57665 57733
57736 58001
58055 58057
58104 58244
58277 58412
58441 58549
58584 58693
58696 58906
58968 58970
59027 59268
59289 59352
59395 59620
59648 59754
