77 272
311 406
426 529
537 623
661 851
1068 1070
1169 1320
1324 1597
1625 1808
1822 1917
2018 2020
2082 2434
2464 2562
2597 2773
2862 2863
2950 3083
3086 3163
3193 3353
3362 3441
3479 3529
3532 3676
3680 3770
3849 3851
3895 4136
4143 4254
4257 4427
4452 4513
4561 4644
4664 4799
4803 4873
4937 4938
5000 5319
5372 5465
5469 5542
5556 5608
5611 5775
5855 5857
5917 6147
6181 6285
6293 6383
6400 6533
6559 6716
6824 6826
6912 7039
7077 7181
7185 7314
7341 7511
7540 7753
7764 7851
7949 7951
7999 8181
8213 8320
8326 8430
8445 8705
8737 8822
8841 8999
9037 9038
9116 9218
9249 9378
9400 9600
9635 9871
9896 10086
10199 10201
10292 10389
10392 10596
10638 10724
10734 10863
10867 10974
11002 11116
11187 11188
11285 11361
11365 11507
11545 11604
11609 11743
11781 11862
11865 11989
11993 12148
12242 12245
12306 12370
12373 12622
12631 12845
12893 13020
13051 13197
13204 13300
13368 13370
13430 13529
13552 13808
13816 13948
13982 14319
14512 14513
14579 14633
14659 14979
15006 15158
15186 15329
15332 15409
15455 15457
15505 15555
15586 15799
15837 15977
15983 16135
16190 16302
16308 16456
16464 16521
16525 16655
16755 16757
16859 17009
17046 17157
17189 17276
17279 17408
17411 17489
17525 17665
17675 17808
17955 17957
18002 18094
18099 18389
18402 18530
18568 18659
18674 18735
18824 18826
18910 19003
19015 19152
19183 19302
19337 19593
19674 19676
19795 19898
19902 20108
20128 20221
20227 20341
20366 20473
20509 20710
20780 20782
20853 20943
20958 21106
21117 21176
21204 21255
21258 21480
21506 21619
21634 21753
21849 21851
21903 21982
21987 22099
22120 22248
22254 22334
22370 22536
22539 22646
22683 22779
22868 22870
22914 23075
23121 23275
23301 23367
23378 23436
23446 23504
23521 23612
23724 23726
23796 24000
24003 24121
24161 24318
24341 24433
24446 24513
24517 24572
24643 24645
24741 24812
24815 24917
24951 25192
25217 25433
25461 25656
25712 25713
25778 25842
25849 25907
25920 25970
25979 26046
26079 26192
26212 26325
26405 26407
26535 26630
26641 26898
26901 27047
27108 27220
27233 27383
27391 27552
27591 27754
27757 27851
27968 27970
28003 28247
28272 28449
28519 28658
28692 28797
28810 28896
28949 28951
28994 29377
29403 29629
29665 29812
29868 29870
29947 30220
30252 30518
30559 30699
30781 30782
30838 30945
30956 31070
31077 31469
31500 31649
31711 31713
31774 31877
31892 31990
31993 32107
32131 32464
32549 32551
32605 32800
32803 32921
32925 33112
33134 33232
33293 33295
33354 33404
33407 33538
33564 33698
33708 33795
33798 33832
33845 33999
34035 34160
34163 34280
34343 34345
34431 34523
34526 34625
34628 34714
34741 34872
34904 35047
35050 35137
35146 35285
35312 35507
35587 35588
35643 35833
35836 35978
36018 36145
36187 36356
36359 36554
36594 36720
36774 36776
36830 37018
37021 37071
37074 37328
37356 37611
37687 37688
37742 37803
37832 37926
37934 38018
38067 38133
38140 38218
38265 38327
38331 38385
38389 38473
38490 38672
38749 38751
38808 39076
39104 39227
39261 39499
39528 39639
39693 39695
39783 39882
39885 40043
40059 40140
40145 40264
40296 40373
40404 40519
40552 40675
40700 40781
40804 40891
40949 40951
40992 41048
41051 41258
41281 41366
41396 41688
41708 41846
41937 41938
41993 42145
42148 42288
42302 42336
42405 42754
42824 42826
42928 43254
43287 43384
43417 43664
43670 43711
43780 43782
43843 43981
44044 44198
44239 44364
44368 44503
44562 44681
44696 44808
44848 44989
44997 45057
45111 45113
45153 45249
45252 45387
45422 45529
45532 45661
45690 45830
45862 45944
45947 46061
46136 46138
46180 46288
46292 46516
46566 46690
46693 46927
46943 47009
47042 47138
47211 47213
47274 47368
47371 47584
47612 47758
47791 47836
47849 47973
48049 48051
48124 48297
48304 48437
48463 48579
48582 48680
48688 48921
48962 49069
49137 49138
49202 49292
49296 49395
49417 49515
49520 49623
49658 49858
49863 49946
49967 50081
50180 50182
50218 50373
50390 50553
50580 50742
50785 50846
50864 51022
51025 51090
51116 51144
51147 51245
51293 51295
51382 51633
51665 51745
51767 51892
51917 51997
52001 52087
52156 52157
52214 52339
52367 52430
52433 52598
52625 52738
52771 52870
52888 53058
53075 53141
53186 53188
53264 53409
53412 53466
53474 53548
53582 53704
53724 53927
53930 54107
54192 54195
54248 54510
54520 54583
54613 54703
54706 54847
54879 54931
54934 55066
55137 55138
55198 55345
55374 55548
55599 55762
55771 55898
55933 56037
56062 56237
56305 56307
56350 56428
56438 56571
56574 56651
56669 56792
56817 56880
56884 56964
56981 57071
57168 57170
57228 57338
57359 57455
57458 57585
57590 57721
57757 57911
57915 58049
58055 58140
58218 58220
58310 58380
58386 58559
58562 58657
58681 58836
58844 59056
59085 59203
59274 59276
59325 59455
59481 59600
59626 59777
59789 59921
59968 59970
