71 185
190 268
293 383
388 483
512 597
603 777
780 782
820 891
905 993
1020 1167
1181 1302
1318 1565
1586 1588
1637 1745
1750 1951
1980 2073
2083 2237
2324 2326
2378 2564
2591 2731
2740 2820
2846 3061
3080 3082
3112 3323
3348 3619
3639 3706
3728 3907
4055 4057
4096 4392
4420 4498
4509 4592
4596 4716
4719 4766
4811 4813
4877 5085
5114 5209
5217 5305
5322 5449
5470 5602
5611 5613
5662 5786
5802 5932
5948 6129
6156 6279
6284 6532
6584 6743
6769 6963
6985 7241
7267 7401
7495 7582
7615 7730
7752 7820
7827 7953
7983 8194
8220 8350
8353 8402
8505 8507
8549 8828
8854 9094
9119 9213
9298 9356
9384 9510
9521 9674
9698 9790
9793 9889
9912 10054
10067 10070
10133 10190
10193 10412
10444 10652
10680 10971
10974 10976
11043 11126
11150 11383
11408 11535
11546 11839
11874 11876
11932 11986
12012 12215
12218 12345
12363 12496
12524 12705
12749 12751
12815 13058
13090 13216
13222 13368
13399 13526
13549 13667
13673 13791
13812 13813
13869 14009
14037 14145
14159 14400
14422 14573
14576 14682
14748 14834
14858 15021
15037 15258
15281 15390
15397 15450
15474 15476
15556 15651
15654 15783
15808 15917
15930 16136
16155 16157
16221 16407
16434 16518
16555 16648
16659 16763
16767 16853
16865 17013
17089 17284
17289 17341
17356 17411
17414 17699
17714 17790
17796 17822
17874 17876
17932 18089
18099 18277
18304 18536
18539 18619
18643 18645
18693 18837
18864 18990
19007 19138
19149 19228
19237 19238
19302 19360
19363 19595
19621 19701
19710 19801
19825 19885
19890 19922
19935 20037
20074 20076
20141 20211
20224 20319
20340 20564
20571 20758
20781 20953
20968 20970
21045 21113
21139 21194
21208 21256
21272 21338
21360 21458
21472 21583
21618 21620
21695 21783
21792 22097
22135 22230
22243 22289
22300 22499
22527 22719
22812 22813
22857 23044
23073 23251
23272 23401
23406 23549
23580 23582
23641 23765
23783 23989
24019 24209
24223 24366
24430 24432
24499 24567
24586 24702
24705 24793
24814 25062
25077 25233
25280 25282
25356 25462
25467 25603
25625 25993
26019 26150
26155 26157
26216 26323
26345 26420
26425 26532
26539 26823
26836 26838
26916 27082
27101 27213
27243 27312
27339 27382
27399 27464
27467 27548
27586 27588
27668 27722
27742 27868
27888 28015
28035 28276
28303 28508
28549 28551
28620 28711
28734 28908
28914 29040
29069 29235
29244 29362
29385 29570
29664 29761
29772 29918
29948 30053
30083 30421
30499 30501
30559 30645
30653 30755
30758 30973
30997 31203
31224 31226
31304 31463
31493 31617
31644 31789
31794 31942
31993 31995
32066 32306
32324 32426
32449 32523
32526 32696
32699 32797
32843 32845
32928 33259
33280 33412
33453 33554
33560 33630
33641 33715
33737 33738
33793 33848
33870 34097
34114 34201
34226 34478
34481 34610
34699 34701
34739 34871
34883 35046
35076 35204
35212 35333
35339 35397
35443 35445
35538 35697
35700 35851
35879 35969
35991 36100
36103 36208
36211 36251
36262 36263
36312 36413
36447 36578
36589 36774
36800 36985
37008 37215
37242 37245
37296 37488
37518 37713
37735 37857
37861 38001
38056 38057
38081 38168
38189 38385
38414 38737
38745 38828
38861 38863
38960 39054
39072 39292
39315 39462
39483 39533
39540 39652
39692 39695
39780 39921
39946 40148
40171 40422
40434 40525
40581 40582
40633 40726
40743 40832
40847 40928
40933 41046
41065 41104
41119 41430
41443 41445
41463 41598
41623 41769
41789 41943
41974 42143
42153 42215
42223 42331
42368 42370
42447 42688
42718 42891
42915 43074
