86 160
181 243
250 336
365 453
485 587
614 706
739 878
884 966
1024 1026
1128 1269
1343 1610
1624 1784
1790 1875
1924 1926
1985 2099
2123 2196
2214 2387
2420 2509
2549 2708
2730 2732
2844 3048
3078 3247
3279 3367
3397 3457
3465 3600
3603 3692
3718 3720
3800 3915
3919 3977
3981 4053
4087 4151
4154 4397
4440 4510
4535 4727
4781 4782
4862 5030
5051 5195
5255 5336
5366 5489
5497 5660
5693 5695
5763 5844
5852 6008
6062 6170
6188 6278
6311 6457
6486 6639
6693 6695
6797 6943
6965 7032
7058 7326
7359 7475
7506 7790
7824 7826
7900 8078
8115 8304
8369 8631
8661 8804
8855 8857
8940 9038
9073 9193
9229 9341
9344 9433
9482 9604
9631 9736
9782 9965
9980 9982
10073 10371
10411 10675
10715 10826
10855 10857
10969 11039
11058 11193
11238 11403
11452 11629
11680 11821
11874 11876
11974 12235
12240 12442
12512 12625
12651 12762
12767 12858
12905 12907
13002 13093
13122 13363
13393 13519
13559 13859
13949 13951
14021 14068
14096 14292
14312 14433
14473 14587
14625 14811
14843 14845
14935 15011
15038 15231
15274 15405
15439 15597
15625 15758
15780 15909
15915 16043
16074 16076
16135 16289
16328 16453
16481 16677
16689 16786
16808 16954
16969 17085
17137 17138
17203 17300
17324 17483
17492 17591
17594 17721
17765 17905
17942 17945
18010 18109
18126 18277
18313 18437
18502 18729
18743 18745
18823 19021
19051 19157
19209 19340
19355 19442
19501 19586
19589 19611
19634 19800
19881 19882
19928 20005
20034 20177
20202 20258
20296 20348
20361 20551
20576 20788
20818 20820
20923 21004
21011 21111
21157 21286
21304 21389
21428 21525
21557 21680
21703 21785
21849 21851
21915 22081
22123 22256
22290 22425
22461 22552
22637 22638
22726 22904
22948 23086
23124 23300
23335 23394
23397 23431
23472 23575
23649 23651
23750 23920
23952 24006
24039 24232
24264 24460
24507 24685
24718 24720
24806 24933
24936 24990
25016 25091
25136 25254
25285 25400
25437 25438
25539 25623
25641 25849
25866 25991
26086 26178
26181 26300
26325 26455
26493 26692
26730 26732
26817 27049
27108 27293
27357 27470
27512 27645
27693 27695
27766 27881
27900 28129
28167 28359
28418 28561
28618 28620
28691 28758
28786 28983
29022 29308
29336 29487
29549 29551
29614 29708
29733 29853
29880 30224
30264 30401
30470 30635
30661 30757
30770 31035
31062 31063
31122 31291
31321 31421
31429 31493
31530 31573
31614 31772
31799 31801
31888 32045
32072 32187
32223 32444
32490 32599
32622 32723
32762 32763
32824 32915
32936 33029
33032 33123
33154 33291
33351 33519
33545 33674
33700 33900
33924 33926
34020 34258
34294 34408
34451 34712
34738 34870
34899 34901
34979 35197
35221 35331
35342 35474
35521 35760
35768 35770
35846 36011
36043 36162
36193 36246
36277 36389
36418 36579
36606 36607
36664 36740
36764 36870
36873 36962
37000 37102
37182 37399
37417 37520
37568 37570
37653 37862
37894 38039
38082 38228
38264 38368
38398 38464
38474 38544
38574 38576
38634 38696
38722 38961
38988 39077
39127 39403
39436 39566
39624 39626
39703 39831
39864 40024
40097 40229
40267 40420
40487 40488
40573 40719
40741 40900
40953 41046
41107 41203
41232 41377
41411 41413
41497 41604
41637 41759
41801 41901
41924 42045
42087 42271
42305 42468
42499 42501
42591 42784
42826 43014
43067 43187
43215 43344
43412 43413
43491 43657
43690 43810
43855 44161
44183 44267
44299 44301
44377 44483
44505 44702
44749 44887
44929 44970
44977 45093
45143 45145
45226 45366
45394 45504
45538 45874
45902 45991
46087 46088
46147 46229
46253 46359
46385 46561
46586 46731
46734 46905
46949 46951
47027 47161
47185 47333
47362 47516
47577 47711
47715 47818
47835 47948
47993 47995
48086 48326
48369 48539
48590 48734
48812 48813
48885 49010
49041 49219
49263 49377
49424 49525
49562 49782
49836 49838
49947 50123
50148 50221
50269 50383
50442 50609
50626 50691
50717 50816
50861 50863
50982 51224
51273 51328
51351 51558
51612 51747
51811 51813
51881 52016
52063 52243
52286 52439
52467 52580
52632 52733
52763 52911
52949 52951
53040 53114
53154 53279
53300 53376
53403 53508
53560 53748
53799 53801
53901 54005
54062 54293
54314 54440
54469 54637
54664 54742
54745 54819
54868 54870
54942 55082
55109 55274
55320 55517
55520 55631
55659 55748
55793 55795
55864 55981
56003 56107
56143 56289
56314 56428
56468 56470
56551 56688
56704 56774
56811 56961
57007 57197
57224 57340
57374 57376
57451 57543
57573 57698
57727 57975
58016 58166
58192 58335
58418 58420
58504 58627
58630 58732
58752 58998
59032 59125
