73 183
198 258
285 596
639 775
778 926
980 982
1037 1280
1312 1580
1605 1607
1654 1918
1946 2129
2150 2233
2273 2398
2405 2656
2659 2724
2768 2770
2822 2965
2971 3034
3048 3098
3136 3298
3322 3402
3435 3632
3638 3685
3731 3732
3785 3983
4030 4131
4144 4252
4293 4443
4453 4523
4549 4659
4668 4772
4793 4795
4822 4877
4921 5164
5172 5322
5325 5420
5424 5563
5581 5582
5619 5778
5791 5846
5850 5909
5912 5959
5962 6059
6098 6282
6317 6441
6452 6539
6643 6645
6723 6919
6938 7081
7101 7220
7254 7430
7468 7470
7524 7871
7906 7996
8027 8155
8172 8259
8287 8288
8333 8440
8457 8521
8546 8640
8672 8756
8784 8897
8955 8957
9015 9105
9108 9318
9348 9484
9487 9591
9618 9620
9665 9992
10013 10197
10229 10442
10506 10507
10554 10639
10642 10803
10816 10960
10998 11189
11193 11247
11280 11282
11311 11383
11405 11595
11610 11859
11892 12024
12080 12082
12112 12267
12294 12434
12444 12600
12641 12891
12911 12913
12940 13152
13162 13293
13303 13464
13519 13680
13711 13713
13749 13881
13902 14156
14159 14434
14461 14463
14556 14649
14681 14885
14916 15221
15258 15460
15486 15488
15550 15759
15781 15832
15844 16059
16080 16246
16267 16270
16341 16422
16435 16490
16522 16583
16614 16696
16712 16923
16926 16988
17017 17136
17169 17338
17387 17388
17425 17535
17551 17741
17760 17827
17844 17942
17965 18200
18236 18238
18285 18361
18384 18460
18472 18698
18728 18925
18955 18957
18995 19149
19176 19318
19356 19499
19502 19610
19644 19786
19811 19813
19851 19928
19957 20038
20081 20157
20188 20266
20289 20362
20380 20439
20498 20811
20855 20857
20890 20945
20961 21218
21252 21454
21482 21667
21761 21763
21810 22062
22068 22166
22212 22456
22461 22549
22580 22582
22630 22916
22947 23127
23151 23367
23393 23395
23449 23776
23802 24008
24049 24192
24224 24226
24277 24367
24374 24421
24429 24463
24466 24513
24547 24740
24783 24863
24870 24988
24991 25012
25055 25057
25104 25256
25299 25651
25697 25844
25886 25888
25917 26008
26030 26101
26114 26206
26211 26404
26435 26560
26576 26731
26774 26776
26855 26964
26976 27011
27014 27118
27122 27227
27274 27471
27480 27557
27560 27721
27768 27770
27818 27965
27981 28078
28093 28222
28259 28391
28394 28466
28497 28579
28596 28697
28718 28720
28784 28921
28924 29120
29156 29271
29279 29383
29389 29469
29501 29607
29611 29675
29731 29732
29788 30061
30085 30213
30221 30395
30439 30661
30705 30707
30743 31004
31017 31148
31158 31285
31311 31313
31374 31692
31727 31868
31876 32013
32077 32277
32317 32320
32346 32570
32618 32692
32711 32794
32814 32888
32910 33168
33176 33242
33312 33313
33367 33519
33525 33745
33757 33879
33916 34039
34044 34126
34174 34176
34236 34555
34578 34724
34728 34921
34937 34938
34978 35105
35139 35432
35458 35708
35712 35774
35799 35801
35850 35948
35952 36113
36152 36432
36450 36593
36643 36645
36687 36761
36764 36962
36990 37137
37141 37239
37252 37365
37456 37457
37500 37594
37597 37757
37783 37952
37984 38071
38074 38182
38224 38226
38291 38623
38627 38744
38782 38822
38829 39076
39105 39107
39142 39381
39403 39554
39574 39702
39705 39788
39817 40039
40066 40203
40210 40257
40286 40288
40337 40468
40477 40561
40592 40821
40845 41128
41161 41163
41184 41270
41277 41533
41536 41609
41614 41728
41760 41871
41875 41984
42017 42020
42048 42081
42096 42364
42401 42532
42539 42603
42626 42806
42837 42838
42882 43000
43037 43143
43148 43362
43385 43427
43446 43701
43761 43763
43803 43967
43981 44223
44261 44559
44606 44704
44709 44821
44880 44882
44930 45061
45071 45262
45295 45545
45586 45588
45638 45819
45831 46078
46096 46264
46270 46418
46442 46445
46622 46942
46959 47075
47091 47213
47242 47307
47332 47407
47474 47476
47522 47755
47761 48117
48149 48151
48198 48401
48418 48534
48537 48730
48733 48892
48918 48920
48947 49057
49080 49326
49347 49553
49566 49723
49768 49770
49818 49921
49928 50016
50035 50198
50225 50521
50562 50563
50620 50943
50978 51185
51218 51363
51436 51438
51490 51558
51582 51788
51807 51962
51996 52135
52186 52188
52249 52582
52625 52748
52751 52886
52894 52993
53021 53121
53192 53195
53252 53649
53674 53812
53820 54001
54043 54045
54097 54195
54224 54371
54392 54535
54569 54856
54893 54895
54945 55017
55047 55155
55160 55240
55256 55350
55381 55611
55649 55853
55881 55882
55940 56038
56048 56164
56173 56232
56282 56447
56460 56513
56544 56614
56638 56709
56751 56814
56832 56923
57005 57007
57070 57133
57140 57265
57294 57384
57420 57478
57496 57736
57766 57908
57911 57995
58024 58026
58078 58517
58557 58746
58774 58776
58823 58911
58918 59036
59054 59189
59224 59353
59369 59553
59630 59632
59706 59871
59902 60113
60152 60260
60266 60448
60493 60495
60540 60679
60691 60916
60946 61107
61145 61246
61254 61338
61412 61413
61440 61627
61650 61874
61887 62068
62103 62238
62261 62263
62308 62477
62490 62669
62699 63015
63042 63045
63126 63307
63336 63447
63454 63566
63571 63664
63752 63897
63917 64070
64093 64095
64159 64379
64401 64603
64645 64809
64849 64851
64886 64977
64980 65167
65202 65281
65285 65391
65394 65484
65512 65513
65579 65641
65669 65722
65734 65995
66016 66171
66192 66195
66235 66474
66499 66690
66728 66817
66820 66908
66932 67106
67162 67163
67201 67362
67396 67514
67541 67663
67701 67854
67875 67943
67947 68002
68055 68057
68110 68305
68330 68570
68621 68759
68775 68978
69011 69013
69074 69209
69223 69283
69300 69444
69470 69589
69626 69667
69671 69756
69765 69865
69874 69876
70025 70230
70243 70406
70427 70535
70559 70686
70692 70814
70849 70851
70900 70954
70992 71095
71112 71178
71213 71357
71399 71512
71544 71668
71693 71695
71739 72077
72095 72338
72358 72444
72499 72501
72528 72752
72775 72963
72993 73122
73144 73314
73337 73338
73388 73622
73625 73714
73727 73892
73895 73945
73953 74025
74033 74112
74142 74145
74195 74292
74299 74372
74377 74441
74463 74598
74622 74702
74719 74839
74862 74987
75012 75013
75051 75140
75143 75235
75261 75335
75365 75588
75616 75756
75789 75915
75920 76015
76067 76070
76107 76169
76173 76390
76400 76543
76562 76705
76740 76790
76793 76884
76903 76997
77043 77045
77098 77376
77408 77674
77710 77869
77872 77998
78037 78038
78071 78186
78189 78260
78273 78422
78425 78479
78482 78583
78630 78632
78688 78904
78923 79021
79024 79156
79185 79262
79267 79331
79362 79518
79555 79557
79611 79719
79736 79817
79844 80000
80031 80149
80161 80258
80286 80431
80455 80457
80506 80627
80672 80894
80920 81197
81222 81312
81374 81376
81414 81573
81576 81774
81777 81859
81897 81955
81958 82153
82174 82176
82222 82305
82314 82732
82779 83118
83162 83163
83234 83339
83350 83447
83469 83657
83686 83831
83850 83937
83986 83988
84030 84158
84192 84297
84322 84450
84477 84543
84549 84602
84632 84767
84817 84820
84863 85177
85215 85463
85495 85575
85579 85669
85712 85713
85761 85977
85992 86305
86338 86525
86561 86563
86599 86850
86857 86984
87012 87193
87207 87346
87380 87382
87428 87509
87538 87618
87651 87728
87750 87827
87846 87905
87933 88014
88036 88111
88150 88232
88254 88333
88348 88431
88486 88488
88519 88595
88618 88686
88690 88874
88909 88969
89010 89185
89193 89325
89347 89510
89536 89538
89580 89781
89814 90102
90138 90284
90324 90326
90373 90479
90483 90703
90736 91036
91063 91211
91255 91257
91309 91406
91420 91490
91504 91566
91578 91649
91653 91783
91786 91883
91905 91907
91951 92034
92037 92172
92175 92294
92297 92392
92422 92610
92620 92723
92774 92776
92814 93058
93065 93277
93284 93422
93429 93574
93630 93632
93663 93828
93859 94097
94135 94269
94287 94531
94580 94582
94616 94823
94839 94951
94960 95150
95196 95399
95430 95432
95465 95718
95722 95882
95928 96081
96084 96152
96174 96325
96380 96382
96438 96550
96554 96648
96680 96762
96780 96869
96891 96966
96980 97254
97286 97288
97328 97609
97615 97851
97884 98197
98255 98257
98309 98671
98693 98798
98801 98856
98859 98915
98923 99092
99143 99145
99172 99234
99244 99381
99386 99478
99513 99723
99734 99842
99858 99961
100068 100070
100102 100236
100248 100396
100400 100570
100601 100762
100774 100810
100849 100851
100890 101092
101119 101252
101266 101346
101354 101471
101562 101563
101608 101980
102014 102244
102272 102462
102474 102476
102526 102973
102983 103107
103124 103126
103205 103390
103408 103461
103475 103539
103572 103807
103870 103931
103934 104000
104007 104099
104124 104126
104172 104334
104366 104492
104517 104743
104773 105006
105074 105076
105117 105202
105228 105350
105354 105467
105472 105553
105556 105638
105684 105958
106018 106020
106059 106200
106234 106422
106464 106526
106547 106686
106716 106905
106956 106957
107003 107420
107455 107554
107569 107658
107703 107861
107883 108020
108055 108057
108097 108343
108350 108423
108438 108505
108540 108682
108693 108827
108868 108870
108936 109295
109349 109442
109451 109659
109681 109682
109716 109773
109801 110059
110098 110310
110336 110430
110438 110527
110555 110557
110608 110977
111009 111059
111064 111331
111386 111388
111437 111740
111756 112014
112036 112038
112068 112248
112273 112432
112465 112674
112682 112796
112824 112826
112875 112922
112946 113037
113050 113238
113247 113409
113423 113604
113613 113687
113737 113738
113774 113992
114029 114182
114185 114213
114251 114356
114374 114515
114580 114582
114607 114769
114792 115027
115058 115176
115181 115257
115274 115276
115321 115739
115773 115901
115922 116063
116137 116138
116178 116410
116417 116515
116547 116634
116641 116849
116878 116929
116934 117057
117099 117101
117155 117388
117419 117645
117673 117854
117880 117882
117924 118181
118207 118401
118405 118502
118514 118667
118699 118701
118770 118962
118980 119024
119027 119124
119154 119288
119306 119435
119455 119457
119497 119567
119575 119722
119729 119890
119931 120078
120082 120193
120198 120287
120318 120320
120342 120452
120485 120603
120606 120709
120735 120833
120888 120983
120986 121080
121101 121209
121234 121376
121398 121502
121537 121538
121588 122066
122089 122237
122241 122330
122361 122363
122409 122591
122611 122762
122790 122910
122932 123077
123124 123126
123191 123333
123364 123490
123524 123890
123914 124170
124224 124226
124258 124552
124573 124708
124733 124957
124987 124988
125028 125245
125267 125617
125620 125703
125736 125738
125765 125821
125827 126002
126005 126212
126221 126556
126559 126603
126624 126626
126661 126797
126803 126915
126934 127052
127071 127207
127237 127497
127549 127551
127596 127892
127916 128248
128299 128301
128339 128423
128432 128637
128656 128796
128837 128838
128867 129070
129084 129166
129172 129332
129335 129403
129421 129514
129542 129611
129615 129697
