60 134
137 263
290 370
395 486
492 569
607 821
909 911
948 1085
1125 1419
1451 1533
1552 1576
1579 1671
1678 1770
1892 1893
1953 2318
2352 2456
2475 2641
2764 2767
2850 2984
2987 3066
3106 3197
3200 3275
3293 3377
3432 3488
3508 3636
3647 3742
3854 3856
3900 4146
4168 4232
4237 4523
4546 4618
4645 4675
4678 4849
4976 4978
5026 5319
5351 5430
5434 5503
5513 5559
5562 5714
5829 5831
5890 6112
6138 6240
6244 6317
6338 6479
6485 6643
6726 6728
6803 6933
6948 7186
7189 7265
7268 7347
7353 7427
7430 7479
7488 7555
7558 7645
7770 7772
7835 7979
8009 8201
8229 8624
8768 8770
8833 8917
8922 9029
9051 9119
9130 9152
9173 9268
9275 9322
9325 9351
9364 9542
9558 9701
9704 9755
9875 9877
9923 10161
10190 10370
10373 10457
10487 10594
10692 10693
10755 10935
10976 11083
11092 11158
11198 11270
11283 11381
11407 11548
11660 11663
11754 11812
11825 11916
11920 12044
12073 12281
12325 12547
12552 12653
12756 12758
12824 12903
12923 13152
13178 13298
13326 13649
13756 13758
13802 13847
13878 14195
14216 14356
14402 14611
14761 14763
14816 15068
15104 15220
15224 15377
15426 15646
15672 15709
15715 15834
15982 15983
16033 16181
16217 16310
16314 16581
16617 16699
16702 16870
17008 17011
17073 17152
17157 17589
17620 17712
17718 17772
17897 17898
17976 18062
18071 18204
18227 18353
18388 18610
18746 18748
18808 18998
19006 19088
19118 19295
19315 19409
19426 19592
19732 19735
19802 20039
20079 20121
20131 20324
20345 20453
20469 20585
20671 20673
20734 21064
21099 21196
21217 21263
21267 21351
21366 21454
21606 21608
21680 21817
21844 21970
22001 22116
22165 22260
22409 22411
22453 22747
22762 22938
22969 23054
23083 23185
23297 23298
23359 23496
23517 23730
23751 23774
23777 23938
23970 24121
24180 24183
24230 24284
24290 24340
24347 24394
24407 24467
24496 24608
24636 24754
24874 24876
24927 25305
25353 25444
25449 25711
25724 25891
25971 25973
26034 26235
26260 26415
26421 26434
26471 26605
26634 26692
26695 26786
26915 26917
27000 27116
27126 27349
27374 27485
27491 27591
27616 27765
27872 27873
27934 28123
28127 28225
28254 28366
28372 28512
28531 28609
28612 28681
28807 28810
28853 29205
29208 29255
29259 29314
29323 29489
29514 29650
29711 29713
29748 30265
30352 30353
30410 30586
30592 30724
30728 30789
30792 30838
30841 30983
31108 31111
31155 31208
31211 31351
31364 31495
31522 31764
31796 31898
31902 32008
32194 32196
32257 32342
32371 32544
32562 32694
32732 32807
32814 33048
33070 33232
33242 33286
33389 33391
33464 33713
33732 33805
33811 33853
33856 33935
33965 34225
34228 34326
34455 34457
34532 34900
34923 34976
34984 35008
35012 35185
35195 35254
35376 35378
35432 35603
35638 35695
35702 35775
35804 35948
35975 36136
36269 36271
36355 36432
36435 36617
36644 36751
36784 37001
37029 37140
37212 37213
37299 37656
37716 37857
37867 37961
37992 38064
38087 38171
38268 38271
38335 38388
38401 38607
38616 38696
38733 39119
39219 39221
39283 39402
39432 39511
39519 39574
39587 39616
39652 39781
39816 39957
40082 40083
40137 40455
40498 40588
40620 40642
40645 40730
40733 40858
40870 40904
41017 41020
41068 41189
41219 41327
41359 41557
41580 41766
41790 41864
41867 41970
42058 42060
42123 42237
42245 42346
42372 42560
42605 42725
42747 42813
42816 42894
43012 43013
43064 43149
43152 43221
43225 43338
43377 43730
43739 43828
43944 43947
44000 44356
44397 44516
44600 44602
44657 45222
45242 45321
45424 45426
45487 45571
45580 45835
45877 46236
46335 46337
46379 46503
46540 46840
46872 46921
46928 47093
47114 47219
47339 47341
47369 47613
47648 47710
47714 47822
47855 47904
47908 48024
48136 48138
48205 48247
48252 48318
48341 48535
48571 48682
48713 48810
48838 48945
48948 49055
49161 49163
49226 49358
49361 49407
49436 49509
49537 49649
49688 49871
49889 49948
49960 50052
50159 50161
50208 50438
50477 50531
50555 50763
50814 50967
51070 51072
51138 51272
51302 51468
51498 51646
51650 51757
51795 51898
51917 52061
52189 52191
52263 52465
52505 52573
52602 52696
52745 52804
52810 52949
53064 53066
53135 53242
53245 53283
53291 53591
53617 53764
53768 53985
54079 54081
54122 54417
54441 54759
54765 54867
55000 55002
55044 55286
55308 55449
55461 55562
55687 55688
55751 55961
55984 56080
56083 56141
56178 56374
56392 56426
56441 56558
56648 56651
56700 56784
56800 57147
57175 57257
57312 57509
57614 57616
57660 57893
57905 58158
58190 58281
58414 58416
58464 58627
58641 58773
58800 59128
