54 236
268 344
395 496
515 594
623 806
882 883
933 1055
1136 1397
1418 1628
1724 1727
1755 2033
2063 2150
2178 2350
2369 2371
2397 2584
2601 2755
2770 2852
2881 3114
3150 3152
3191 3389
3414 3669
3688 3916
3946 3948
3987 4247
4269 4396
4403 4448
4451 4575
4601 4603
4654 4869
4896 4988
5020 5089
5138 5275
5343 5468
5494 5496
5548 5672
5690 6049
6078 6322
6347 6348
6404 6564
6601 6701
6719 6758
6761 6824
6860 6967
6970 7094
7097 7213
7245 7248
7296 7392
7439 7555
7579 7638
7650 7686
7697 7781
7784 7972
7996 8143
8198 8200
8269 8394
8397 8517
8548 8788
8811 8918
8959 8961
9010 9197
9229 9292
9308 9411
9439 9505
9516 9608
9645 9780
9842 9843
9886 10227
10254 10381
10425 10523
10528 10713
10744 10747
10794 10901
10932 11195
11204 11332
11360 11676
11722 11723
11770 11823
11849 12053
12066 12202
12216 12343
12373 12575
12624 12627
12686 12963
12987 13255
13270 13422
13425 13487
13498 13585
13610 13730
13797 13798
13837 13972
14003 14338
14348 14476
14484 14603
14665 14668
14714 14815
14843 15009
15012 15114
15119 15255
15279 15367
15389 15443
15484 15486
15522 15624
15651 15797
15825 15952
16026 16246
16291 16293
16325 16545
16572 16657
16745 16947
17001 17096
17104 17154
17157 17233
17239 17280
17319 17321
17380 17605
17618 17672
17696 17747
17761 17922
17945 18123
18131 18152
18171 18173
18214 18390
18419 18531
18534 18605
18638 18842
18866 18942
18983 18985
19044 19187
19204 19326
19356 19496
19509 19596
19660 19662
19712 19983
20011 20160
20175 20225
20229 20262
20283 20373
20406 20408
20473 20631
20656 20881
20884 21057
21106 21254
21270 21272
21328 21394
21397 21453
21466 21514
21523 21596
21633 21739
21762 21888
21918 21920
21971 22360
22400 22736
22769 22967
23002 23003
23062 23272
23311 23469
23472 23499
23534 23671
23702 23868
23900 23903
23941 24494
24529 24664
24741 24743
24810 24872
24898 25072
25101 25348
25377 25516
25580 25582
25628 25842
25846 25985
26009 26094
26118 26271
26298 26420
26444 26446
26499 26650
26664 26756
26767 27071
27082 27083
27157 27325
27342 27443
27470 27529
27540 27575
27608 27662
27665 27750
27782 27785
27839 27892
27895 28019
28037 28088
28116 28190
28218 28472
28501 28618
28664 28780
28823 28825
28875 28965
28986 29083
29086 29176
29202 29334
29373 29696
29722 29920
29931 29933
29990 30236
30243 30363
30367 30509
30542 30709
30729 30832
30902 30903
30960 31148
31155 31399
31424 31550
31553 31639
31666 31668
31709 31893
31930 32052
32118 32177
32227 32332
32369 32511
32539 32542
32619 32706
32729 32916
32980 33094
33180 33408
33423 33532
33580 33582
33645 33746
33749 33888
33891 34039
34092 34228
34263 34353
34385 34453
34482 34552
34585 34587
34651 34715
34751 34816
34830 34956
34981 35064
35105 35378
35401 35528
35575 35577
35646 35777
35818 35985
36034 36174
36200 36360
36415 36417
36507 36674
36694 36814
36817 36872
36919 37007
37032 37266
37271 37293
37298 37305
37346 37348
37390 37497
37516 37633
37675 37780
37786 37892
37960 38166
38189 38270
38285 38375
38438 38440
38502 38715
38739 38911
38951 39061
39107 39227
39279 39281
39344 39433
39436 39525
39530 39676
39750 40026
40037 40096
40119 40195
40256 40258
40319 40581
40616 40745
40776 40905
40930 40932
40972 41152
41161 41243
41258 41434
41444 41521
41539 41641
41692 41758
41799 41801
41879 41959
41971 42051
42093 42174
42223 42325
42350 42696
42734 42736
42766 42896
42928 43069
43086 43234
43278 43454
43458 43519
43544 43588
43636 43718
43754 43756
43814 43860
43872 44058
44091 44210
44217 44237
44240 44293
44324 44454
44470 44472
44521 44622
44649 44820
44854 44943
44994 45093
45119 45208
45211 45243
45251 45361
45399 45401
45477 45622
45626 45668
45705 45778
45848 45934
45951 46000
46063 46181
46191 46256
46281 46340
46362 46452
46489 46491
46556 46810
46846 46892
46928 47031
47034 47168
47209 47344
47381 47383
47450 47600
47638 47782
47785 47826
47875 48035
48044 48162
48215 48314
48343 48476
48482 48502
48526 48528
48590 48795
48845 48915
48997 49113
49164 49332
49336 49390
49415 49417
49473 49566
49569 49765
49789 49828
49839 49953
50009 50150
50155 50340
50358 50360
50405 50725
50741 50891
50913 51075
51103 51191
51212 51213
51270 51494
51552 51693
51703 51806
51852 51855
51922 52064
52084 52143
52182 52312
52353 52453
52457 52569
52621 52710
52727 52728
52789 52875
52900 53016
53019 53175
53179 53267
53301 53387
53417 53485
53544 53668
53738 53741
53808 53962
53965 54002
54038 54129
54158 54432
54480 54562
54657 54658
54716 54995
55026 55403
55424 55427
55519 55671
55693 55847
55867 56010
56072 56125
56128 56210
56240 56382
56389 56467
56497 56498
56585 56708
56714 56923
56953 57197
57228 57261
57265 57338
57380 57383
57448 57498
57501 57749
57759 57853
57874 57964
57997 58174
58213 58329
58342 58395
58444 58446
58501 58616
58727 58915
58950 59153
59156 59183
59249 59306
59323 59398
