67 277
287 376
381 479
482 570
609 827
892 893
993 1150
1175 1486
1502 1780
1815 1817
1885 2014
2017 2232
2264 2360
2384 2547
2646 2648
2725 2936
2964 3097
3109 3193
3213 3376
3379 3462
3526 3528
3623 3874
3901 4064
4069 4236
4259 4329
4332 4510
4586 4588
4690 5017
5047 5135
5141 5227
5232 5406
5454 5457
5587 5813
5837 5937
5954 6035
6061 6194
6197 6338
6404 6406
6499 6626
6649 7052
7081 7338
7427 7428
7517 7674
7684 7783
7807 7901
7910 8268
8325 8327
8414 8617
8642 8715
8727 8842
8855 8898
8911 9102
9128 9314
9354 9357
9443 9711
9733 10039
10042 10146
10198 10200
10283 10450
10472 10637
10657 10836
10863 10995
11047 11050
11128 11499
11533 11660
11703 11806
11831 12048
12114 12116
12211 12304
12327 12573
12584 12709
12744 13046
13118 13120
13191 13237
13254 13560
13578 13705
13722 13898
13936 13938
14050 14304
14329 14661
14682 14833
14836 15035
15052 15140
15182 15185
15256 15413
15428 15555
15560 15810
15832 15985
15990 16118
16175 16177
16267 16355
16372 16628
16633 16768
16791 16884
16897 16954
17000 17001
17110 17202
17208 17345
17353 17464
17494 17717
17774 17776
17851 18140
18204 18484
18512 18698
18760 18762
18845 19046
19058 19114
19143 19191
19194 19617
19647 19648
19734 20096
20146 20287
20309 20399
20408 20497
20551 20553
20613 20645
20649 20772
20794 20929
20943 21089
21094 21184
21214 21217
21307 21603
21627 21710
21733 21818
21853 22031
22058 22061
22138 22306
22316 22560
22586 22684
22716 22812
22839 23003
23032 23033
23118 23233
23237 23351
23384 23619
23670 23672
23770 24148
24157 24209
24248 24752
24854 24857
24967 25184
25189 25218
25222 25388
25401 25515
25528 25671
25723 25725
25831 25947
25952 26077
26089 26183
26187 26374
26408 26551
26659 26661
26753 26821
26837 27046
27065 27319
27345 27488
27564 27566
27643 27859
27869 27958
27981 28269
28298 28434
28482 28483
28580 28771
28774 29133
29194 29197
29291 29575
29602 29670
29673 29732
29735 29882
29920 29922
30014 30073
30077 30189
30210 30337
30362 30622
30657 30876
30937 30938
31029 31125
31130 31223
31229 31325
31328 31461
31502 31693
31697 31822
31853 32039
32089 32092
32198 32445
32470 32583
32594 32809
32836 32938
32965 33069
33144 33146
33269 33608
33628 33699
33734 33949
34024 34026
34135 34310
34347 34467
34475 34789
34849 34851
34934 35096
35100 35193
35221 35331
35364 35575
35578 35682
35779 35781
35898 36260
36308 36449
36458 36555
36561 36623
36638 36714
36796 36798
36858 36910
36930 37140
37153 37246
37268 37561
37566 37699
37776 37777
37898 38043
38046 38183
38199 38230
38283 38422
38437 38621
38699 38701
38771 38823
38833 39107
39135 39226
39246 39541
39629 39631
39678 39805
39820 39947
39999 40240
40283 40488
40509 40581
40587 40692
40751 40753
40850 41046
41062 41223
41282 41405
41419 41499
41536 41619
41669 41671
41756 41867
41870 41951
41955 42076
42117 42464
42470 42552
42624 42626
42719 43019
43050 43192
43223 43363
43442 43445
43527 43898
43928 43962
43973 44220
44229 44314
44379 44381
44516 44603
44611 44710
44744 44952
44985 45246
45262 45364
45408 45410
45449 45574
45590 45732
45762 45910
45936 46151
46173 46295
46350 46352
46424 46639
46673 46832
46864 47029
47119 47121
47209 47327
47330 47507
47533 47633
47661 47762
47765 47972
48061 48063
48170 48363
48372 48448
48494 48629
48647 48841
48848 49003
49078 49080
49187 49422
49451 49509
49514 49730
49757 49911
50002 50003
50103 50245
50257 50436
50462 50741
50772 51034
51111 51113
51227 51422
51444 51527
51552 51670
51711 51921
51998 52001
52075 52528
52554 52701
52704 52915
52985 52986
53083 53432
53460 53873
53957 53960
54070 54319
54341 54638
54671 54672
54742 54884
54891 54961
54979 55123
55143 55317
55344 55468
55544 55547
55651 55749
55757 56135
56174 56520
56593 56595
56638 56877
56887 57138
57141 57238
57300 57301
57389 57670
57689 58020
58124 58126
58226 58373
58391 58523
58526 58634
58677 58801
58808 59011
59087 59088
59233 59543
59572 59836
59850 59954
60052 60055
60175 60319
60326 60461
60473 60574
60601 60698
60742 60906
60922 60975
60978 61124
61207 61208
61320 61458
61521 61683
61686 61743
61778 61892
61897 62030
62054 62184
62282 62285
62391 62476
62482 62776
62813 62979
63028 63110
63113 63199
63398 63400
63479 63680
63695 63787
63824 63954
63958 64027
64072 64165
64168 64270
64280 64353
64451 64453
64576 64699
64730 64895
64900 65103
65133 65224
65265 65446
65521 65523
65643 65752
65773 66017
66067 66134
66140 66247
66256 66453
66575 66577
66672 66808
66844 67027
67070 67191
67250 67434
67461 67663
67756 67758
67843 67955
67984 68138
68173 68355
68385 68476
68479 68657
68761 68763
68875 68946
68959 69123
69141 69258
69289 69375
69378 69544
69547 69616
69623 69801
69851 69853
69966 70134
70171 70287
70303 70363
70368 70535
70557 70695
70826 70828
70931 71218
71222 71358
71405 71574
71601 71791
71925 71927
72056 72309
72312 72456
72478 72690
72705 72836
72847 72892
72964 72966
73081 73243
73276 73440
73453 73643
73680 73788
73793 73884
73996 73998
74118 74231
74244 74383
74410 74445
74495 74773
74886 74888
75014 75330
75368 75496
75529 75676
75705 75881
75987 75988
76099 76139
76157 76338
76373 76556
76562 76685
76784 76787
76874 77081
77132 77372
77409 77627
77728 77730
77821 78069
78106 78179
78184 78315
78350 78564
78658 78660
78788 79092
79137 79189
79193 79434
79468 79564
79579 79683
79807 79808
79903 80066
80085 80164
80185 80337
80378 80496
80501 80600
80694 80697
80798 80877
80882 80928
80940 81041
81086 81252
81293 81516
81555 81640
81668 81788
81821 81998
82135 82137
82261 82334
82342 82500
82512 82783
82825 82933
82954 83021
83128 83130
83248 83439
83447 83542
83579 83734
83770 83919
83952 84002
84010 84105
84201 84203
84312 84458
84473 84699
84718 85043
85095 85190
85193 85359
85439 85441
85550 85653
85676 85863
85900 85989
86017 86199
86228 86350
86357 86458
86564 86566
86655 86934
86940 87089
87136 87353
87362 87466
87469 87521
87593 87595
87668 87803
87835 87963
87966 88098
88111 88199
88223 88405
88408 88477
88568 88570
88686 88885
88919 89048
89113 89305
89332 89533
89544 89600
89707 89708
89799 89869
89874 90028
90036 90290
90333 90412
90415 90507
90510 90719
90792 90795
90904 91004
91061 91302
91346 91407
91411 91673
91753 91755
91866 92136
92171 92374
92379 92447
92471 92745
92841 92843
92949 93151
93188 93319
93323 93461
93505 93650
93658 93775
93859 93861
93985 94107
94178 94365
94386 94518
94560 94746
94751 94863
94930 94932
95061 95303
95357 95548
95571 95746
95755 95921
96016 96018
96124 96237
96282 96457
96489 96745
96814 96816
96946 97030
97033 97232
97289 97374
97378 97538
97544 97736
97847 97848
97964 98092
98102 98151
98163 98494
98545 98662
98699 98835
98848 98945
99036 99038
99165 99422
99433 99539
99544 99708
99820 99823
99994 100291
100320 100539
100545 100633
100673 100858
100887 101155
101257 101258
101375 101482
101485 101543
101586 101931
101969 102015
102020 102118
102124 102252
102365 102368
102489 102573
102582 102691
102720 102819
102843 102970
103003 103058
103061 103144
103157 103225
103260 103367
103384 103486
103607 103608
103735 103951
103964 104054
104064 104228
104250 104504
104574 104577
104703 104810
104814 104874
104895 104939
104962 105027
105041 105203
105246 105279
105282 105456
105494 105530
105534 105701
105801 105803
105958 106155
106170 106319
106343 106452
106501 106591
106606 106684
106809 106811
106944 107105
107108 107284
107322 107420
107459 107612
107629 107726
107840 107842
107965 108075
108085 108165
108193 108286
108344 108425
108492 108622
108721 108723
108830 108917
108930 109106
109151 109275
109294 109399
109497 109498
109654 110005
110044 110258
110300 110438
110449 110554
110652 110655
110798 110891
110902 111067
111071 111217
111284 111512
111605 111607
111721 111800
111844 112051
112060 112296
112333 112473
112561 112563
112693 112823
112837 113166
113212 113463
113556 113558
113667 113857
113870 114012
114048 114216
114265 114445
114546 114548
114674 114799
114858 115001
115004 115102
115129 115405
115502 115503
115620 115756
115777 115996
116045 116364
116414 116632
116730 116733
116841 117075
117143 117423
117438 117608
117718 117720
117818 117901
117913 117981
117992 118109
118134 118359
118362 118440
118466 118578
118632 118660
118675 118828
118935 118937
119039 119155
119164 119372
119409 119478
119499 119593
119636 119676
119679 119902
120000 120002
120112 120186
120219 120303
120335 120461
120488 120599
120671 120774
120780 120893
121007 121008
121089 121241
121259 121294
121312 121442
121492 121736
121773 121925
122033 122036
122127 122214
122220 122316
122355 122434
122476 122549
122582 122656
122684 122753
122771 122895
122898 123031
123036 123136
123221 123223
123336 123395
123432 123558
123568 123711
123721 123825
123830 123938
123989 124142
124150 124180
124185 124224
124343 124345
124453 124612
124617 124774
124778 124835
124879 125001
125012 125155
125165 125270
125346 125348
125474 125692
125695 125792
125839 125947
125988 126090
126118 126355
126463 126465
126613 126958
127001 127233
127278 127438
127539 127541
127639 127721
127724 127792
127795 127828
127833 127885
127929 128098
128101 128152
128205 128279
128293 128449
128589 128591
128707 128871
128924 129167
129171 129292
129320 129474
129567 129568
129703 129797
129818 129865
129868 130010
130025 130201
130242 130364
130415 130602
130696 130698
130848 131072
131094 131196
131245 131313
131318 131438
131446 131522
131531 131708
131812 131815
131930 132057
132089 132183
132232 132371
132401 132468
132471 132515
132518 132565
132572 132643
132707 132814
132830 132938
133019 133021
133141 133275
133285 133462
133508 133553
133556 133613
133621 133720
133727 133812
133819 134011
134076 134078
134229 134466
134492 134762
134797 135027
135109 135111
135232 135420
135423 135519
135574 135727
135742 135890
135977 135978
136066 136114
136117 136150
136168 136286
136293 136423
136470 136598
136631 136769
136809 137048
137118 137121
137208 137411
137449 137528
137553 137633
137661 137727
137766 137837
137860 137980
137985 138162
138268 138270
138397 138548
138552 138700
138710 138804
138813 138932
138978 139189
139290 139292
139442 139739
139767 140103
140202 140203
140313 140450
140480 140746
140760 140846
140855 140975
140987 141051
141162 141165
141281 141363
141385 141545
141591 141857
141878 142027
142127 142128
142235 142314
142323 142400
142409 142534
142582 142762
142773 142879
142885 142930
142936 143033
143141 143143
143192 143198
143263 143341
143355 143385
143389 143506
143535 143712
143775 143865
143886 144005
144121 144123
144232 144488
144515 144593
144597 144738
144786 144838
144846 145108
145188 145191
145289 145508
145533 145686
145744 145927
145973 146209
146217 146318
146330 146442
146552 146553
146665 146787
146819 146914
146947 147220
147258 147351
147358 147500
147503 147611
147697 147700
147822 147909
147924 148165
148168 148237
148254 148368
148396 148524
148561 148676
148772 148773
148892 149190
149228 149426
149475 149658
149766 149768
149868 149978
150016 150226
150230 150325
150356 150620
150708 150711
150853 151016
151025 151268
151299 151644
151698 151920
152025 152027
152128 152252
152302 152391
152397 152500
152541 152804
152911 152913
153020 153182
153217 153471
153492 153670
153723 153877
153967 153968
154097 154164
154168 154385
154426 154538
154566 154695
154734 154804
154829 154915
155016 155018
155095 155306
155368 155523
155527 155754
155832 155835
155955 156146
156175 156229
156235 156304
156345 156576
156602 156765
156840 156842
156937 157043
157093 157169
157177 157398
157417 157638
157668 157832
157926 157928
158045 158149
158194 158268
158294 158459
158495 158612
158615 158800
158894 158896
158993 159048
159058 159342
159387 159603
159640 159778
159886 159888
159966 160023
160053 160236
160257 160421
160458 160592
160704 160706
160829 160892
160923 161221
161268 161390
161420 161563
161572 161624
161631 161760
161863 161865
161998 162151
162162 162376
162394 162686
162760 162762
162879 162974
163009 163137
163147 163307
163351 163509
163535 163701
163819 163821
163932 164014
164020 164187
164194 164278
164340 164487
164507 164598
164637 164759
164777 164882
165000 165002
165105 165218
165221 165297
165319 165379
165429 165532
165535 165620
165634 165688
165728 165807
165845 165918
165950 166017
166049 166142
166241 166243
166315 166512
166543 166633
166641 166710
166719 166750
166783 166870
166874 167015
167050 167198
167212 167271
167274 167324
167448 167450
167541 167669
167672 167786
167822 167997
168055 168254
168370 168372
168469 168545
168553 168649
168680 168827
168876 169029
169066 169281
169380 169382
169440 169512
169516 169599
169611 169832
169866 169976
170005 170193
170287 170288
170379 170518
170561 170813
170874 171035
171082 171269
171370 171373
171468 171654
171669 171826
171850 171952
171958 172147
172171 172333
172413 172415
172512 172690
172728 172908
172941 173287
173375 173377
173498 173663
173711 174037
174083 174271
174299 174467
174577 174578
174674 174899
174926 175161
175221 175411
175500 175503
175631 175730
175748 175964
176023 176118
176129 176233
176245 176352
176440 176442
176543 176609
176637 176946
176975 177156
177252 177253
177385 177544
177558 177607
177615 177797
177849 178044
178075 178263
178372 178375
178475 178628
178664 178793
178836 178981
179056 179235
179268 179390
179526 179528
179616 179810
179845 179945
179948 180103
180166 180327
180334 180519
180634 180636
180723 180805
180808 180896
180905 180960
180999 181153
181199 181332
181392 181430
181460 181663
181754 181756
181871 181930
181937 182053
182059 182091
182122 182298
182343 182471
182512 182654
182659 182799
182906 182908
183021 183086
183100 183217
183229 183311
183362 183512
183540 183658
183711 183870
183985 183987
184079 184296
184301 184429
184464 184729
184732 184829
184899 184901
185039 185248
185273 185468
185505 185642
185658 185849
185963 185965
186071 186417
186470 186668
186676 186803
186885 186887
187004 187096
187101 187182
187186 187261
187275 187350
187357 187421
187436 187514
187558 187685
187693 187821
187925 187927
188057 188148
188155 188247
188267 188358
188382 188746
188783 189007
189126 189128
189261 189319
189329 189526
189538 189689
189714 189842
189848 189997
190030 190140
190235 190237
190347 190587
190619 190690
190723 190912
190965 191043
191057 191148
191157 191281
191375 191377
191513 191632
191638 191712
191716 191778
191809 191931
191934 192089
192201 192203
192343 192535
192575 192759
192762 192804
192821 192956
192972 193143
193256 193258
193376 193479
193509 193591
193674 193824
193862 193962
193982 194071
194104 194217
194224 194289
194376 194378
194472 194601
194650 194752
194755 194877
194920 195083
195086 195173
195185 195236
195257 195348
195453 195455
195588 195845
195849 195928
195932 196022
196057 196290
196378 196380
196494 196578
196605 196853
196860 197078
197127 197227
197239 197404
197418 197532
197636 197638
197738 197832
197873 197961
198003 198199
198222 198386
198406 198505
198611 198613
198732 198848
198875 198988
199021 199139
199182 199249
199267 199326
199364 199529
199634 199636
199752 200075
200123 200383
200413 200592
200673 200675
200812 201046
201062 201425
201474 201665
201750 201752
201844 202109
202113 202232
202274 202485
202522 202694
202790 202792
202875 202949
202969 203048
203064 203144
203166 203257
203285 203355
203394 203473
203491 203567
203619 203696
203726 203898
203975 203977
204088 204424
204428 204611
204650 204935
205024 205026
205161 205314
205368 205657
205701 205863
205957 205958
206055 206173
206178 206397
206441 206782
206847 207005
207094 207097
207235 207336
207345 207422
207454 207521
207534 207599
207617 207755
207759 207860
207954 207956
208078 208165
208185 208440
208467 208567
208605 208951
209061 209063
209193 209318
209322 209434
209471 209694
209719 209863
209877 209932
209935 210019
210120 210122
210215 210376
210421 210637
210677 210813
210845 211109
211192 211193
211320 211524
211540 211671
211674 211867
211903 212147
212233 212236
212366 212495
212500 212778
212820 213048
213099 213256
213378 213380
213519 213708
213733 213828
213851 213930
213945 214029
214032 214161
214165 214226
214248 214361
214448 214450
214565 214813
214838 215019
215055 215189
215195 215395
215491 215493
215616 215822
215830 216026
216060 216162
216195 216307
216332 216499
216590 216592
216709 216765
216785 216925
216935 217018
217062 217286
217323 217422
217457 217575
217652 217653
217778 217918
217950 218140
218169 218294
218343 218562
218655 218658
218765 218856
218869 218940
218943 219020
219038 219113
219141 219208
219222 219316
219347 219482
219584 219586
219702 220047
220090 220236
220240 220330
220367 220550
220620 220622
220738 220971
220974 221191
221222 221338
221412 221413
221475 221662
221669 221794
221844 222097
222149 222269
222292 222391
222505 222508
222631 222795
222821 222933
222973 223225
223263 223504
223605 223607
223722 223811
223838 223951
223965 224249
224291 224510
224529 224648
224756 224758
224878 225016
225031 225166
225170 225232
225266 225326
225331 225460
225495 225695
225782 225783
225918 226287
226324 226418
226446 226544
226587 226743
226761 226915
227010 227013
227110 227333
227356 227431
227469 227533
227541 227676
227709 227863
227956 227958
228064 228188
228202 228448
228480 228814
228919 228921
229016 229072
229084 229314
229374 229600
229639 229743
229747 229845
229933 229935
230028 230232
230240 230335
230359 230447
230479 230544
230570 230737
230740 230847
230946 230948
231071 231197
231213 231389
231433 231678
231769 231771
231895 232063
232101 232237
232276 232497
232510 232620
232709 232711
232813 232961
232985 233163
233197 233363
233366 233424
233428 233565
233598 233683
233775 233777
233874 234081
234114 234204
234207 234280
234283 234312
234359 234464
234471 234614
234710 234712
234814 234893
234897 234982
234987 235195
235220 235418
235509 235511
235640 236119
236148 236291
236397 236398
236514 236808
236850 236930
236955 237054
237069 237171
237208 237379
237475 237478
237568 237814
237830 238055
238103 238138
238147 238271
238274 238304
238432 238433
238552 238793
238847 239054
239060 239291
239394 239397
239502 239685
239698 239841
239875 240027
240054 240110
240113 240204
240308 240310
240431 240495
240502 240636
240666 240815
240840 240965
240987 241206
241291 241293
241389 241510
241538 241644
241652 241748
241754 241841
241886 242156
242179 242420
242529 242531
242616 242697
242700 242957
242962 243103
243133 243287
243290 243387
243477 243478
243589 243782
243810 243975
244010 244142
244190 244340
244446 244448
244547 244665
244682 244808
244850 245249
245278 245532
245636 245638
245755 246044
246070 246211
246242 246494
246579 246582
246682 246809
246817 247021
247028 247351
247457 247458
247506 247560
247590 248026
248031 248086
248113 248455
248554 248557
248695 248918
248941 249057
249086 249220
249267 249531
249661 249663
249835 250093
250135 250331
250346 250478
250626 250628
250765 250854
250882 251073
251110 251275
