167 384
408 609
636 718
754 953
1080 1082
1182 1344
1373 1667
1684 1957
2068 2070
2197 2464
2484 2560
2577 2679
2701 2875
3024 3026
3115 3342
3369 3527
3541 3631
3662 3714
3722 3935
4037 4038
4317 4540
4568 4632
4656 4922
4974 5229
5305 5307
5414 5724
5757 6137
6211 6213
6374 6605
6641 6755
6775 6863
6933 7079
7094 7240
7336 7338
7479 7633
7662 7947
7971 8091
8107 8350
8499 8501
8650 8802
8826 9014
9038 9175
9193 9465
9555 9557
9663 9761
9781 9909
9939 10008
10017 10066
10083 10170
10186 10426
10445 10645
10761 10763
10901 11161
11191 11478
11493 11594
11699 11701
11814 12005
12030 12223
12255 12330
12338 12426
12444 12588
12718 12720
12863 13360
13399 13698
13806 13807
13888 13981
14004 14386
14408 14711
14849 14851
15014 15061
15097 15206
15224 15487
15509 15637
15657 15857
15962 15963
16073 16148
16170 16391
16424 16580
16609 16799
16822 17082
17094 17151
17154 17267
17367 17370
17485 17626
17657 17791
17808 18014
18017 18096
18119 18374
18499 18501
18685 18781
18798 18964
18967 19216
19244 19345
19349 19404
19462 19463
19634 19732
19759 19801
19809 20063
20087 20354
20436 20438
20523 20771
20796 20894
20946 21178
21196 21484
21530 21532
21708 21976
22004 22054
22061 22176
22179 22292
22311 22554
22668 22670
22790 22873
22893 23022
23039 23251
23280 23443
23472 23580
23590 23683
23768 23770
23865 24043
24065 24215
24238 24396
24419 24509
24618 24620
24706 25038
25072 25152
25219 25323
25339 25403
25408 25439
25444 25542
25624 25626
25754 25927
25955 26090
26095 26439
26467 26649
26762 26763
26914 26980
26983 27044
27054 27107
27118 27194
27220 27347
27371 27498
27567 27570
27662 28131
28179 28278
28296 28688
28691 28761
28831 28832
28908 29130
29162 29355
29358 29390
29421 29565
29590 29755
29843 29845
29937 30071
30084 30250
30253 30346
30369 30587
30612 30761
30856 30857
30985 31057
31079 31304
31328 31608
31621 31771
31855 31857
32003 32128
32134 32246
32267 32657
32675 32825
32893 32895
33025 33119
33135 33313
33321 33614
33681 33682
33806 33994
34011 34133
34145 34270
34278 34336
34347 34441
34511 34513
34621 34684
34696 34817
34839 34967
35000 35262
35296 35541
35617 35620
35759 35857
35877 35990
35993 36092
36117 36273
36308 36515
36518 36625
36650 36873
36937 36938
37062 37174
37178 37347
37370 37486
37510 37825
37844 37977
38067 38070
38191 38412
38432 38649
38662 38738
38754 38993
39112 39113
39204 39411
39440 39565
39597 39757
39784 39965
40030 40032
40176 40456
40480 40590
40633 40893
40896 40996
41080 41082
41195 41614
41645 41815
41833 41943
41968 42044
42056 42127
42218 42220
42341 42400
42423 42594
42609 42704
42719 42813
42841 43279
43356 43357
43492 43647
43671 43878
43933 44090
44114 44187
44193 44329
44449 44451
44576 44746
44762 44797
44801 44972
44999 45110
45152 45334
45341 45484
45618 45620
45746 45892
45917 46054
46092 46307
46335 46550
46591 46795
46868 46870
46956 47065
47069 47179
47215 47428
47475 47611
47630 47786
47887 47888
48046 48135
48152 48360
48393 48798
48801 48895
48986 48988
49118 49346
49350 49442
49468 49618
49649 49819
49880 49882
49986 50073
50076 50166
50184 50422
50448 50544
50551 50739
50755 50849
50936 50938
51086 51179
51203 51304
51326 51428
51453 51571
51606 52017
52105 52107
52243 52386
52410 52581
52598 52752
52781 52932
52935 52992
53013 53071
53082 53213
53274 53276
53379 53627
53661 53871
53902 54073
54149 54151
54235 54363
54382 54583
54613 54719
54751 54844
54863 54985
54993 55118
55193 55195
55336 55524
55530 55609
55636 55777
55813 55967
55988 56073
56077 56139
56155 56247
56349 56351
56424 56682
56719 56773
56800 56906
56909 57051
57080 57239
57324 57326
57423 57558
57588 57780
57811 57846
57849 58013
58021 58159
58186 58295
58321 58496
58599 58601
58754 58823
58863 59043
59060 59143
59155 59282
59315 59382
59390 59561
59674 59676
59790 59912
59943 60005
60008 60182
60201 60357
60383 60531
60548 60792
60868 60870
60966 61288
61315 61549
61552 61697
61710 61814
61874 61876
62005 62280
62302 62461
62464 62586
62668 62670
62770 62938
62943 63020
63058 63222
63259 63484
63517 63660
63731 63732
63844 63938
63959 64096
64118 64381
64414 64752
64811 64813
64968 65235
65250 65535
65552 65658
65761 65763
65830 66150
66175 66380
66385 66494
66523 66638
66699 66701
66819 66974
66979 67254
67291 67453
67500 67725
67793 67795
67890 67932
67936 68248
68282 68555
68576 68608
68612 68704
68762 68763
68869 69031
69048 69285
69317 69421
69441 69625
69647 69780
69784 69852
69911 69913
70012 70152
70259 70321
70324 70513
70532 70738
70755 70839
70850 70920
70924 71013
71111 71113
71312 71392
71410 71711
71745 71954
71999 72096
72099 72187
72274 72276
72386 72621
72636 72727
72751 72905
72932 73019
73042 73262
73270 73346
73430 73432
73531 73681
73708 74070
74073 74163
74192 74406
74493 74495
74585 74691
74714 74940
74963 75043
75059 75368
75449 75451
75559 75695
75737 75935
75989 76121
76177 76357
76388 76618
76737 76738
76815 76961
76983 77147
77214 77413
77429 77744
77799 77801
77893 77966
77987 78044
78049 78149
78172 78312
78339 78599
78623 78878
78943 78945
79075 79239
79298 79424
79443 79664
79698 79857
79949 79951
80083 80414
80430 80593
80621 80794
80817 80996
81080 81082
81192 81350
81366 81472
81495 81832
81855 82043
82143 82145
82269 82437
82457 82843
82876 83003
83025 83137
83237 83238
83387 83508
83532 83705
83735 83770
83812 84153
84286 84288
84420 84554
84573 84630
84633 84765
84848 84967
84979 85128
85149 85322
85386 85388
85497 85528
85548 85801
85836 86187
86305 86307
86466 86711
86748 86800
86815 87046
87081 87159
87163 87326
87405 87407
87521 87787
87811 87914
87940 88072
88116 88350
88399 88401
88554 88657
88673 88908
88936 89070
89074 89273
89290 89375
89378 89494
89599 89601
89705 89794
89845 89933
89937 90018
90033 90171
90201 90446
90512 90513
90710 90940
90981 91161
91186 91409
91426 91521
91548 91664
91684 91884
91980 91982
92064 92627
92655 92853
92936 92938
93034 93230
93247 93353
93386 93546
93576 93744
93768 93940
93992 93995
94112 94265
94291 94458
94463 94560
94594 94693
94700 94981
95038 95321
95487 95488
95599 95715
95729 95943
95978 96059
96133 96339
96383 96633
96749 96751
96855 97054
97081 97324
97360 97594
97612 97763
97880 97882
98011 98144
98179 98474
98497 98595
98625 98816
98819 98893
98999 99001
99162 99294
99317 99420
99447 99599
99648 99858
99884 100183
100343 100345
100455 100529
100574 100612
100624 101041
101068 101419
101537 101538
101660 101781
101823 102103
102142 102474
102549 102551
102622 102945
102975 103185
103204 103550
103662 103663
103790 103837
103853 104042
104065 104173
104176 104362
104396 104543
104560 104727
104861 104863
104968 105131
105159 105503
105537 105848
105930 105932
106022 106299
106333 106518
106540 106887
106955 106957
107041 107185
107198 107419
107451 107516
107519 107746
107830 107832
107931 108244
108286 108431
108452 108662
108676 108765
108880 108882
108962 109093
109106 109160
109180 109511
109545 109733
109746 109924
110049 110051
110149 110434
110477 110820
110937 110938
111050 111342
111368 111458
111461 111666
111705 111878
111893 112198
112261 112263
112386 112554
112575 112664
112684 113012
113046 113344
113442 113445
113538 113753
113778 113892
113911 114031
114063 114224
114228 114315
114333 114449
114469 114589
114674 114676
114745 114880
114890 115050
115068 115175
115180 115211
115225 115647
115749 115751
115864 115980
115986 116057
116065 116127
116136 116203
116208 116377
116406 116650
116686 116723
116726 116824
116827 116930
117012 117013
117151 117233
117236 117375
117402 117571
117601 117723
117752 117953
118086 118088
118238 118350
118361 118648
118684 118790
118823 118976
118999 119049
119058 119114
119224 119226
119345 119491
119500 119587
119618 119755
119777 119907
119931 120072
120168 120170
120292 120621
120654 120909
120999 121001
121101 121482
121515 121769
121793 121848
121856 121968
121979 122085
122143 122145
122201 122260
122276 122532
122560 122735
122768 122997
123002 123065
123143 123145
123253 123322
123358 123567
123582 123835
123862 124025
124156 124157
124271 124464
124494 124646
124651 124815
124840 125144
125224 125226
125318 125356
125364 125568
125612 125779
125810 125988
126023 126222
126299 126301
126411 126548
126566 126753
126771 127178
127280 127282
127393 127529
127554 127815
127849 128038
128054 128265
128301 128537
128643 128645
128707 128969
129002 129161
129184 129337
129363 129557
129631 129632
129710 129797
129805 129870
129876 129938
129941 130015
130035 130318
130344 130451
130479 130664
130774 130776
130859 130974
130998 131213
131242 131325
131350 131458
131482 131760
131805 131807
131888 131971
131998 132104
132126 132398
132421 132667
132786 132788
132914 133233
133276 133543
133570 133738
133811 133813
133965 134055
134062 134150
134186 134273
134290 134373
134391 134481
134502 134578
134609 134640
134679 135061
135149 135151
135248 135312
135343 135473
135476 135620
135648 135895
135922 136161
136230 136232
136363 136515
136531 136714
136721 136783
136809 136939
136947 137232
137299 137301
137383 137735
137773 138003
138029 138308
138399 138401
138506 138901
138927 139158
139187 139379
139443 139445
139703 139791
139813 139892
139901 139935
139944 140004
140047 140284
140314 140409
140413 140572
140618 140620
140739 140912
140955 141366
141397 141581
141662 141663
141794 141914
141953 142156
142170 142313
142319 142432
142474 142644
142673 142886
142986 142988
143173 143324
143344 143580
143613 143928
143931 144128
144224 144226
144311 144466
144507 144610
144634 144788
144823 145060
145086 145187
145192 145306
145393 145395
145497 145676
145695 145898
145944 146182
146205 146258
146265 146534
146618 146620
146750 146844
146847 147062
147099 147240
147243 147430
147463 147513
147516 147738
147831 147832
148038 148357
148392 148556
148561 148633
148636 148717
148849 148851
148941 149321
149354 149489
149531 149692
149714 149969
150124 150126
150304 150536
150576 150661
150676 150768
150783 150852
150884 151282
151349 151351
151463 151825
151864 151936
151940 152138
152167 152429
152518 152520
152622 152969
153000 153403
153531 153532
153612 153760
153796 154107
154124 154372
154381 154453
154555 154557
154660 154778
154793 154984
155020 155299
155323 155507
155624 155626
155721 155797
155820 155973
155976 156083
156113 156185
156203 156594
156655 156657
156742 156850
156868 157005
157036 157242
157275 157512
157630 157632
157785 158096
158111 158332
158358 158418
158425 158718
158805 158807
158952 159188
159212 159379
159403 159612
159641 159906
159929 160143
160236 160238
160319 160472
160478 160578
160606 160873
160905 161134
161139 161252
161305 161307
161414 161511
161538 161815
161820 161900
161926 162041
162081 162120
162124 162357
162468 162470
162573 162688
162703 162941
162973 163101
163106 163184
163205 163414
163499 163501
163617 163752
163784 163911
163930 164179
164201 164260
164282 164565
164649 164651
164710 165180
165209 165598
165630 165868
165930 165932
166058 166135
166144 166258
166280 166382
166401 166511
166560 166856
166918 166920
167014 167187
167204 167244
167279 167510
167539 167728
167744 167946
168037 168038
168139 168443
168470 168524
168527 168603
168629 168770
168791 168868
168880 168971
169067 169070
169155 169404
169421 169855
169949 169951
170017 170277
170307 170436
170455 170537
170563 170713
170733 170911
171024 171026
171167 171282
171297 171610
171637 171889
171901 172080
172174 172176
172200 172313
172324 172411
172442 172570
172599 172696
172725 172871
172901 173112
173218 173220
173349 173749
173788 174028
174061 174220
174337 174338
174430 174531
174544 174717
174740 174812
174824 174920
174935 175098
175174 175176
175294 175348
175370 175540
175557 175705
175739 175879
175901 176061
176083 176292
176380 176382
176480 176657
176669 176918
176930 177301
177386 177388
177490 177602
177630 177780
177813 177971
177991 178185
178212 178374
178492 178495
178580 178661
178687 178893
178916 179017
179047 179162
179165 179330
179357 179581
179631 179632
179772 179994
180020 180079
180117 180321
180340 180400
180425 180505
180521 180607
180618 180677
180701 180807
180874 180876
180959 181165
181191 181283
181290 181355
181378 181630
181655 181838
181842 181955
181999 182001
182065 182350
182355 182541
182567 182820
182937 182938
182996 183090
183108 183228
183258 183418
183453 183599
183618 183862
183942 183945
184035 184214
184252 184474
184506 184633
184660 184873
184968 184970
185059 185217
185252 185523
185554 185755
185782 186003
186106 186107
186255 186453
186484 186639
186645 186753
186777 186989
187009 187190
187305 187307
187452 187637
187662 187851
187873 188287
188380 188382
188511 188654
188664 188743
188777 189125
189170 189362
189388 189580
189661 189663
189738 189980
190007 190272
190296 190508
190542 190545
190614 190716
190739 190977
191019 191109
191131 191235
191263 191370
191437 191438
191492 191562
191579 191651
191657 191993
192015 192235
192349 192351
192438 192677
192699 192900
192933 193125
193153 193353
193468 193470
193538 193723
193749 193896
193929 194094
194132 194323
194344 194483
194618 194620
194677 194873
194900 195187
195225 195383
195398 195607
195718 195720
195808 195905
195925 196083
196086 196240
196269 196412
196436 196681
196724 196726
196779 197007
197050 197267
197286 197418
197468 197635
197646 197817
197937 197938
198029 198085
198110 198259
198266 198368
198405 198582
198598 198748
198793 198947
199005 199007
199058 199441
199472 199788
199792 199865
199924 199926
199983 200218
200241 200457
200484 200654
200679 200884
200949 200951
201072 201372
201392 201494
201514 201741
201749 201898
201980 201982
202102 202298
202338 202420
202443 202522
202541 202618
202637 202718
202740 202868
202886 203032
203099 203101
203219 203306
203329 203437
203461 203541
203579 203950
203980 204234
204349 204351
204456 204520
204529 204896
204923 205236
205261 205369
205449 205451
205534 205786
205817 206007
206025 206128
206162 206480
206593 206595
206691 206888
206908 207250
207368 207370
207470 207669
207704 207973
208000 208177
208196 208361
208431 208432
208497 208613
208679 208764
208797 208953
208999 209107
209130 209240
209262 209367
209371 209430
209518 209520
209600 209729
209793 210012
210030 210314
210334 210438
210556 210557
210664 210966
210988 211172
211204 211458
211530 211532
211625 211712
211723 211991
212010 212202
212209 212276
212308 212630
212642 212779
212824 212826
212924 213037
213067 213167
213198 213417
213443 213636
213662 213775
213880 213882
213938 214079
214125 214244
214297 214439
214465 214529
214534 214603
214628 214787
214930 214932
215018 215398
215429 215701
215711 215806
215809 215921
216011 216013
216134 216332
216351 216771
216802 217011
217136 217138
217256 217667
217701 217926
217950 218119
218205 218207
218298 218385
218414 218499
218534 218620
218641 218739
218763 218833
218862 218941
218967 219052
219078 219156
219187 219384
219461 219463
219557 219633
219650 219915
219935 220165
220193 220314
220374 220616
220724 220726
220791 221023
221044 221368
221408 221592
221668 221670
221787 222151
222224 222564
222589 222752
222806 222807
222930 223014
223043 223116
223146 223223
223242 223561
223680 223682
223768 223851
223867 224038
224066 224162
224168 224260
224283 224623
224755 224757
224799 224937
224942 225067
225093 225320
225342 225641
225743 225745
225838 225898
225910 226015
226043 226314
226340 226484
226511 226791
226887 226888
226966 227305
227329 227537
227559 227794
227886 227888
227945 228083
228130 228437
228462 228614
228617 228689
228710 228859
228930 228932
229009 229238
229272 229365
229371 229467
229485 229567
229575 229861
229949 229951
230079 230367
230387 230637
230662 231019
231099 231101
231265 231617
231651 232026
232087 232088
232157 232215
232233 232303
232328 232494
232531 232774
232810 232925
232939 233054
233124 233126
233148 233291
233311 233542
233564 233692
233717 233946
234024 234026
234094 234203
234226 234293
234309 234394
234416 234494
234516 234587
234605 234707
234713 234862
234949 234951
235071 235126
235129 235456
235490 235732
235758 235986
236062 236063
236129 236511
236576 236812
236867 236870
236950 237063
237086 237183
237193 237253
237256 237321
237348 237500
237504 237622
237653 237766
237781 237882
237937 237938
237991 238199
238225 238342
238367 238573
238592 238645
238680 238924
238927 238983
239067 239070
239182 239273
239306 239454
239463 239580
239583 239664
239670 239754
239779 240111
240168 240170
240235 240373
240395 240586
240619 240679
240704 240842
240864 241056
241156 241157
241270 241522
241538 241688
241716 241826
241852 241958
241988 242187
242209 242354
242430 242432
242474 242801
242830 242899
242924 243087
243106 243280
243330 243332
243393 243431
243434 243533
243549 243809
243832 243930
243949 244224
244293 244295
244401 244454
244478 244746
244775 245007
245032 245248
245324 245326
245418 245726
245747 245841
245868 245916
245946 246255
246337 246338
246377 246705
246732 247017
247080 247082
247125 247342
247366 247528
247553 247789
247798 247924
248005 248007
248070 248120
248149 248254
248283 248476
248502 248670
248684 248879
248896 249011
249068 249070
249215 249293
249313 249449
249475 249553
249559 249644
249647 249677
249701 249820
249838 250012
250081 250082
250166 250250
250261 250344
250363 250540
250571 250679
250696 250882
250911 250913
250971 251284
251306 251578
251608 251766
251842 251845
251943 252065
252068 252184
252207 252324
252372 252469
252488 252608
252620 252744
252762 252965
253031 253032
253150 253236
253255 253439
253458 253710
253741 253770
253775 253972
254043 254045
254096 254390
254413 254882
254931 254932
255069 255186
255200 255310
255340 255407
255411 255514
255537 255682
255702 255855
255930 255932
256024 256113
256123 256267
256286 256461
256493 256615
256624 256867
256924 256926
256949 257080
257138 257350
257371 257486
257518 257837
257861 258035
258044 258154
258249 258251
258345 258895
258923 259194
259262 259263
259369 259587
259614 259813
259843 260004
260035 260214
260286 260288
260337 260498
260526 260675
260709 260879
260895 261174
261200 261482
261580 261582
261694 262023
262062 262223
262236 262523
262599 262601
262666 262859
262899 262998
263014 263169
263192 263562
263662 263663
263706 263759
263784 263971
263992 264375
264395 264607
264699 264701
264772 265019
265036 265158
265183 265323
265370 265672
265749 265751
265841 266131
266166 266507
266599 266601
266676 266762
266769 266975
266999 267164
