111 333
336 612
655 865
893 895
976 1131
1134 1425
1446 1726
1768 1770
1830 2204
2227 2332
2364 2530
2568 2570
2648 2874
2903 3072
3075 3160
3200 3477
3562 3563
3659 3899
3928 4232
4241 4315
4318 4486
4580 4582
4663 4971
5012 5232
5235 5383
5405 5407
5462 5693
5721 5820
5836 5922
5927 6061
6087 6236
6336 6338
6392 6937
6940 7198
7242 7245
7287 7459
7486 7692
7717 8097
8174 8176
8227 8452
8457 8644
8672 8898
8924 9116
9168 9170
9236 9533
9569 9642
9663 9988
10037 10038
10192 10386
10420 10606
10622 10809
10832 10980
11024 11026
11078 11370
11373 11585
11619 11927
11962 11963
11997 12097
12100 12446
12477 12775
12805 12807
12868 12923
12941 13263
13287 13401
13441 13658
13774 13776
13855 14128
14160 14281
14285 14440
14465 14722
14739 14843
14868 14870
14943 15093
15118 15498
15520 15639
15643 15749
15831 15832
15894 15993
15996 16389
16417 16514
16523 16581
16636 16638
16697 16804
16831 16975
16993 17123
17151 17394
17511 17513
17550 17859
17895 18104
18113 18381
18417 18420
18469 18686
18692 18746
18773 18825
18856 19279
19331 19332
19387 19762
19799 19936
19939 20024
20030 20120
20161 20163
20252 20409
20435 20569
20597 20743
20761 20849
20930 20932
20997 21296
21318 21556
21560 21653
21718 21720
21781 21952
21980 22402
22435 22610
22712 22713
22809 22938
22941 22992
22995 23073
23104 23220
23226 23359
23436 23438
23504 23942
23988 24089
24092 24530
24599 24601
24669 24895
24932 25141
25189 25328
25348 25506
25562 25563
25642 25769
25774 25913
25917 26015
26018 26228
26256 26407
26486 26488
26550 26623
26650 26727
26730 26872
26906 27177
27211 27354
27430 27432
27503 27715
27719 28091
28118 28259
28324 28326
28383 28555
28558 28659
28662 28938
29018 29020
29087 29266
29269 29381
29390 29454
29472 29683
29762 29763
29828 30012
30024 30136
30175 30423
30453 30564
30567 30677
30786 30788
30851 30942
30968 31063
31066 31159
31188 31329
31366 31546
31549 31692
31710 31916
31999 32001
32039 32396
32424 32825
32893 32895
32967 33170
33173 33424
33455 33690
33787 33788
33908 34096
34136 34251
34281 34438
34451 34617
34692 34695
34734 34997
35000 35102
35174 35400
35436 35536
35599 35601
35649 35878
35881 36034
36067 36227
36230 36328
36357 36439
36446 36532
36599 36601
36639 36701
36728 36957
36983 37070
37107 37399
37406 37535
37605 37607
37707 37850
37884 38072
38118 38271
38294 38467
38518 38520
38592 38910
38936 39029
39077 39342
39418 39420
39487 39620
39625 39745
39837 40044
40081 40181
40186 40285
40317 40506
40574 40576
40642 40850
40885 41084
41131 41255
41270 41417
41487 41488
41552 41644
41647 41746
41750 41877
41927 42300
42309 42421
42499 42501
42548 42861
42893 43029
43092 43276
43355 43357
43407 44026
44034 44140
44218 44220
44267 44446
44473 44664
44682 45034
45131 45132
45217 45351
45374 45668
45699 45880
45904 45964
45967 46075
46180 46182
46240 46487
46521 46703
46729 46894
46999 47001
47067 47193
47200 47391
47418 47521
47559 47656
47683 47783
47786 47897
47962 47963
48035 48313
48337 48474
48518 48712
48715 48781
48785 48879
48980 48982
49066 49320
49357 49406
49411 49647
49674 49828
49886 49888
49969 50116
50141 50316
50343 50614
50647 50752
50769 50931
51067 51070
51171 51400
51413 51496
51525 51630
51672 51901
51999 52001
52068 52408
52429 52570
52603 52760
52763 52982
53080 53082
53124 53426
53452 53778
53804 53915
54005 54007
54058 54313
54341 54612
54674 54676
54753 54979
55007 55162
55184 55288
55291 55389
55407 55538
55612 55613
55669 56157
56199 56293
56316 56541
56655 56657
56699 56965
56995 57266
57294 57381
57461 57463
57524 57815
57840 58236
58311 58313
58380 58766
58801 59143
