48 162
176 213
216 279
323 418
463 573
604 698
707 805
818 870
876 954
1049 1051
1078 1173
1176 1226
1278 1437
1442 1591
1609 1745
1781 1884
1887 1919
2005 2007
2113 2413
2440 2542
2568 2741
2843 2845
2880 3012
3015 3085
3095 3236
3241 3328
3351 3601
3687 3688
3745 3956
3959 4011
4038 4252
4276 4336
4415 4497
4536 4722
4749 4751
4792 4874
4877 4996
4999 5052
5063 5121
5175 5267
5309 5402
5420 5486
5491 5561
5568 5656
5718 5720
5760 5965
5987 6092
6158 6238
6267 6340
6351 6433
6438 6579
6668 6670
6686 6805
6814 7022
7086 7149
7156 7243
7247 7361
7364 7525
7574 7576
7609 7691
7696 7797
7836 7939
7953 8054
8088 8223
8226 8278
8296 8378
8393 8516
8549 8551
8604 8768
8771 8793
8796 8831
8868 9010
9091 9404
9429 9593
9597 9658
9724 9726
9781 10027
10032 10203
10240 10336
10341 10458
10505 10507
10535 10695
10705 10788
10796 10881
10886 10958
11000 11096
11133 11274
11324 11326
11360 11468
11473 11546
11581 11634
11638 11736
11748 11958
11987 12231
12234 12325
12443 12445
12473 12624
12662 12942
12986 13026
13058 13325
13356 13357
13450 13502
13524 13837
13874 14005
14080 14282
14380 14382
14423 14684
14693 14875
14890 14985
15013 15153
15172 15216
15222 15266
15272 15394
15418 15420
15477 15579
15582 15631
15674 15807
15828 15919
15952 16124
16133 16158
16181 16330
16334 16457
16506 16507
16523 16604
16607 16874
16878 17024
17073 17169
17182 17246
17274 17276
17308 17396
17402 17627
17636 17842
18024 18026
18129 18257
18269 18437
18465 18587
18599 18679
18736 18954
18959 19003
19055 19057
19109 19359
19385 19425
19428 19482
19499 19576
19592 19753
19783 19865
19868 19904
19993 19995
19998 20168
20179 20275
20300 20375
20380 20595
20610 20698
20756 20757
20781 20869
20873 20940
20985 21127
21140 21242
21276 21344
21367 21467
21543 21545
21575 21859
21878 22030
22058 22147
22156 22265
22324 22326
22388 22545
22548 22653
22675 22888
22912 23009
23013 23190
23230 23232
23275 23341
23355 23412
23417 23465
23468 23539
23554 23657
23663 23773
23805 23807
23854 24236
24295 24377
24380 24856
24918 24920
24951 25460
25464 25554
25560 25633
25681 25682
25741 26137
26169 26311
26338 26476
26530 26532
26555 26618
26621 26797
26839 26965
26977 27130
27161 27252
27271 27351
27443 27445
27470 27679
27682 27894
27920 28099
28123 28249
28281 28282
28332 28461
28475 28530
28552 28633
28640 28726
28767 28810
28816 28936
28939 28999
29005 29007
29027 29246
29271 29325
29334 29397
29413 29463
29469 29643
29674 29676
29797 29960
29980 30099
30126 30370
30395 30497
30546 30587
30601 30693
30799 30801
30877 31050
31071 31168
31249 31392
31427 31643
31686 31833
31847 32048
32149 32151
32230 32329
32332 32514
32541 32659
32707 32998
33005 33021
33024 33119
33180 33182
33227 33497
33501 33624
33664 33728
33757 33938
33986 33988
34022 34200
34234 34357
34404 34477
34482 34510
34513 34592
34631 34803
34886 34888
34929 35080
35083 35172
35213 35306
35355 35435
35438 35606
35609 35709
35917 35920
36001 36209
36212 36281
36285 36376
36413 36497
36505 36559
36587 36676
36691 36757
36766 36839
36899 36901
36957 37000
37010 37098
37101 37152
37174 37267
37274 37383
37438 37581
37584 37630
37635 37885
37999 38001
38121 38336
38341 38395
38410 38449
38506 38575
38578 38672
38707 38782
38793 38853
38858 38925
39024 39026
39060 39365
39383 39475
39497 39637
39640 39684
39697 39789
39899 39901
39961 40084
40099 40167
40170 40247
40287 40398
40445 40560
40602 40735
40743 40838
40857 41039
41087 41088
41136 41320
41340 41523
41554 41585
41589 41683
41690 41822
41855 41857
41912 41989
41992 42076
42081 42198
42220 42317
42334 42507
42513 42578
42583 42677
42699 42701
42750 43163
43197 43350
43405 43407
43476 43721
43742 44089
44095 44183
44205 44207
44248 44336
44344 44429
44434 44532
44540 44588
44620 44644
44665 44824
44842 44902
44952 45149
45205 45207
45280 45398
45406 45533
45536 45596
45599 45668
45706 45847
45850 45910
45976 46045
46067 46088
46091 46184
46224 46226
46272 46422
46425 46510
46517 46667
46670 46703
46709 46862
46962 46963
47038 47147
47154 47356
47387 47506
47526 47713
47718 47822
47836 47838
47904 48139
48183 48304
48320 48445
48528 48609
48631 48698
48703 48798
48874 48876
48903 49116
49141 49310
49314 49425
49462 49608
49724 49726
49772 49939
49951 50083
50086 50136
50187 50346
50356 50491
50523 50577
50580 50632
50636 50791
50830 50832
50906 51050
51056 51160
51177 51260
51280 51401
51437 51505
51508 51666
51699 51701
51737 52011
52014 52137
52156 52426
52430 52526
52580 52582
52606 52911
52941 53128
53157 53386
53405 53407
53417 53572
53579 53634
53649 53745
53816 54075
54080 54082
54164 54361
54389 54520
54545 54736
54746 54819
54825 54871
54886 54888
54929 55018
55028 55357
55398 55478
55543 55612
55615 55705
55716 55798
55824 55826
55853 55909
55917 56015
56050 56161
56192 56269
56273 56336
56339 56492
56518 56607
56680 56682
56720 56891
56894 56986
56992 57204
57248 57380
57383 57441
57593 57595
57652 57985
58017 58075
58092 58182
58230 58373
58413 58508
58543 58545
58608 58877
58880 59143
59159 59269
59306 59307
59362 59402
59405 59597
59600 59652
59655 59692
59741 59837
59854 60001
