62 118
138 300
306 544
571 636
645 877
882 926
929 984
1062 1063
1183 1268
1271 1430
1433 1525
1579 1683
1687 1794
1842 1939
1943 2055
2105 2107
2164 2359
2362 2498
2525 2684
2715 2853
2864 2965
3005 3007
3180 3275
3319 3426
3442 3536
3564 3660
3678 3773
3801 3889
3915 3994
4021 4095
4136 4220
4324 4326
4381 4620
4649 4784
4795 4926
4959 5065
5084 5185
5204 5278
5281 5388
5462 5463
5493 5612
5615 5844
5882 5980
5994 6129
6132 6175
6183 6251
6254 6332
6392 6395
6435 6501
6504 6682
6686 6863
6891 6993
7016 7276
7302 7445
7524 7526
7554 7638
7652 7830
7865 8114
8156 8220
8224 8467
8537 8538
8617 8804
8833 8890
8907 9040
9053 9252
9289 9388
9452 9574
9588 9855
9961 9963
9995 10112
10119 10300
10309 10415
10458 10603
10609 10758
10899 10901
10932 10989
11000 11298
11320 11719
11732 11851
11949 11951
11993 12161
12166 12283
12310 12522
12527 12772
12814 12960
13049 13051
13122 13220
13232 13328
13351 13418
13438 13550
13590 13694
13707 13795
13837 14051
14143 14145
14199 14266
14269 14390
14413 14529
14533 14621
14656 14716
14720 14867
14884 14947
14997 15077
15080 15184
15212 15213
15247 15331
15344 15452
15465 15623
15652 15768
15775 15887
15890 15998
16086 16088
16127 16283
16289 16437
16475 16680
16715 16836
16839 16964
16996 17062
17078 17124
17134 17242
17355 17357
17431 17558
17574 17681
17713 17778
17781 17904
17953 18133
18160 18342
18393 18395
18458 18635
18667 18943
18984 19113
19133 19236
19275 19447
19450 19504
19532 19691
19781 19782
19835 19925
19928 20061
20075 20162
20165 20297
20331 20428
20441 20621
20718 20720
20772 20882
20885 21058
21066 21129
21169 21360
21393 21451
21458 21590
21593 21643
21646 21717
21793 21795
21851 21949
21971 22225
22268 22350
22353 22437
22452 22592
22595 22758
22818 22820
22860 22968
22972 23123
23147 23258
23293 23506
23512 23641
23731 23732
23789 23988
23991 24111
24139 24210
24213 24358
24391 24483
24493 24624
24736 24738
24803 24867
24871 25012
25061 25234
25272 25349
25382 25438
25441 25547
25569 25710
25799 25801
25896 26030
26033 26232
26256 26424
26472 26629
26667 26873
26937 26938
27007 27076
27102 27237
27288 27371
27392 27654
27678 27935
28030 28032
28078 28132
28135 28473
28500 28707
28780 28782
28920 29086
29101 29216
29251 29345
29350 29478
29539 29607
29617 29756
29760 29825
29993 29995
30047 30253
30272 30503
30531 30690
30713 30813
30834 30933
30993 30995
31040 31334
31366 31592
31610 31764
31770 31859
31918 31920
32004 32109
32120 32268
32271 32385
32428 32559
32562 32663
32706 32817
32829 32877
32883 32933
32987 32988
33040 33160
33171 33410
33458 33507
33548 33666
33679 33834
33858 33965
34080 34082
34127 34214
34227 34306
34323 34410
34446 34530
34554 34617
34641 34782
34803 34943
35036 35038
35135 35331
35351 35534
35561 35647
35687 35829
35876 36017
36111 36113
36152 36224
36227 36383
36386 36470
36523 36580
36613 36736
36746 36888
36899 37060
37142 37145
37198 37293
37297 37395
37398 37746
37785 37911
37981 37982
38078 38179
38182 38277
38298 38452
38477 38581
38606 38773
38805 38888
39005 39007
39057 39199
39213 39299
39312 39389
39467 39551
39579 39751
39849 39851
39912 40008
40014 40127
40162 40332
40352 40477
40481 40710
40768 40770
40815 40891
40894 41119
41158 41222
41225 41330
41354 41466
41506 41600
41628 41853
41987 41988
42025 42217
42244 42406
42443 42559
42572 42690
42774 42776
42864 43015
43018 43181
43240 43366
43381 43513
43554 43642
43646 43762
43837 43838
43893 44023
44028 44180
44183 44305
44351 44493
44496 44701
44755 44757
44837 45071
45074 45186
45240 45377
45380 45514
45538 45768
45818 45820
45895 46142
46179 46484
46530 46631
46634 46840
46912 46913
46970 47147
47183 47298
47308 47391
47420 47485
47490 47575
47603 47685
47702 47774
47842 47845
47971 48079
48119 48245
48281 48394
48398 48489
48503 48679
48756 48757
48845 48943
48971 49150
49181 49281
49296 49558
49583 49675
49680 49770
49861 49863
49942 49999
50013 50142
50176 50246
50264 50392
50433 50595
50616 50753
50803 50982
51011 51079
51082 51148
51242 51245
51316 51463
51474 51621
51646 51745
51794 51899
51909 52025
52032 52138
52243 52245
52293 52460
52471 52655
52704 52879
52911 53011
53074 53076
53138 53285
53288 53416
53420 53554
53599 53860
53876 53994
54055 54057
54226 54464
54499 54668
54700 54756
54767 54964
55018 55020
55070 55311
55358 55533
55560 55668
55704 55833
55839 55923
55993 55995
56046 56089
56103 56329
56370 56632
56642 56750
56781 56782
56876 57073
57097 57192
57226 57514
57543 57626
57651 57768
57918 57920
57975 58113
58142 58565
58595 58650
58663 58787
58816 59104
59199 59201
59257 59421
59457 59558
59594 59790
59799 59874
59914 60084
60095 60159
60262 60263
60330 60413
60426 60544
60547 60655
60694 60766
60770 60929
60934 61025
61032 61172
61236 61238
61296 61359
61373 61562
61570 61602
61606 61671
61712 61756
61761 61883
61920 61975
61979 62071
62136 62138
62186 62383
62421 62663
62695 62820
62853 62933
62944 62994
63055 63057
63115 63174
63177 63340
63362 63473
63498 63604
63607 63673
63676 63800
63829 63977
64043 64045
64088 64226
64254 64466
64475 64590
64634 64690
64694 64763
64766 65006
65099 65101
65152 65334
65364 65508
65523 65681
65732 65902
65931 66049
66149 66151
66194 66250
66282 66395
66403 66566
66598 66783
66819 67013
67023 67152
67218 67220
67284 67498
67532 67611
67636 67706
67715 67781
67807 67899
67918 68001
68017 68099
68127 68214
68254 68334
68456 68457
68500 68671
68701 68766
68770 68983
69046 69250
69264 69450
69488 69607
69661 69663
69688 69769
69772 69922
69949 70068
70078 70215
70245 70342
70353 70493
70549 70551
70619 70676
70715 70889
70932 71121
71137 71219
71277 71357
71363 71481
71487 71565
71568 71686
71793 71795
71855 72156
72198 72284
72294 72355
72365 72497
72538 72735
72771 72865
72917 73051
73076 73169
73224 73226
73267 73483
73514 73594
73600 73817
73860 73921
73927 74022
74034 74119
74162 74163
74205 74268
74281 74381
74396 74507
74519 74627
74658 74765
74777 74888
74897 75005
75009 75111
75180 75182
75264 75387
75415 75605
75634 75758
75764 75877
75939 76077
76101 76295
76349 76351
76399 76476
76486 76657
76693 76955
76987 77152
77158 77219
77305 77307
77372 77549
77599 77699
77707 77867
77907 78006
78050 78159
78181 78252
78255 78371
78461 78463
78492 78660
78664 78783
78793 79021
79074 79217
79224 79303
79317 79380
79405 79465
79479 79603
79699 79701
79731 79825
79829 80061
80089 80155
80168 80344
80349 80515
80568 80570
80629 80703
80714 80860
80876 81030
81064 81121
81127 81209
81213 81241
81274 81343
81359 81414
81435 81555
81618 81620
81674 81788
81801 81866
81869 81986
82032 82168
82177 82435
82476 82563
82570 82692
82731 82732
82835 82952
82960 83130
83152 83227
83237 83350
83371 83489
83517 83682
83698 83821
83849 83851
83896 83988
84001 84127
84132 84270
84295 84430
84459 84498
84502 84668
84693 84842
84912 84913
84950 84995
85008 85062
85075 85233
85300 85372
85411 85490
85497 85543
85550 85594
85597 85676
85705 85790
85808 85920
85935 86038
86063 86135
86138 86222
86342 86345
86394 86535
86546 86712
86732 86806
86812 86906
86922 87015
87050 87110
87117 87275
87362 87363
87433 87545
87554 87699
87710 87849
87889 87969
87973 88072
88079 88160
88231 88318
88392 88395
88435 88545
88548 88717
88752 88896
88923 89022
89025 89143
89164 89330
89374 89376
89445 89656
89687 89778
89785 89961
89992 90101
90107 90126
90150 90181
90224 90389
90412 90487
90549 90551
90591 90679
90692 90894
90926 91021
91024 91139
91174 91176
91221 91406
91454 91585
91629 91838
91875 91976
92014 92172
92212 92213
92257 92466
92472 92593
92622 92793
92812 92952
92965 93092
93130 93132
93193 93326
93329 93424
93467 93573
93584 93680
93716 93771
93794 93933
93939 94031
94124 94126
94187 94316
94345 94437
94442 94562
94592 94695
94698 94801
94838 94921
94924 95048
95051 95158
95186 95304
95355 95357
95386 95451
95454 95611
95626 95792
95804 95967
96011 96105
96112 96205
96208 96249
96259 96385
96524 96526
96584 96742
96782 96924
96965 97103
97132 97193
97213 97344
97382 97524
97587 97588
97633 97752
97756 97958
97981 98111
98129 98233
98265 98316
98325 98473
98513 98640
98663 98783
98793 98866
98955 98957
98989 99233
99271 99485
99520 99579
99602 99720
99724 99883
99930 99932
99975 100075
100083 100181
100185 100362
100396 100484
100487 100603
100611 100786
100789 100966
101086 101088
101132 101396
101401 101498
101537 101702
101747 101883
101888 102011
102055 102057
102108 102190
102193 102269
102287 102381
102420 102628
102664 102760
102770 102870
102911 102913
102945 103251
103288 103379
103419 103489
103492 103586
103625 103713
103720 103824
103899 103901
103975 104108
104129 104189
104210 104290
104335 104458
104461 104548
104557 104672
104700 104821
104874 104876
104955 105118
105150 105320
105341 105373
105406 105553
105582 105676
105679 105761
105812 105813
105853 106026
106032 106117
106151 106246
106267 106362
106385 106473
106503 106603
106655 106737
106830 106832
106864 106924
106927 107155
107192 107409
107431 107626
107680 107682
107739 107959
108017 108339
108369 108510
108574 108576
108617 108727
108736 108818
108828 108917
108922 109001
109048 109175
109178 109276
109300 109521
109580 109582
109619 109673
109701 109876
109885 110082
110113 110240
110285 110396
110399 110510
110549 110551
110595 110731
110737 110867
110957 111031
111034 111122
111130 111388
111419 111543
111583 111687
111737 111738
111815 112111
112156 112327
112390 112491
112508 112629
112634 112710
112786 112788
112868 112923
112926 113062
113068 113188
113193 113281
113345 113451
113459 113662
113749 113751
113825 113979
113982 114105
114148 114397
114426 114517
114534 114625
114724 114726
114780 115054
115083 115137
115143 115241
115267 115357
115396 115471
115492 115563
115567 115688
115762 115763
115812 115970
115982 116220
116250 116451
116470 116545
116548 116643
116755 116757
116799 116944
116948 117036
117047 117127
117160 117228
117271 117334
117359 117421
117459 117526
117541 117595
117642 117704
117727 117829
117874 117876
117955 118238
118268 118517
118534 118641
118743 118745
118799 118954
118962 119029
119057 119175
119218 119339
119375 119507
119517 119650
119718 119720
119781 119926
119932 120026
120067 120195
120245 120450
120480 120534
120538 120660
120724 120726
120776 120942
120970 121102
121135 121190
121194 121443
121468 121517
121545 121631
121699 121701
121738 121798
121829 121943
121981 122086
122129 122189
122192 122299
122306 122436
122474 122476
122536 122598
122626 122805
122848 123009
123042 123146
123154 123223
123256 123324
123327 123435
123438 123581
123705 123707
123767 123973
124015 124164
124196 124309
124339 124496
124514 124710
124768 124770
124834 124944
124948 125087
125122 125222
125230 125394
125417 125504
125521 125613
125668 125670
125711 125798
125806 125960
125968 126075
126081 126175
126217 126503
126512 126572
126656 126657
126720 126857
126908 127045
127063 127159
127177 127268
127300 127500
127568 127570
127655 127841
127844 127972
128021 128180
128183 128250
128289 128440
128506 128507
128564 128798
128844 129121
129153 129317
129393 129395
129423 129588
129609 129703
129722 129784
129796 129870
129898 129982
129995 130079
130156 130157
130200 130323
130331 130475
130529 130765
130771 130855
130888 131079
131108 131245
131280 131282
131357 131561
131595 131698
131712 131879
131893 132019
132055 132057
132191 132392
132435 132582
132632 132784
132794 132989
133015 133090
133130 133132
133165 133239
133252 133377
133391 133579
133621 133679
133709 133796
133822 133993
134055 134057
134111 134212
134215 134330
134343 134468
134498 134556
134559 134688
134691 134804
134835 134902
134915 134999
135080 135082
135155 135345
135357 135555
135588 135720
135730 135845
135911 135913
135954 136020
136064 136135
136151 136235
136256 136318
136346 136505
136559 136624
136644 136717
136744 136814
136836 136902
136926 137007
137018 137094
137174 137176
137248 137423
137426 137580
137590 137792
137844 137999
138049 138051
138168 138397
138407 138486
138505 138709
138739 138795
138815 138897
138919 139003
139006 139051
139054 139077
139168 139170
139242 139331
139373 139437
139444 139572
139575 139724
139778 139879
139886 139953
139961 140076
140212 140213
140251 140342
140371 140610
140636 140736
140762 140855
140874 140960
141136 141138
141198 141429
141440 141694
141743 141903
141928 142036
142061 142063
142097 142154
142161 142276
142294 142375
142400 142495
142532 142635
142663 142773
142855 142857
142897 143164
143189 143267
143304 143502
143543 143662
143670 143824
143861 143863
143914 144045
144056 144229
144266 144489
144498 144616
144619 144740
144792 144795
144837 144926
144940 144986
144993 145093
145096 145188
145224 145318
145327 145540
145643 145645
145678 145745
145751 145977
146031 146269
146274 146386
146390 146499
146599 146601
146649 146768
146804 147079
147104 147299
147374 147376
147410 147544
147553 147769
147793 147934
147957 148066
148168 148170
148195 148414
148442 148532
148561 148663
148666 148748
148751 148780
148783 149057
149149 149151
149186 149430
149459 149533
149539 149623
149627 149763
149800 149945
149972 150117
150187 150188
150221 150343
150349 150497
150500 150607
150641 150888
150891 150975
151049 151051
151135 151243
151255 151370
151390 151442
151445 151563
151567 151597
151631 151717
151722 151895
