79 140
182 299
322 426
433 524
559 741
821 990
1004 1097
1149 1151
1230 1283
1318 1462
1509 1581
1605 1690
1731 1875
1898 2110
2175 2321
2362 2363
2452 2538
2558 2707
2734 2822
2843 2926
2943 3071
3120 3238
3286 3388
3486 3488
3571 3626
3663 3860
3863 3960
4000 4092
4105 4245
4273 4389
4417 4420
4515 4706
4746 4806
4822 4915
4973 5182
5202 5379
5406 5407
5518 5661
5693 5869
5921 6094
6110 6219
6274 6276
6367 6507
6551 6819
6854 6987
7004 7174
7218 7220
7339 7527
7562 7771
7826 7911
7955 8064
8106 8107
8206 8315
8389 8551
8582 8709
8771 8856
8863 8972
9027 9167
9207 9372
9411 9413
9486 9551
9584 9652
9688 9769
9788 9888
9925 10052
10087 10202
10272 10444
10473 10615
10642 10645
10744 10822
10868 11102
11141 11283
11290 11368
11415 11547
11566 11643
11687 11688
11757 11869
11913 12070
12098 12175
12234 12612
12640 12735
12774 12776
12859 13043
13077 13328
13376 13515
13550 13746
13805 13807
13878 13996
14014 14302
14378 14459
14491 14552
14576 14627
14658 14776
14811 14813
14925 15043
15058 15250
15279 15381
15394 15537
15564 15669
15755 15757
15811 15900
15943 16058
16108 16328
16338 16515
16550 16635
16668 16670
16727 17120
17169 17333
17380 17512
17536 17687
17706 17707
17776 17917
17929 18050
18081 18476
18486 18488
18563 18659
18693 18856
18874 18971
19036 19183
19242 19389
19430 19432
19491 19610
19629 19713
19749 19923
19949 20112
20190 20535
20593 20595
20669 20778
20799 20944
20959 21035
21098 21232
21253 21337
21363 21492
21531 21532
21619 21829
21865 21949
21979 22122
22156 22255
22282 22430
22443 22445
22490 22657
22696 22784
22819 22909
22966 23082
23103 23162
23210 23371
23418 23420
23474 23565
23598 23709
23739 23888
23931 24038
24057 24148
24188 24363
24406 24407
24462 24559
24582 24810
24865 25066
25101 25297
25336 25338
25401 25535
25572 25765
25801 25953
25987 26115
26142 26145
26232 26470
26495 26588
26628 26832
26867 26978
27037 27038
27136 27271
27304 27480
27529 27731
27772 27980
28049 28051
28129 28410
28452 28606
28638 28822
28859 29106
29168 29170
29263 29450
29484 29622
29648 29834
29883 29941
29976 30098
30156 30157
30244 30379
30402 30700
30743 30858
30891 31111
31130 31132
31220 31426
31477 31616
31666 31848
31883 32118
32149 32151
32243 32431
32461 32574
32603 32680
32728 32899
32933 33016
33022 33076
33104 33270
33364 33488
33526 33728
33758 33930
33976 34079
34111 34259
34287 34288
34383 34576
34601 34684
34719 34878
34881 34961
34995 35071
35105 35107
35184 35233
35238 35370
35404 35585
35643 35800
35848 35993
36009 36090
36168 36170
36234 36290
36299 36504
36530 36660
36702 36821
36847 37064
37091 37176
37212 37213
37303 37557
37584 37658
37700 37900
37918 38029
38036 38038
38088 38176
38179 38312
38346 38484
38520 38747
38780 38782
38860 38963
38991 39222
39246 39332
39368 39455
39460 39525
39546 39652
39693 39695
39755 39954
39996 40086
40106 40294
40347 40444
40459 40621
40687 40688
40765 40852
40884 41112
41162 41234
41264 41358
41400 41523
41542 41617
41626 41692
41729 41885
41924 41926
42004 42110
42137 42279
42331 42576
42621 42743
42772 42948
42987 42988
43055 43140
43152 43280
43320 43563
43625 43815
43835 43863
43875 43972
44061 44063
44125 44202
44226 44350
44371 44520
44564 44684
44704 44836
44942 44945
45008 45176
45220 45451
45497 45657
45687 45781
45798 45892
45931 45994
46004 46100
46162 46163
46200 46266
46298 46536
46590 46704
46753 47002
47037 47152
47224 47226
47307 47483
47514 47664
47700 47845
47878 47996
48033 48190
48243 48245
48325 48503
48532 48711
48755 48828
48839 49135
49181 49182
49275 49395
49413 49602
49649 49727
49759 49882
49942 50000
50017 50096
50124 50235
50286 50288
50340 50506
50525 50644
50647 50701
50735 50809
50834 50930
50939 51001
51030 51032
51110 51287
51311 51493
51534 51656
51685 51786
51802 51940
51961 51963
52009 52157
52195 52342
52375 52493
52496 52566
52642 52853
52861 52863
52930 53225
53277 53434
53470 53578
53610 53738
53747 53802
53805 53894
53980 53982
54027 54087
54097 54244
54277 54451
54479 54622
54668 54776
54836 54838
54887 54971
54990 55153
55180 55412
55442 55609
55667 55670
55769 55830
55836 55920
55940 56131
56160 56324
56356 56357
56412 56582
56633 56820
56873 57045
57071 57181
57249 57251
57343 57505
57508 57600
57664 57850
57879 57983
58015 58150
58199 58201
58265 58339
58367 58517
58546 58721
58784 58934
58977 59121
