30 86
100 404
420 603
632 847
880 882
914 966
986 1136
1165 1235
1248 1331
1359 1407
1432 1517
1529 1678
1687 1752
1786 1925
1949 1951
2006 2083
2094 2272
2288 2372
2389 2471
2496 2625
2653 2775
2797 2908
2955 2957
2994 3047
3063 3369
3401 3492
3495 3613
3616 3717
3736 3738
3792 3954
3957 3984
3997 4146
4171 4374
4377 4558
4599 4601
4642 4997
5035 5284
5312 5313
5359 6115
6161 6163
6191 6369
6372 6431
6434 6572
6577 6674
6698 6873
6930 6932
6979 7094
7103 7267
7298 7449
7479 7675
7700 7845
7870 8054
8118 8120
8149 8221
8227 8433
8449 8563
8583 8711
8731 8894
8907 9052
9081 9082
9139 9223
9243 9481
9492 9667
9672 9749
9785 9927
9936 10009
10043 10045
10098 10402
10406 10481
10515 10614
10618 10921
10935 11044
11074 11076
11122 11322
11325 11581
11610 11947
12005 12007
12055 12505
12518 12596
12621 12685
12708 12762
12767 12852
12855 12910
12961 12963
12998 13147
13164 13425
13442 13591
13599 13702
13736 13738
13782 13868
13898 14019
14038 14454
14488 14576
14630 14632
14690 14753
14756 15099
15128 15290
15312 15578
15599 15601
15652 15942
15965 16375
16387 16388
16436 16817
16866 17029
17048 17218
17249 17251
17306 17495
17501 17860
17918 18250
18299 18301
18369 18645
18648 18725
18753 18903
18923 19137
19162 19163
19200 19432
19438 19534
19558 19628
19633 19733
19753 20028
20080 20082
20129 20310
20322 20489
20523 20687
20695 20792
20795 20863
20905 20907
20948 21170
21174 21328
21345 21465
21469 21574
21601 21787
21824 21826
21870 21955
21961 22222
22261 22484
22500 22727
22755 22757
22803 22946
22968 23172
23197 23363
23373 23492
23530 23532
23576 23679
23686 23980
24000 24045
24052 24351
24399 24401
24441 24772
24786 25007
25032 25076
25080 25236
25239 25286
25324 25326
25370 25645
25652 25798
25809 25984
26006 26252
26274 26276
26308 26639
26649 26818
26836 26900
26916 27032
27080 27082
27138 27514
27554 27885
27899 27901
27932 28303
28322 28502
28515 28636
28639 28795
28849 28851
28886 29075
29082 29203
29209 29288
29300 29463
29500 29629
29633 29795
29843 29845
29899 30047
30065 30279
30302 30397
30400 30509
30528 30635
30662 30796
30837 30838
30890 31111
31114 31205
31249 31574
31594 31670
31705 31707
31751 31964
31978 32164
32201 32349
32369 32518
32521 32590
32618 32620
32656 32713
32722 33054
33097 33426
33430 33510
33543 33545
33589 33906
33928 34134
34149 34247
34268 34270
34339 34456
34461 34603
34622 34760
34790 35021
35049 35051
35085 35187
35199 35428
35439 35529
35553 35640
35665 35737
35746 35845
35868 35870
35904 36076
36098 36397
36438 36685
36718 36720
36769 36860
36872 37137
37167 37242
37268 37324
37328 37371
37400 37533
37551 37651
37656 37718
37741 37902
37949 37951
37985 38254
38269 38512
38547 38847
38880 38882
38925 39111
39129 39365
39411 39691
39730 39732
39758 39832
39846 40119
40149 40372
40405 40407
40431 40790
40825 41178
41203 41362
41393 41395
41418 41483
41493 41730
41762 41887
41898 42139
42167 42290
42306 42307
42369 42562
42580 42843
42879 42989
43016 43172
43243 43245
43284 43482
43493 43658
43681 44028
44062 44063
44087 44392
44434 44628
44666 44790
44803 44909
44924 44926
44970 45140
45159 45297
45306 45361
45386 45466
45471 45563
45570 45625
