98 149
174 580
617 837
1002 1003
1162 1208
1228 1352
1396 1449
1461 1532
1551 1673
1684 1741
1747 1842
1856 1916
1937 2078
2318 2321
2518 2714
2734 2806
2818 2985
3019 3125
3157 3242
3413 3415
3668 3718
3739 3994
4022 4300
4549 4551
4687 4863
4875 4927
4935 5022
5059 5157
5165 5240
5254 5419
5616 5618
5862 6160
6188 6248
6266 6450
6627 6628
6917 7399
7420 7582
7790 7793
8034 8208
8227 8335
8361 8435
8476 8618
8832 8833
9076 9163
9171 9294
9321 9356
9361 9575
9611 9745
9764 9916
10177 10180
10417 10463
10490 10679
10694 10885
10908 11169
11402 11403
11602 11666
11689 11867
11889 12019
12031 12096
12117 12236
12249 12322
12524 12527
12663 12942
12990 13392
13574 13576
13829 13983
13997 14193
14225 14343
14365 14559
14766 14768
14969 15337
15360 15423
15444 15490
15512 15556
15570 15691
15867 15868
16061 16175
16187 16488
16501 16602
16865 16868
17088 17183
17205 17304
17323 17612
17639 17715
17730 17804
18035 18037
18225 18531
18555 18770
18799 18867
18870 18945
19158 19160
19357 19416
19425 19601
19622 19847
19853 19987
20184 20186
20409 20706
20736 20872
20895 21042
21207 21208
21494 21644
21662 21950
21988 22265
22491 22493
22609 22877
22904 23008
23028 23211
23409 23412
23667 23859
23877 23959
23976 24099
24117 24337
24537 24538
24726 24873
24896 24975
24978 25043
25070 25336
25554 25557
25796 25881
25895 26121
26155 26316
26337 26488
26682 26683
26947 27033
27050 27249
27281 27441
27460 27641
27877 27880
28186 28298
28314 28474
28500 28635
28654 28761
28951 28953
29098 29327
29342 29426
29446 29748
29945 29947
30097 30361
30392 30568
30583 30621
30625 30689
30692 30783
31016 31018
31176 31395
31408 31521
31538 31686
31725 31935
32197 32198
32369 32418
32421 32643
32663 32800
32831 32877
32900 33004
33232 33235
33440 33756
33777 34066
34288 34290
34525 34690
34723 34786
34798 34863
34882 35025
35048 35262
35473 35475
35681 35831
35836 35971
35993 36140
36156 36366
36559 36561
36783 36888
36912 36958
36987 37114
37136 37211
37241 37334
37345 37435
37443 37543
37747 37748
38061 38272
38301 38529
38553 38620
38832 38835
38960 39113
39134 39281
39308 39439
39455 39646
39858 39860
40059 40104
40116 40367
40389 40724
40934 40936
41124 41374
41390 41571
41588 41681
41853 41855
42148 42226
42244 42362
42391 42506
42528 42726
42993 42995
43138 43220
43236 43438
43454 43528
43566 43638
43641 43786
43961 43963
44169 44316
44343 44575
44606 44819
45046 45048
45216 45287
45306 45504
45532 45595
45610 45687
45717 45842
45852 45961
45982 46127
46305 46307
46467 46718
46742 46955
46979 47219
47425 47427
47583 47740
47759 47953
47982 48065
48078 48255
48474 48476
48641 48703
48721 48961
48986 49025
49065 49257
49400 49402
49640 49764
49783 49956
49986 50273
50299 50433
50632 50633
50796 50852
50868 51056
51085 51179
51199 51390
51411 51506
51699 51702
51848 51979
52003 52119
52122 52249
52274 52362
52383 52528
52709 52711
52939 53096
53119 53266
53290 53612
53801 53803
54023 54246
54285 54441
54468 54575
54595 54694
54975 54977
55161 55304
55328 55448
55458 55512
55515 55574
55587 55667
55684 55739
55964 55966
56143 56293
56296 56440
56465 56641
56656 56783
56967 56968
57154 57283
57296 57591
57621 57803
57981 57983
58155 58375
58396 58520
58542 58638
58663 58742
58752 58870
59013 59016
59153 59298
59312 59444
59456 59567
59581 59667
