46 110
142 605
643 890
905 907
953 1011
1038 1197
1232 1313
1334 1426
1450 1590
1619 1837
1860 2017
2046 2048
2114 2354
2379 2468
2491 2690
2728 2850
2877 2985
3019 3021
3075 3138
3172 3473
3510 3841
3862 3863
3940 4031
4034 4144
4164 4328
4368 4758
4814 4817
4864 5199
5249 5533
5563 5565
5622 6177
6199 6373
6416 6418
6478 6814
6826 6922
6962 7147
7190 7192
7236 7366
7388 7542
7572 7711
7736 7895
7935 8069
8099 8278
8313 8315
8366 8429
8459 8664
8696 8924
8966 9279
9325 9327
9375 9461
9492 9718
9755 9894
9915 9994
10026 10169
10194 10272
10300 10302
10374 10508
10511 10730
10780 11252
11282 11283
11334 11767
11815 11957
11985 12198
12243 12246
12313 12737
12765 12844
12875 12936
12964 13007
13031 13167
13210 13212
13277 13427
13464 13842
13845 13954
14014 14016
14093 14168
14206 14331
14376 14605
14611 14714
14735 14819
14856 14945
15007 15008
15089 15492
15532 15688
15714 15991
16039 16042
16113 16412
16449 16857
16885 16887
16967 17340
17381 17555
17585 17738
17771 17773
17842 18037
18063 18401
18446 18760
18815 18817
18868 19189
19227 19360
19390 19607
19654 19656
19724 19941
19974 20057
20083 20230
20271 20536
20561 20563
20647 20840
20872 20960
20975 21056
21103 21169
21172 21455
21503 21505
21565 21669
21706 21953
22009 22198
22230 22424
22505 22507
22556 22645
22675 22919
22960 23153
23183 23402
23456 23458
23524 23662
23693 23906
23937 24107
24135 24272
24323 24325
24386 24680
24702 24806
24844 25187
25245 25247
25320 25634
25682 25883
25919 26124
26173 26175
26255 26671
26701 26886
26928 27171
27221 27223
27274 27593
27641 27797
27849 27904
27942 28074
28131 28133
28205 28606
28648 28994
29055 29057
29129 29336
29370 29683
29709 29955
30009 30011
30089 30285
30309 30658
30684 30940
30994 30996
31074 31218
31252 31452
31482 31659
31684 31787
31814 31963
32018 32020
32086 32352
32390 32649
32677 32763
32797 32798
32846 33030
33065 33252
33276 33436
33476 33694
33757 33760
33838 33895
33930 34221
34261 34662
34743 34745
34821 35147
35171 35380
35402 35518
35575 35577
35641 35743
35771 35908
35949 36087
36122 36365
36394 36396
36468 36567
36600 36843
36872 36962
36992 37073
37076 37249
37283 37285
37339 37517
37561 37826
37865 38109
38138 38140
38204 38299
38336 38581
38621 38692
38717 38806
38853 39052
39070 39316
39347 39348
39414 39674
39716 39976
40009 40304
40347 40350
40424 40625
40659 40906
40938 41242
41268 41270
41336 41410
41438 41725
41765 42005
42046 42048
42113 42255
42288 42508
42550 42880
42904 43068
43101 43103
43149 43220
43252 43491
43527 43649
43677 43914
43942 44062
44101 44103
44167 44357
44392 44663
44696 44810
44839 45004
45065 45067
45136 45321
45356 45533
45567 45925
45974 45976
46046 46328
46378 46563
46607 46744
46772 46880
46906 46908
46986 47156
47191 47342
47357 47417
47439 47521
47538 47635
47659 47730
47778 47780
47853 48202
48237 48458
48474 48628
48672 48673
48736 48879
48920 49234
49279 49500
49554 49557
49627 49929
49961 50104
50140 50240
50267 50504
50552 50553
50617 50812
50834 51002
51039 51168
51224 51287
51290 51296
51299 51305
51366 51368
51431 51874
51898 52059
52115 52118
52190 52487
52506 52678
52703 52705
52772 52943
52976 53161
53195 53459
53509 53511
53591 53827
53871 54048
54085 54326
54367 54368
54432 54502
54527 54816
54859 55008
55037 55185
55240 55243
55312 55613
55637 55686
55714 55942
55978 55980
56018 56370
56408 56551
56600 56602
56663 56893
56922 57048
57070 57252
57310 57312
57367 57478
57488 57585
57617 57835
57864 58067
58100 58102
58156 58310
58336 58621
58663 58895
58959 58961
59025 59122
59150 59377
59415 59606
59632 59792
