85 523
551 765
867 868
928 1097
1114 1387
1399 1587
1612 1758
1821 1823
1878 2312
2344 2461
2480 2573
2653 2656
2703 3000
3023 3306
3413 3415
3470 3674
3677 3818
3847 4231
4344 4346
4426 4740
4783 4980
4986 5042
5127 5128
5215 5737
5757 5914
6024 6027
6075 6411
6414 6659
6756 6758
6836 6931
6951 7098
7125 7257
7281 7446
7482 7622
7650 7712
7715 7814
7877 7878
7936 7991
8013 8208
8228 8445
8466 8742
8846 8848
8927 9003
9030 9229
9267 9454
9479 9673
9753 9756
9816 10143
10177 10637
10726 10728
10815 10985
11001 11204
11237 11351
11383 11567
11617 11618
11710 11985
12003 12140
12165 12241
12262 12322
12348 12396
12422 12564
12638 12641
12685 12806
12828 13012
13030 13278
13388 13390
13433 13521
13558 13688
13736 13948
13952 14019
14040 14177
14199 14279
14357 14358
14441 14803
14837 14989
15014 15269
15371 15373
15415 15660
15674 16028
16105 16108
16175 16490
16520 16665
16694 16841
16900 16902
16971 17144
17170 17341
17364 17509
17550 17854
17947 17948
18009 18314
18345 18469
18496 18708
18777 18780
18834 19043
19062 19148
19174 19314
19342 19579
19665 19667
19721 19891
19925 20017
20022 20099
20137 20293
20296 20457
20533 20535
20595 20686
20701 20955
20989 21171
21201 21389
21456 21458
21526 21613
21650 21869
21932 22112
22146 22347
22409 22411
22473 22602
22627 22807
22839 22987
23010 23123
23216 23218
23288 23538
23550 23646
23675 23873
23876 23984
24097 24098
24164 24311
24314 24492
24530 24737
24764 24879
24882 24998
25132 25135
25191 25452
25472 25610
25633 25805
25837 26075
26135 26137
26202 26505
26531 26685
26724 26772
26800 26918
27005 27007
27098 27218
27240 27493
27528 27849
27935 27937
27983 28116
28122 28185
28207 28725
28790 28792
28835 28992
29016 29168
29187 29347
29372 29616
29661 29663
29738 29860
29890 30092
30126 30300
30327 30434
30456 30594
30658 30660
30739 30990
31020 31259
31282 31362
31456 31458
31525 31704
31730 31900
31935 32086
32117 32302
32396 32398
32466 32518
32530 32810
32842 33209
33268 33270
33334 33816
33831 33877
33882 33961
34027 34028
34106 34199
34221 34349
34386 34515
34550 34758
34835 34838
34906 34997
35033 35239
35248 35324
35358 35436
35439 35597
35662 35663
35715 35885
35927 36172
36206 36430
36496 36498
36576 36659
36682 36904
36935 37004
37029 37115
37146 37329
37348 37408
37427 37583
37634 37637
37728 37959
37989 38213
38249 38518
38566 38568
38624 38789
38815 39023
39080 39337
39408 39410
39464 39531
39560 39820
39854 40069
40152 40153
40218 40355
40383 40526
40537 40606
40638 40954
40988 41131
41206 41208
41259 41322
41346 41460
41469 41595
41627 41748
41768 41997
42022 42136
42237 42240
42292 42433
42466 42587
42590 42715
42743 42843
42864 43003
43058 43060
43111 43280
43301 43467
43503 43841
43905 43907
43958 44229
44261 44444
44469 44595
44620 44723
44803 44805
44878 45036
45063 45182
45197 45255
45263 45333
45349 45437
45459 45515
45621 45623
45682 45845
45867 46051
46086 46272
46289 46423
46467 46468
46534 46678
46705 47027
47058 47274
47334 47337
47402 47566
47585 47727
47786 47936
47965 48064
48094 48326
48420 48422
48500 48677
48698 48849
48873 48993
49018 49112
49220 49222
49287 49372
49375 49719
49744 49893
49952 49953
50043 50339
50354 50510
50590 50593
50627 50782
50811 50980
51004 51247
51320 51322
51367 51583
51618 51791
51820 52043
52098 52100
52169 52234
52263 52515
52551 52687
52708 52843
52884 52886
52954 53251
53279 53474
53575 53577
53643 53965
53996 54128
54195 54197
54257 54468
54498 54606
54624 54781
54816 54818
54881 54976
54995 55083
55117 55334
55353 55551
55632 55633
55690 55819
55854 56121
56147 56376
56455 56458
56509 56595
56622 56832
56860 57046
57070 57230
57290 57292
57378 57641
57663 57799
57822 58005
58065 58067
58128 58296
58315 58563
58592 58828
58872 58873
58918 59108
59111 59187
59190 59238
59257 59350
59356 59412
