91 153
170 614
647 880
1011 1013
1153 1358
1384 1538
1561 1703
1713 1930
1947 2100
2248 2250
2324 2831
2863 2987
3027 3126
3213 3215
3281 3446
3467 3663
3666 3761
3784 3914
3929 4031
4143 4145
4257 4625
4649 5030
5167 5168
5269 5632
5655 5956
6078 6081
6186 6584
6609 6805
6809 6979
7153 7155
7277 7478
7497 7700
7729 7913
7963 7965
8054 8158
8182 8344
8356 8487
8513 8680
8700 8843
8865 9052
9160 9162
9234 9291
9310 9464
9468 9555
9574 9780
9800 10072
10214 10216
10280 10359
10381 10596
10609 10814
10833 11027
11153 11155
11232 11493
11526 11647
11665 12161
12357 12358
12472 12653
12674 12908
12933 13054
13057 13236
13377 13380
13486 13917
13943 14021
14024 14129
14142 14278
14395 14397
14491 14615
14629 14716
14732 14874
14893 15038
15043 15092
15111 15213
15295 15297
15406 15489
15512 15638
15661 16000
16020 16107
16126 16209
16317 16318
16464 16880
16910 17327
17390 17393
17488 17649
17663 17792
17811 18060
18088 18227
18316 18318
18358 18547
18558 18726
18748 18915
18933 19095
19195 19197
19276 19608
19633 19779
19811 20116
20235 20237
20358 20465
20487 20551
20577 20739
20758 20888
20904 21110
21255 21257
21369 21586
21640 21734
21739 21884
21890 21984
22001 22149
22260 22262
22375 22554
22574 22731
22759 22817
22847 22953
22970 23143
23241 23243
23393 23486
23505 23742
23764 23961
23989 24176
24257 24258
24334 24423
24442 24691
24723 24907
24928 25142
25250 25253
25306 25440
25458 25645
25666 25821
25834 25882
25887 25956
26074 26076
26173 26531
26560 26777
26799 26923
27003 27005
27106 27423
27449 27671
27693 27814
27822 27938
28034 28036
28197 28384
28392 28496
28510 28647
28657 28833
28861 29104
29171 29173
29283 29582
29599 29762
29790 29839
29863 29981
30102 30103
30181 30552
30582 30907
31028 31031
31159 31356
31375 31516
31535 31940
32051 32053
32170 32334
32337 32486
32517 32675
32699 32936
32999 33001
33101 33229
33250 33448
33476 33656
33679 33777
33801 33929
34015 34017
34148 34417
34443 34511
34518 34676
34733 34829
34848 34935
35076 35078
35208 35401
35418 35604
35632 35802
35819 36043
36176 36178
36294 36356
36368 36650
36671 37041
37126 37128
37249 37489
37499 37790
37805 37915
38009 38011
38139 38236
38247 38382
38402 38544
38563 38774
38862 38863
38981 39073
39090 39384
39404 39651
39752 39755
39878 40049
40075 40326
40347 40566
40615 40617
40734 40818
40834 41069
41087 41150
41153 41239
41256 41487
41504 41655
41749 41751
41893 42148
42172 42415
42444 42715
42972 42973
43089 43168
43176 43284
43302 43528
43556 43725
43737 43853
43905 43908
44017 44082
44098 44370
44400 44514
44519 44596
44606 44675
44817 44818
44929 45063
45084 45299
45323 45487
45508 45691
45711 45783
45814 45906
45965 45968
46084 46146
46164 46394
46429 46549
46574 46804
46826 46942
47053 47055
47147 47312
47333 47471
47486 47631
47637 47737
47759 47906
47978 47980
48090 48271
48292 48449
48471 48821
48970 48972
49065 49336
49366 49563
49594 49712
49736 49846
49925 49927
50082 50254
50260 50380
50383 50495
50498 50570
50577 50624
50737 50738
50846 51213
51238 51455
51469 51601
51682 51685
51828 51987
52006 52356
52401 52472
52483 52647
52726 52728
52867 53145
53161 53312
53331 53426
53453 53680
53795 53797
53913 54098
54116 54275
54288 54414
54449 54552
54653 54655
54716 54792
54809 55172
55193 55341
55481 55483
55590 55712
55716 55818
55831 55927
55941 56081
56160 56162
56288 56446
56469 56643
56666 56816
56819 56917
57033 57035
57146 57364
57385 57570
57591 57809
57908 57910
58004 58065
58077 58362
58392 58545
58555 58716
58788 58790
58916 59245
59268 59472
