65 114
143 539
568 771
892 893
969 1019
1046 1180
1196 1272
1297 1370
1390 1520
1555 1603
1614 1696
1710 1769
1800 1926
2063 2066
2166 2379
2395 2481
2499 2676
2721 2830
2833 2922
3056 3058
3126 3173
3202 3370
3373 3462
3469 3528
3541 3674
3686 3780
3906 3908
3990 4071
4075 4177
4184 4245
4256 4333
4369 4739
4893 4895
4968 5063
5087 5300
5326 5393
5398 5585
5690 5692
5769 6283
6306 6458
6599 6601
6673 6738
6749 7086
7112 7286
7410 7412
7517 7610
7625 7869
7872 8013
8019 8149
8158 8323
8404 8406
8485 8541
8564 8754
8779 8994
9019 9310
9442 9443
9522 9597
9623 9674
9679 9839
9861 9911
9917 10007
10010 10078
10102 10224
10235 10306
10405 10408
10486 10796
10822 11249
11375 11377
11446 11630
11633 11878
11906 12048
12055 12259
12363 12365
12431 12545
12568 12852
12880 12958
12977 13039
13079 13131
13158 13237
13255 13316
13411 13413
13477 13586
13613 13744
13747 13960
13965 14055
14157 14158
14254 14326
14329 14441
14459 14674
14703 14800
14803 14977
15081 15083
15149 15485
15503 15645
15658 15764
15770 15885
16028 16031
16101 16349
16361 16748
16846 16848
16900 17040
17044 17140
17144 17236
17264 17298
17305 17416
17440 17582
17676 17678
17777 18305
18350 18658
18767 18768
18876 19173
19222 19349
19355 19541
19632 19635
19722 19934
19941 20032
20056 20190
20218 20486
20597 20598
20666 20839
20871 20956
20966 21043
21080 21395
21520 21523
21594 21690
21727 21839
21842 21888
21895 21993
22024 22125
22139 22232
22242 22430
22540 22542
22620 22703
22727 22949
22992 23159
23180 23266
23272 23383
23522 23523
23575 23697
23725 23899
23903 24054
24071 24189
24320 24323
24407 24664
24677 24768
24812 25139
25281 25283
25347 25654
25683 25899
25905 26027
26030 26132
26290 26292
26366 26764
26802 26984
27008 27229
27342 27343
27414 27735
27769 27910
27945 28001
28029 28158
28266 28268
28330 28709
28741 28850
28853 29067
29172 29175
29247 29365
29368 29455
29475 29541
29547 29616
29636 30047
30154 30156
30232 30419
30444 30615
30618 30722
30730 30804
30812 31056
31131 31133
31194 31319
31351 31549
31573 31758
31766 31865
31895 32025
32119 32121
32186 32449
32470 32663
32671 32751
32779 32858
32964 32966
33021 33203
33233 33395
33419 33563
33587 33728
33733 33801
33889 33891
33949 34003
34011 34219
34223 34347
34378 34673
34679 34757
34855 34857
34940 35084
35096 35182
35191 35267
35271 35462
35467 35569
35663 35665
35739 35838
35859 35978
36000 36131
36156 36393
36529 36531
36608 36704
36725 36962
36967 37050
37069 37150
37153 37238
37241 37321
37435 37437
37497 37656
37694 37966
37996 38232
38326 38328
38402 38684
38714 38778
38805 38878
38904 39018
39042 39305
39421 39423
39485 39715
39742 39970
40008 40284
40373 40375
40438 40512
40519 40835
40868 41062
41066 41145
41271 41273
41348 41414
41430 41552
41555 41708
41737 41912
41927 42002
42117 42118
42169 42493
42512 42835
42838 42899
42903 42977
43072 43075
43138 43404
43433 43542
43556 43792
43820 43929
44028 44030
44102 44263
44285 44434
44437 44580
44583 44694
44697 44874
44982 44983
45042 45225
45248 45398
45435 45638
45657 45842
45923 45926
46004 46286
46318 46383
46388 46503
46555 46678
46701 46801
46918 46920
47004 47168
47193 47322
47328 47386
47398 47473
47479 47564
47576 47634
47747 47748
47821 48145
48185 48303
48312 48405
48427 48550
48662 48665
48738 48862
48875 49166
49184 49298
49301 49379
49491 49493
49570 49830
49836 49976
49998 50088
50113 50366
50474 50476
50562 50732
50744 50897
50915 51031
51057 51148
51262 51263
51342 51415
51418 51588
51613 52012
52085 52088
52153 52258
52269 52610
52665 52667
52732 52892
52897 53324
53437 53438
53506 53739
53769 53950
53969 54187
54278 54281
54330 54395
54406 54661
54689 54827
54838 54963
55042 55043
55118 55422
55523 55697
55800 55803
55875 55991
56014 56259
56282 56332
56337 56443
56576 56578
56680 56905
56938 57065
57087 57249
57386 57388
57445 57541
57545 57626
57662 57865
57886 58068
58196 58198
58285 58674
58709 58954
59072 59073
59162 59636
59639 59785
