105 160
163 360
364 648
684 933
987 988
1090 1295
1323 1475
1478 1622
1647 1805
1809 1876
1883 2044
2140 2143
2276 2528
2531 2836
2870 3008
3039 3151
3240 3242
3275 3332
3335 3670
3697 4059
4113 4115
4211 4306
4310 4432
4436 4593
4623 4856
4860 5065
5095 5097
5180 5503
5535 5713
5716 5814
5875 5877
5944 6101
6106 6549
6579 6768
6825 6827
6883 7107
7135 7567
7641 7643
7704 7838
7841 7998
8038 8174
8208 8388
8427 8573
8587 8773
8842 8843
8934 8992
9017 9229
9256 9500
9526 9759
9762 9847
9960 9963
10026 10111
10137 10362
10380 10531
10535 10611
10635 10765
10770 10843
10907 10908
10992 11125
11128 11375
11411 11687
11693 11928
11973 11976
12039 12236
12239 12501
12543 12904
12984 12986
13051 13433
13440 13512
13522 13607
13610 13667
13697 13750
13766 13841
13846 13905
13968 13970
14017 14159
14184 14376
14381 14436
14455 14514
14526 14667
14680 14805
14872 14873
14892 14992
15015 15138
15169 15423
15426 15531
15534 15624
15649 15743
15762 15765
15846 16069
16072 16249
16286 16456
16475 16582
16614 16779
16819 16821
16860 17098
17105 17196
17227 17697
17746 17748
17820 18117
18121 18234
18276 18460
18487 18672
18747 18748
18821 19041
19074 19276
19301 19486
19536 19899
19951 19953
20079 20174
20177 20349
20353 20427
20468 20617
20652 20740
20743 20899
20975 20978
21030 21277
21307 21405
21431 21585
21619 21910
21973 21975
22099 22297
22307 22491
22530 22860
22926 22928
22989 23095
23099 23375
23408 23620
23651 23861
23886 23888
23970 24061
24070 24329
24380 24590
24629 24875
24991 24993
25060 25197
25211 25438
25468 25636
25665 25795
25855 25857
25979 26073
26076 26164
26170 26267
26282 26381
26415 26669
26674 26803
26889 26891
26954 27105
27111 27298
27335 27559
27593 27820
27884 27886
27952 28250
28284 28441
28474 28662
28697 28969
29036 29038
29109 29194
29197 29457
29477 29667
29702 29758
29783 29914
29981 29983
30077 30206
30239 30531
30579 30802
30805 30968
31087 31088
31188 31317
31320 31415
31445 31510
31513 31606
31638 31837
31867 32143
32299 32302
32399 32603
32626 32824
32855 32971
32979 33055
33065 33342
33411 33413
33525 33668
33678 33902
33934 34168
34196 34312
34323 34464
34553 34555
34653 34949
34985 35183
35186 35280
35314 35397
35506 35508
35602 35650
35653 35817
35859 36053
36089 36255
36298 36457
36460 36538
36612 36613
36672 36725
36734 37087
37130 37252
37259 37489
37496 37587
37645 37648
37801 38137
38171 38396
38426 38530
38642 38643
38703 38806
38835 38970
39005 39147
39183 39431
39489 39492
39601 39713
39716 39975
40004 40099
40126 40157
40160 40213
40218 40284
40287 40405
40478 40480
40562 40742
40783 41077
41114 41374
41480 41482
41566 41660
41692 41946
41972 42045
42053 42148
42198 42417
42422 42481
42486 42649
42715 42717
42775 43057
43099 43356
43388 43695
43762 43763
43835 43923
43929 44040
44066 44313
44357 44674
44720 44723
44778 45110
45154 45388
45405 45407
45488 45641
45644 45877
45912 46093
46096 46282
46318 46469
46571 46573
46675 46744
46747 46995
47026 47151
47187 47434
47468 47596
47622 47623
47695 47876
47949 48095
48098 48249
48278 48394
48420 48600
48646 48648
48772 48964
48968 49137
49168 49536
49569 49572
49686 49994
50041 50243
50286 50411
50441 50550
50591 50593
50663 50852
50858 51015
51019 51079
51082 51153
51171 51274
51277 51339
51389 51391
51459 51640
51669 51856
51889 52013
52016 52120
52142 52289
52292 52293
52425 52584
52593 52743
52775 52986
53022 53254
53318 53321
53464 53771
53814 53975
54011 54368
54401 54403
54448 54642
54677 54850
54870 55020
55037 55145
55201 55203
55274 55357
55367 55534
55560 55801
55816 56025
56075 56077
56147 56456
56470 56651
56715 56717
56787 56967
57006 57193
57224 57515
57550 57552
57657 57904
57938 58133
58169 58424
58481 58483
58523 58900
58937 59094
59119 59279
