112 179
200 301
308 415
421 706
749 928
933 1027
1127 1130
1235 1296
1299 1440
1478 1549
1561 1650
1659 1811
1834 1922
1931 2055
2083 2242
2337 2338
2489 2748
2772 2865
2887 2973
2996 3121
3161 3289
3310 3416
3526 3528
3643 3699
3720 3930
3966 4063
4080 4303
4307 4428
4499 4502
4623 4846
4849 5004
5039 5427
5517 5518
5632 5781
5804 6007
6053 6120
6142 6254
6257 6359
6458 6461
6568 6685
6690 6738
6759 6862
6890 7078
7089 7222
7246 7436
7519 7521
7616 7844
7873 8095
8104 8227
8256 8335
8468 8470
8547 8661
8695 8755
8758 8851
8886 8936
8945 9046
9081 9170
9190 9247
9257 9312
9366 9404
9419 9537
9572 9645
9648 9778
9863 9865
10000 10073
10150 10373
10389 10619
10653 10970
11060 11062
11167 11256
11286 11515
11534 11682
11687 11760
11792 11945
11950 12034
12195 12196
12285 12424
12430 12506
12516 12711
12745 13087
13107 13275
13378 13381
13490 13735
13764 14010
14044 14422
14520 14521
14629 14872
14877 14938
14941 15093
15128 15212
15249 15311
15367 15419
15456 15623
15709 15712
15811 15967
15990 16510
16609 16611
16702 16786
16819 16942
16980 17205
17221 17320
17333 17420
17450 17535
17607 17608
17714 17797
17806 17970
17980 18082
18085 18179
18214 18390
18419 18522
18570 18767
18883 18886
19006 19310
19342 19494
19508 19775
19782 19839
19950 19952
20061 20252
20261 20478
20507 20668
20713 20826
20831 20910
21035 21037
21124 21237
21248 21332
21360 21562
21592 21759
21831 22168
22287 22290
22407 22519
22522 22746
22780 22932
22963 23201
23299 23301
23432 23660
23689 23785
23804 23955
23985 24255
24390 24392
24501 24676
24731 24775
24789 24934
24980 25055
25063 25115
25135 25186
25205 25373
25450 25452
25565 25660
25677 25908
25950 26062
26074 26160
26202 26395
26547 26550
26666 26754
26765 27033
27071 27169
27172 27275
27307 27550
27652 27653
27758 27882
27904 28113
28138 28312
28352 28481
28600 28601
28719 28981
28984 29079
29114 29248
29252 29499
29591 29593
29685 29837
29865 30050
30089 30307
30333 30472
30485 30585
30688 30691
30835 31120
31128 31294
31318 31383
31387 31455
31471 31567
31606 31863
31979 31981
32085 32149
32152 32285
32307 32441
32472 32625
32669 32727
32752 32881
32965 32966
33057 33188
33197 33453
33498 33842
33944 33946
34048 34274
34304 34502
34518 34708
34745 35013
35116 35117
35215 35409
35443 35545
35569 35759
35766 35840
35843 35922
35949 36154
36237 36240
36345 36470
36484 36548
36551 36705
36737 36848
36851 36977
37011 37112
37136 37276
37373 37375
37474 37752
37781 38003
38026 38116
38128 38202
38309 38311
38424 38635
38661 38767
38785 38878
38899 39082
39122 39359
39456 39457
39542 39601
39615 39966
40008 40289
40316 40352
40361 40445
40528 40531
40631 40878
40905 41174
41187 41290
41409 41411
41513 41603
41618 41744
41779 41906
41932 42154
42246 42247
42391 42492
42520 42728
42751 42836
42873 42963
42966 43146
43212 43215
43283 43440
43469 43736
43763 43998
44081 44083
44198 44298
44315 44580
44637 44710
44737 44831
44846 44980
44990 45078
45089 45152
45157 45320
45439 45441
45537 45789
45838 46062
46065 46124
46157 46441
46524 46526
46628 46830
46860 47130
47164 47443
47528 47530
47597 47669
47672 47802
47807 47980
48015 48273
48402 48405
48519 48662
48693 48894
48922 49044
49074 49140
49144 49331
49368 49533
49618 49620
49723 49792
49795 50011
50058 50184
50201 50370
50391 50503
50527 50670
50777 50778
50941 51112
51140 51279
51286 51433
51450 51565
51599 51775
51867 51870
51959 52138
52175 52361
52410 52667
52673 52860
52972 52973
53073 53359
53376 53559
53602 53718
53728 53832
53926 53928
54022 54201
54212 54306
54330 54385
54394 54452
54456 54535
54538 54634
54653 54718
54850 54852
54975 55139
55145 55313
55360 55591
55604 55759
55842 55845
55999 56142
56167 56534
56565 56627
56635 56799
56872 56873
56954 57244
57274 57359
57368 57456
57480 57582
57635 57776
57781 57911
57987 57990
58089 58149
58154 58285
58313 58474
58482 58598
58620 58728
58788 58790
58874 58962
58966 59362
59392 59456
59474 59605
