69 263
267 352
368 425
473 557
581 672
700 790
800 922
962 963
1012 1188
1213 1303
1306 1409
1444 1540
1546 1647
1686 1688
1718 1962
1985 2054
2070 2133
2169 2248
2277 2437
2480 2482
2512 2705
2710 2783
2787 2868
2900 3248
3336 3338
3402 3521
3534 3621
3659 3783
3791 3991
4016 4162
4202 4448
4475 4606
4674 4676
4738 4858
4861 5003
5006 5190
5232 5356
5359 5500
5599 5601
5615 5840
5854 5944
5970 6045
6048 6109
6158 6233
6239 6367
6379 6456
6461 6559
6599 6601
6655 6938
6966 7218
7252 7447
7475 7597
7680 7682
7733 7990
8017 8095
8098 8173
8186 8314
8394 8556
8561 8621
8624 8710
8786 8788
8828 9049
9072 9167
9173 9329
9362 9602
9661 9663
9734 9895
9902 9948
9951 10042
10045 10180
10215 10320
10330 10466
10500 10606
10692 10695
10754 10987
11009 11098
11101 11256
11300 11495
11503 11647
11706 11707
11808 12174
12207 12297
12339 12522
12553 12670
12699 12701
12747 12999
13038 13154
13179 13280
13327 13469
13477 13572
13674 13676
13695 13859
13878 13981
14026 14124
14150 14376
14505 14507
14540 14631
14662 14938
14960 15086
15102 15188
15200 15327
15405 15407
15444 15545
15548 15713
15764 15874
15883 15972
16004 16077
16090 16159
16164 16262
16304 16413
16420 16608
16616 16766
16824 16826
16895 17033
17038 17214
17263 17471
17506 17608
17615 17718
17799 17801
17835 17943
17946 18104
18108 18192
18232 18367
18404 18459
18462 18546
18551 18628
18687 18688
18719 18817
18821 19108
19140 19230
19239 19327
19373 19435
19447 19563
19605 19607
19674 19860
19885 20043
20052 20148
20181 20362
20397 20468
20472 20546
20586 20588
20721 20906
20950 21095
21099 21347
21373 21453
21463 21544
21692 21695
21800 21863
21866 22086
22098 22279
22307 22376
22379 22505
22520 22589
22594 22622
22625 22719
22824 22826
22885 23101
23129 23301
23306 23514
23541 23681
23768 23770
23837 23955
23965 24050
24056 24308
24344 24408
24442 24526
24537 24615
24647 24729
24732 24782
24785 24861
24943 24945
25014 25211
25235 25391
25396 25468
25480 25556
25565 25610
25618 25628
25650 25761
25789 25932
26037 26038
26062 26357
26360 26477
26522 26796
26799 26943
27111 27113
27128 27189
27195 27275
27307 27337
27340 27486
27499 27654
27679 27783
27789 27867
27905 27907
28000 28196
28202 28290
28316 28456
28474 28596
28611 28741
28861 28863
28925 28979
28989 29137
29141 29235
29264 29377
29409 29467
29476 29594
29598 29665
29755 29757
29860 29962
29965 30063
30087 30274
30277 30443
30485 30582
30643 30645
30696 30852
30878 31059
31067 31159
31187 31334
31338 31399
31468 31470
31514 31560
31579 31751
31759 31950
31991 32107
32125 32178
32189 32339
32493 32495
32535 32605
32611 32736
32759 32938
32968 33089
33117 33222
33239 33377
33481 33482
33552 33682
33686 33813
33853 33951
33961 34187
34234 34351
34385 34488
34611 34613
34653 34802
34806 34935
34986 35195
35227 35346
35349 35434
35446 35566
35630 35632
35687 35826
35860 35935
35939 36035
36067 36240
36294 36411
36433 36489
36492 36606
36652 36771
36795 36938
37018 37020
37038 37130
37144 37431
37467 37621
37667 37707
37715 37926
38006 38007
38063 38169
38211 38308
38323 38398
38409 38594
38624 38730
38737 38823
38838 38897
38993 38995
39061 39212
39228 39367
39409 39607
39637 39937
40037 40038
40101 40181
40196 40280
40296 40380
40405 40485
40508 40586
40599 40677
40720 40901
40918 41056
41111 41113
41150 41346
41354 41592
41635 41764
41769 41902
41905 42009
42080 42082
42150 42276
42295 42442
42461 42657
42718 42720
42764 43087
43137 43274
43280 43373
43376 43401
43430 43499
43533 43592
43629 43821
43862 43863
43915 44018
44049 44157
44166 44208
44211 44249
44252 44369
44433 44592
44617 44620
44645 44973
45002 45119
45147 45285
45288 45434
45468 45470
45555 45784
45801 45938
45972 46171
46200 46346
46352 46394
46398 46494
46599 46601
46903 47032
47038 47155
47161 47292
47333 47599
47604 47698
47737 47738
47797 48049
48119 48198
48218 48431
48463 48548
48558 48639
48671 48760
48787 48878
48967 48970
48996 49144
49153 49267
49298 49507
49548 49653
49660 49768
49843 49845
49881 50030
50047 50214
50251 50400
50442 50552
50576 50819
50862 50863
50905 51032
51072 51186
51243 51322
51325 51586
51589 51668
51705 51890
51924 51926
51961 51998
52002 52342
52389 52511
52532 52598
52601 52691
52713 52837
52840 52897
52968 52970
53007 53133
53147 53414
53451 53696
53768 53770
53823 53941
53951 54048
54080 54216
54222 54365
54396 54467
54481 54588
54656 54657
54748 54875
54899 55110
55136 55272
55314 55373
55376 55517
55525 55641
55718 55720
55774 56027
56064 56233
56304 56357
56368 56564
56581 56693
56743 56745
56784 56868
56879 56965
57025 57132
57175 57273
57280 57351
57388 57452
57481 57573
57576 57698
57831 57832
57857 57955
57959 58084
58094 58268
58316 58402
58432 58596
58599 58706
58824 58826
58850 58909
58925 59035
59063 59216
59223 59272
59302 59425
59428 59665
59687 59785
