89 196
242 334
395 558
571 699
702 771
816 971
1005 1007
1096 1281
1308 1471
1521 1624
1681 1798
1832 1969
2124 2126
2209 2336
2363 2454
2495 2686
2721 2838
2841 2954
3005 3007
3116 3281
3325 3448
3484 3614
3652 3792
3874 3876
3981 4110
4122 4334
4364 4494
4533 4713
4743 4852
4962 4963
5029 5081
5087 5286
5337 5504
5563 5793
5824 5849
5852 5933
6049 6051
6161 6243
6268 6357
6397 6497
6519 6647
6676 6731
6752 6949
7012 7013
7111 7203
7229 7352
7379 7495
7499 7560
7593 7680
7717 7963
7999 8001
8069 8127
8156 8255
8282 8499
8524 8637
8676 8988
9018 9020
9112 9196
9229 9389
9432 9666
9708 9831
9857 9976
10043 10045
10128 10250
10277 10367
10396 10565
10583 10729
10733 10847
10891 11000
11037 11038
11105 11239
11261 11438
11471 11586
11620 11758
11801 11929
11933 12026
12078 12209
12242 12245
12334 12459
12483 12590
12627 12731
12734 12857
12895 13017
13050 13133
13187 13188
13263 13484
13523 13668
13691 13797
13800 13917
13957 14124
14174 14176
14263 14394
14430 14779
14831 14910
14930 15058
15118 15120
15199 15306
15331 15441
15478 15586
15622 15724
15728 15919
15949 16118
16187 16188
16267 16443
16476 16592
16596 16649
16680 16769
16806 16951
16979 17074
17149 17151
17236 17318
17343 17428
17449 17531
17564 17641
17667 17809
17846 17994
18039 18194
18280 18282
18386 18520
18565 18686
18768 18953
18992 19157
19218 19220
19301 19380
19411 19670
19732 19923
19960 20124
20231 20232
20324 20413
20447 20526
20571 20627
20675 20917
20987 21190
21249 21251
21350 21508
21537 21677
21735 21859
21882 22009
22038 22250
22312 22313
22409 22508
22531 22609
22651 22844
22880 23030
23066 23219
23292 23295
23406 23549
23596 23712
23717 23781
23800 23977
24010 24193
24237 24238
24322 24373
24401 24605
24634 24797
24835 25041
25111 25113
25194 25302
25305 25480
25519 25593
25617 25756
25782 25935
25942 26007
26042 26045
26113 26290
26343 26535
26608 26725
26789 26857
26880 27052
27112 27113
27239 27418
27465 27593
27642 27858
27876 27965
27968 28062
28080 28082
28173 28275
28310 28384
28387 28496
28544 28712
28760 28897
28944 29105
29168 29170
29268 29404
29435 29576
29640 29777
29805 29933
29987 30153
30193 30195
30312 30396
30418 30662
30688 30941
30967 31112
31143 31145
31210 31307
31333 31486
31508 31598
31618 31677
31701 31866
31897 32063
32066 32153
32199 32201
32270 32321
32324 32445
32483 32622
32658 32797
32858 33104
33136 33235
33287 33288
33363 33451
33462 33531
33534 33667
33705 33874
33930 34055
34091 34246
34286 34288
34342 34401
34437 34642
34651 34740
34777 34914
34981 35098
35123 35257
35342 35345
35429 35540
35559 35706
35742 35902
35944 36122
36152 36262
36318 36320
36409 36546
36583 36697
36745 36961
37000 37146
37212 37213
37328 37461
37495 37691
37729 37987
38012 38127
38167 38170
38266 38342
38368 38553
38581 38678
38726 38844
38847 38918
38953 39061
39090 39180
39224 39226
39313 39429
39467 39751
39756 39821
39883 40045
40095 40207
40262 40263
40344 40505
40558 40750
40803 40916
40949 41203
41324 41326
41431 41539
41560 41672
41703 41844
41886 41997
42043 42240
42312 42313
42397 42515
42560 42622
42626 42680
42687 42747
42776 42933
42994 43191
43267 43270
43394 43461
43464 43657
43700 43773
43801 43865
43887 43975
43982 44065
44113 44182
44209 44268
44298 44423
44587 44588
44651 44746
44768 45112
45146 45232
45254 45387
45480 45482
45549 45680
45702 45843
45885 46001
46019 46235
46254 46345
46436 46438
46529 46761
46803 46864
46896 46952
46980 47051
47087 47159
47177 47265
47333 47483
47549 47551
47658 47838
47874 47969
47988 48082
48131 48269
48301 48417
48447 48554
48624 48626
48724 48821
48842 49008
49044 49123
49154 49247
49292 49412
49445 49569
49630 49632
49743 49807
49832 49944
49965 50030
50033 50123
50150 50350
50384 50436
50458 50538
50566 50707
