74 337
351 405
429 519
543 632
651 730
734 852
887 888
960 1130
1133 1300
1333 1505
1530 1532
1587 1845
1868 1989
2006 2077
2103 2242
2293 2295
2343 2409
2420 2605
2608 2686
2722 3033
3099 3101
3172 3473
3476 3797
3840 4036
4063 4169
4243 4245
4291 4520
4527 4703
4728 4871
4875 4941
4993 4995
5049 5168
5185 5374
5399 5470
5474 5543
5572 5608
5614 5735
5753 5793
5809 5921
5962 5963
6010 6274
6306 6450
6469 6714
6729 6834
6874 6876
6953 7199
7218 7285
7293 7369
7372 7483
7527 7657
7663 7783
7830 7832
7879 8063
8100 8315
8344 8562
8611 8613
8667 8857
8860 9064
9111 9201
9204 9322
9337 9417
9455 9457
9512 9715
9739 9927
9965 10240
10268 10270
10317 10530
10535 10653
10685 10773
10781 10964
10983 11078
11106 11107
11154 11371
11392 11499
11508 11615
11660 11851
11899 11901
11966 12233
12261 12363
12369 12472
12477 12570
12618 12620
12693 12790
12813 13077
13113 13234
13237 13414
13493 13495
13536 13771
13803 13914
13929 14009
14037 14098
14101 14152
14159 14244
14291 14401
14418 14499
14521 14713
14768 14770
14814 14948
14959 15111
15144 15336
15369 15533
15574 15576
15634 15871
15883 15971
15994 16116
16120 16166
16170 16248
16252 16317
16355 16357
16410 16507
16520 16793
16822 16980
17006 17097
17100 17152
17205 17207
17244 17399
17427 17647
17663 17815
17847 17965
18005 18007
18090 18264
18282 18545
18568 18690
18693 18760
18811 18813
18877 19102
19120 19277
19307 19474
19496 19655
19730 19732
19764 20077
20099 20391
20424 20426
20478 20586
20606 20822
20829 20908
20937 21119
21127 21283
21349 21351
21412 21583
21596 21744
21762 21894
21899 21968
21985 22171
22205 22207
22255 22620
22668 22869
22873 23038
23086 23088
23124 23182
23194 23270
23273 23369
23381 23435
23439 23579
23582 23703
23749 23751
23813 23966
23969 24061
24071 24189
24213 24407
24443 24445
24489 24544
24549 24776
24806 24922
24939 25086
25093 25146
25193 25195
25252 25365
25375 25479
25489 25833
25868 25975
26024 26026
26085 26243
26254 26331
26337 26430
26445 26543
26564 26754
26793 26795
26841 26883
26905 27049
27052 27217
27239 27396
27401 27543
27587 27588
27634 27818
27846 28010
28045 28156
28183 28271
28296 28404
28461 28463
28516 28654
28673 28817
28850 29144
29184 29369
29411 29413
29451 29856
29892 29990
30010 30271
30311 30313
30349 30475
30490 30738
30773 30966
30991 31212
31255 31257
31290 31378
31388 31668
31692 31846
31865 32109
32161 32163
32229 32345
32372 32525
32528 32693
32696 32793
32814 32888
32892 32940
32980 32982
33031 33173
33189 33326
33345 33530
33554 33834
33874 33876
33918 33992
34009 34082
34097 34184
34200 34280
34303 34377
34401 34475
34485 34568
34571 34792
34849 34851
34900 35315
35341 35453
35457 35672
35712 35713
35749 35867
35879 36016
36028 36222
36255 36257
36293 36568
36587 36772
36791 37085
37105 37107
37131 37228
37241 37359
37362 37399
37403 37532
37552 37705
37724 37726
37775 38192
38213 38335
38338 38475
38499 38501
38576 38805
38817 38944
38978 39373
39430 39432
39464 39696
39699 39819
39856 40123
40141 40230
40286 40288
40350 40604
40632 40875
40909 40987
41004 41069
41100 41188
41197 41284
41342 41345
41378 41686
41700 41807
41835 41940
41950 42042
42068 42070
42096 42237
42250 42411
42435 42586
42619 42887
