99 292
322 396
424 482
496 568
600 680
709 791
811 873
876 929
1041 1042
1149 1295
1317 1472
1502 1662
1753 1756
1858 2091
2144 2268
2288 2363
2410 2545
2641 2642
2720 2789
2814 2927
2944 3016
3037 3106
3139 3434
3533 3535
3600 3751
3777 3955
3959 4164
4213 4379
4402 4501
4568 4571
4665 4904
4939 5101
5131 5339
5425 5426
5503 5616
5666 5843
5882 6012
6040 6081
6084 6100
6106 6212
6228 6271
6278 6417
6459 6461
6579 6653
6656 6746
6792 6865
6878 6932
6984 7372
7382 7496
7600 7602
7664 7900
7941 8004
8007 8076
8110 8211
8217 8349
8371 8501
8586 8588
8699 8875
9009 9241
9274 9351
9354 9510
9572 9573
9704 9835
9878 9924
9958 10046
10071 10194
10250 10336
10359 10488
10512 10594
10644 10646
10714 10823
10828 10917
10963 11134
11207 11477
11506 11508
11552 11883
11921 11998
12067 12249
12259 12366
12442 12445
12520 12717
12769 12871
12874 12969
13006 13122
13139 13229
13292 13293
13381 13543
13566 13651
13686 13764
13781 13972
14029 14031
14101 14175
14222 14381
14388 14462
14487 14548
14565 14625
14652 14781
14800 14827
14878 14881
14976 15110
15129 15240
15297 15384
15405 15482
15505 15690
15760 15844
15850 15890
15912 15953
15956 16131
16175 16177
16210 16320
16356 16480
16523 16696
16735 16897
16907 16908
16965 17064
17067 17260
17301 17422
17445 17627
17724 17727
17863 17948
17976 18078
18092 18245
18285 18349
18386 18459
18493 18618
18723 18725
18841 18981
19033 19161
19164 19214
19266 19428
19457 19569
19622 19623
19715 19864
19902 20137
20158 20269
20272 20332
20377 20381
20532 20733
20751 20908
20930 21084
21121 21176
21179 21289
21390 21391
21479 21599
21605 21650
21674 21814
21833 22098
22152 22153
22191 22270
22308 22451
22480 22627
22675 22721
22724 22857
22885 23052
23093 23096
23266 23449
23486 23610
23668 23766
23777 23842
23878 24049
24117 24118
24185 24390
24418 24561
24613 24794
24810 24969
25052 25055
25124 25176
25184 25273
25280 25383
25386 25548
25570 25699
25766 25768
25865 26080
26105 26202
26244 26428
26467 26468
26622 26670
26699 26904
26939 27054
27090 27282
27377 27380
27516 27603
27645 27735
27775 27947
27983 28135
28166 28258
28314 28316
28437 28565
28602 28760
28763 28845
28875 28995
28998 29052
29089 29091
29132 29167
29193 29467
29499 29667
29685 29807
29858 29860
29973 30138
30195 30333
30371 30467
30499 30593
30626 30762
30844 30846
30962 31358
31383 31476
31522 31780
31830 31832
31921 32042
32081 32314
32348 32554
32599 32688
32698 32810
32872 32873
32931 33015
33049 33081
33084 33125
33138 33333
33377 33508
33540 33783
33875 33877
33945 34038
34091 34170
34191 34395
34415 34487
34490 34610
34644 34646
34758 34899
34939 35070
35117 35291
35311 35576
35624 35626
35726 35796
35802 35871
35892 35966
35980 36047
36064 36130
36156 36219
36230 36386
36401 36512
36618 36993
37018 37315
37353 37356
37460 37568
37606 37730
37769 37943
37986 37988
38088 38377
38434 38527
38544 38925
38984 38986
39086 39178
39205 39337
39348 39382
39387 39478
39496 39552
39586 39726
39809 39811
39905 40196
40200 40298
40330 40448
40451 40578
40634 40636
40699 40999
41046 41199
41202 41258
41262 41369
41392 41512
41614 41616
41659 41942
41976 42262
42284 42285
42343 42574
42617 42832
42858 42934
42941 43000
43023 43101
43135 43221
43263 43265
43390 43591
43609 43682
43686 43794
43842 43933
43946 44032
44069 44071
44200 44316
44353 44498
44528 44671
44713 44789
44792 44980
45073 45075
45121 45214
45232 45324
45363 45706
45749 45910
45991 45992
46141 46322
46330 46526
46563 46666
46700 46843
46894 47030
47156 47158
47292 47390
47451 47690
47733 47949
48086 48088
48194 48366
48403 48515
48639 48766
48801 48928
49022 49025
49136 49247
49286 49473
49500 49628
49665 49824
49850 49949
50015 50016
50139 50350
50375 50477
50492 50546
50596 50651
50654 50806
50819 50916
51006 51008
51107 51194
51201 51276
51317 51536
51544 51599
51612 51807
51868 51870
51983 52159
52184 52294
52308 52364
52367 52427
52464 52560
52582 52725
52798 52800
52846 52903
52937 53193
53229 53324
53349 53636
53660 53662
53789 54029
54075 54209
54212 54287
54338 54571
54615 54617
54673 54792
54821 55263
55266 55361
55427 55428
55502 55576
55583 55630
55650 55807
55832 56043
56080 56267
56288 56410
56492 56496
56544 56663
56667 56757
56809 57031
57051 57169
57181 57264
57306 57307
57376 57588
57624 57952
57982 58123
58161 58163
58251 58398
58438 58751
58789 58978
