62 128
180 370
374 531
578 855
860 957
1010 1011
1076 1311
1348 1458
1500 1582
1621 1781
1802 1987
2051 2053
2115 2280
2309 2412
2450 2561
2593 2697
2742 2866
2871 3013
3025 3166
3223 3225
3294 3476
3483 3578
3633 3790
3826 4030
4069 4244
4333 4335
4389 4560
4580 4689
4729 4823
4846 4960
4979 5226
5282 5283
5337 5396
5425 5564
5593 5826
5890 6035
6040 6233
6304 6306
6389 6603
6649 6762
6780 6852
6859 6902
6926 6970
6994 7029
7050 7065
7068 7143
7196 7358
7420 7422
7492 7550
7590 7752
7756 7976
8041 8184
8187 8293
8381 8383
8449 8611
8658 8815
8861 9080
9122 9342
9429 9431
9498 9634
9671 9898
9913 10065
10070 10243
10282 10424
10495 10497
10610 10658
10707 11157
11209 11318
11321 11465
11518 11521
11598 11767
11804 11881
11926 11998
12037 12148
12194 12343
12349 12523
12616 12618
12686 12868
12911 13018
13093 13263
13320 13435
13440 13558
13658 13660
13734 13846
13891 14093
14139 14306
14347 14539
14613 14615
14697 14837
14896 14964
14985 15152
15163 15299
15340 15455
15458 15600
15673 15675
15785 15907
15947 16043
16050 16176
16226 16328
16421 16520
16560 16639
16665 16731
16757 16813
16816 16938
17031 17032
17151 17264
17306 17443
17496 17596
17656 17858
17897 18039
18103 18105
18206 18369
18382 18452
18465 18636
18676 18934
18975 19064
19084 19223
19306 19307
19392 19462
19470 19728
19789 19894
19943 20096
20127 20304
20396 20398
20453 20525
20562 20798
20854 20917
20923 21046
21049 21098
21152 21241
21244 21353
21406 21576
21648 21651
21722 21865
21921 22062
22097 22195
22244 22337
22399 22542
22581 22728
22790 22792
22864 23062
23102 23296
23301 23488
23493 23645
23751 23753
23848 24008
24042 24230
24268 24447
24492 24570
24575 24683
24793 24795
24879 24952
24962 25137
25143 25258
25310 25375
25387 25570
25642 25645
25783 25878
25931 25984
25988 26176
26235 26356
26361 26499
26568 26727
26821 26822
26906 27075
27078 27248
27306 27514
27563 27716
27721 27813
27886 27888
27933 28085
28137 28325
28393 28568
28578 28706
28709 28839
28909 28911
29010 29273
29316 29566
29612 29735
29759 29865
29957 29960
30030 30109
30112 30213
30271 30418
30422 30538
30544 30658
30696 30697
30746 30807
30844 30940
30977 31128
31171 31230
31271 31409
31414 31523
31600 31602
31682 31876
31917 32105
32167 32288
32293 32477
32561 32563
32651 32937
32971 33252
33290 33523
33603 33605
33693 33808
33857 33964
34050 34371
34405 34497
34535 34640
34676 34677
34749 34957
35008 35069
35072 35323
35327 35470
35555 35558
35630 35886
35898 36015
36082 36305
36343 36516
36519 36595
36684 36686
36797 37039
37075 37132
37162 37249
37257 37417
37490 37492
37607 37886
37943 38023
38026 38143
38220 38339
38350 38477
38544 38546
38616 38919
38928 39001
39051 39150
39162 39313
39317 39538
39617 39618
39677 39751
39773 39851
39888 40071
40087 40183
40199 40338
40397 40400
40483 40664
40719 40973
41026 41212
41297 41300
41420 41477
41480 41647
41678 41850
41938 42075
42109 42188
42191 42296
42371 42372
42446 42604
42660 42836
42876 42998
43102 43103
43229 43432
43482 43564
43567 43645
43709 43901
43927 43975
43978 44061
44136 44138
44257 44521
44524 44599
44713 44910
44921 45087
45184 45186
45289 45396
45446 45661
45711 45862
45937 46049
46089 46231
46325 46327
46389 46558
46608 46761
46765 46905
46910 47021
47085 47175
47178 47325
47416 47418
47499 47656
47720 47921
47978 48116
48170 48237
48240 48415
48476 48478
48557 48617
48651 48773
48809 48924
48985 49091
49094 49205
49273 49369
49384 49474
49494 49662
49741 49743
49836 50162
50169 50255
50283 50392
50395 50595
50630 50799
50869 50872
50946 51105
51149 51267
51297 51549
51607 51768
51771 51933
52011 52012
52082 52265
52316 52456
52465 52577
52621 52731
52785 52879
52907 53064
53163 53166
53244 53313
53348 53507
53521 53604
53610 53738
53831 54138
54218 54220
54320 54451
54459 54730
54745 54861
54905 55127
55132 55228
55231 55314
55396 55398
55472 55610
55635 55865
55876 55995
56006 56190
56251 56395
56402 56511
56574 56576
56696 56836
56848 56952
56992 57221
57286 57518
57603 57605
57710 57774
57777 57835
57843 57904
57910 57966
58029 58101
58119 58228
58245 58301
58313 58393
58443 58475
58478 58511
58520 58603
58606 58689
58716 58878
58961 58963
59042 59088
59091 59250
59265 59414
59467 59572
59575 59874
59959 59961
60046 60228
60285 60338
60347 60573
60637 60774
60808 60949
61038 61040
61095 61164
61193 61383
61389 61542
61614 61692
61695 61804
61822 61936
61979 62094
62147 62285
62295 62428
62507 62510
62582 62763
62817 63003
63011 63094
63153 63286
63355 63478
63486 63622
63661 63662
63733 63812
63844 63946
64005 64093
64096 64153
64158 64255
64322 64520
64568 64672
64745 64747
64823 64941
64992 65219
65291 65443
65446 65520
65567 65699
65702 65776
65830 65832
65935 66106
66155 66265
66288 66394
66440 66550
66583 66713
66772 66925
66989 66992
67070 67350
67408 67458
67465 67569
67578 67667
67673 67763
67827 67828
67919 68093
68096 68127
68186 68264
68274 68334
68348 68455
68460 68602
68669 68672
68747 68889
68892 68983
69020 69177
69234 69294
69300 69555
69594 69688
69755 69757
69821 70020
70075 70208
70274 70366
70412 70501
70573 70576
70638 70785
70839 71134
71137 71230
71270 71454
71529 71531
71599 71667
71712 71822
71827 72023
72029 72153
72223 72225
72300 72500
72551 72740
72799 72862
72901 72983
73059 73160
73164 73307
73376 73378
73455 73613
73641 73769
73777 73965
74040 74187
74193 74310
74387 74388
74459 74804
74859 74922
74949 75224
75285 75287
75414 75571
75614 75925
76001 76077
76114 76142
76230 76323
76327 76545
76555 76613
76619 76710
76773 76776
76855 76946
76987 77105
77111 77258
77263 77402
77458 77592
77596 77764
77847 77848
77914 77948
77952 78158
78178 78451
78511 78584
78589 78723
78753 78848
78925 78927
79003 79112
79152 79303
79307 79439
79506 79618
79621 79720
79741 79883
79948 79950
80016 80072
80075 80225
80275 80452
80463 80539
80544 80672
80719 80861
80928 80930
81022 81216
81221 81274
81277 81368
81444 81683
81693 81744
81747 81859
81932 81933
81997 82080
82102 82246
82288 82556
82599 82717
82724 82862
82923 82926
82986 83052
83083 83227
83231 83310
83353 83513
83540 83663
83704 83761
83764 83871
83922 83925
84015 84163
84222 84339
84347 84485
84549 84648
84698 84828
84915 84916
84984 85156
85206 85401
85485 85534
85552 85646
85650 85732
85735 85817
85820 85911
85970 86124
86173 86175
86228 86425
86472 86674
86732 86859
86871 87055
87103 87105
87196 87298
87311 87496
87542 87710
87755 87980
88045 88047
88170 88250
88292 88442
88465 88577
88591 88703
88706 88870
88940 89058
89066 89172
89242 89243
89340 89446
89482 89594
89647 89740
89791 89902
89972 90071
90098 90269
90299 90399
90456 90458
90538 90748
90790 90897
90906 91178
91181 91264
91328 91535
91538 91591
91677 91681
91755 92072
92118 92306
92310 92426
92510 92511
92575 92636
92660 92738
92741 92771
92783 92951
92966 93262
93315 93317
93403 93572
93617 93661
93694 93835
93895 94116
94176 94267
94270 94372
94425 94427
94490 94618
94703 94863
94944 95098
95107 95221
95290 95370
95388 95464
95489 95600
95606 95682
95733 95735
95808 95956
95968 95997
96000 96099
96149 96290
96341 96499
96562 96631
96634 96724
96764 96928
96979 96981
97115 97314
97358 97683
97698 97797
97804 97935
97940 98057
98114 98116
98202 98413
98474 98641
98684 98836
98840 98949
98952 99058
99131 99132
99221 99281
99317 99388
99412 99547
99611 99799
99846 99950
100010 100208
100283 100286
100338 100460
100468 100816
100822 100983
101023 101078
101081 101206
101245 101247
101317 101416
101431 101510
101536 101614
101646 101726
101759 101829
101868 101949
101981 102049
102091 102161
102182 102216
102220 102300
102349 102351
102410 102684
102726 102855
102902 102991
102998 103122
103168 103286
103335 103336
103412 103650
103691 103753
103789 104001
104035 104088
104125 104186
104222 104371
104431 104433
104529 104698
104702 104815
104873 105067
105134 105234
105296 105573
105628 105631
105707 105934
106002 106170
106195 106302
106331 106450
106522 106523
106591 106648
106684 106888
106936 107062
107067 107277
107280 107353
107414 107416
107519 107733
107737 107773
107814 107918
107974 108099
108162 108383
108392 108466
108549 108551
108644 108837
108890 109034
109062 109153
109189 109282
109321 109380
109409 109468
109503 109594
109659 109661
109728 109822
109865 109961
109967 110100
110154 110242
110246 110466
110533 110535
110635 110737
110744 110895
110923 111099
111172 111273
111300 111413
111422 111520
111587 111588
111656 111722
111759 111923
111926 112040
112098 112266
112318 112479
112513 112644
112721 112723
112802 112996
113028 113167
113204 113311
113358 113444
113447 113574
113587 113742
113787 113790
113841 114001
114059 114142
114177 114574
114621 114745
114836 114837
114899 115005
115034 115195
115207 115379
115448 115666
115669 115882
115970 115972
116035 116099
116119 116352
116398 116614
116659 116820
116853 116979
117036 117038
117102 117183
117235 117322
117331 117493
117496 117604
117651 117806
117874 117986
117995 118035
118101 118268
118319 118322
118398 118477
118482 118584
118624 118785
118822 118856
118860 118964
119008 119092
119134 119234
119285 119435
119504 119506
119569 119704
119707 119850
119912 120123
120168 120318
120388 120612
120649 120800
120880 120882
120972 121218
121273 121330
121340 121542
121592 121823
121826 121934
122008 122011
122071 122222
122282 122350
122422 122568
122616 122693
122696 122780
122865 122866
122955 123180
123235 123461
123505 123746
123806 123808
123880 124076
124132 124296
124302 124448
124494 124497
124572 124829
124872 125011
125014 125088
125104 125314
125317 125368
125425 125427
125492 125591
125628 125723
125730 125830
125899 125993
126030 126129
126145 126356
126398 126401
126470 126532
126561 126734
126813 127027
127031 127309
127312 127417
127472 127473
127540 127767
127814 128002
128062 128177
128212 128353
128376 128435
128448 128540
128618 128620
128712 128879
128882 128992
129060 129198
129214 129397
129451 129707
129771 129773
129833 130018
130061 130156
130170 130329
130383 130713
130806 130808
130863 130925
130963 131192
131232 131325
131341 131416
131424 131497
131553 131764
131810 131813
131891 132077
132107 132266
132269 132586
132589 132671
132741 132743
132805 132835
132912 132967
132991 133044
133050 133173
133214 133347
133350 133502
133544 133737
133807 133810
133930 134152
134215 134327
134337 134425
134438 134617
134622 134786
134850 134851
134927 135140
135201 135347
135354 135520
135578 135719
135768 135865
135928 135930
136027 136120
136165 136375
136432 136658
136719 136869
136913 137047
137050 137227
137304 137306
137408 137644
137690 137819
137823 137994
138000 138117
138153 138156
138223 138372
138412 138580
138642 138868
138928 139207
139270 139271
139362 139597
139672 139899
139960 140063
140137 140297
140366 140368
140453 140703
140722 140821
140873 141099
141129 141235
141246 141350
141383 141386
141500 141643
141693 141868
141918 142123
142127 142218
142283 142285
142363 142443
142512 142580
142583 142683
142704 142918
142963 143103
143106 143126
143129 143193
143263 143265
143340 143480
143484 143582
143585 143647
143709 143881
143931 144070
144073 144165
144261 144262
144358 144537
144549 144662
144733 144926
145001 145217
145278 145343
145346 145387
145401 145519
145587 145590
145711 145881
145927 146171
146229 146359
146399 146561
146630 146631
146720 146866
146870 146962
147011 147123
147127 147230
147302 147609
147614 147681
147745 147747
147807 147982
148025 148126
148129 148263
148304 148501
148504 148588
148635 148798
148804 148880
148883 149016
149078 149080
149155 149239
149243 149310
149333 149550
149590 149738
149742 149918
149943 150050
150107 150110
150225 150277
150325 150480
150487 150629
150678 150929
150939 151055
151125 151126
151204 151310
151319 151377
151381 151581
151659 151916
151920 151964
151975 152051
152077 152145
152209 152211
152279 152426
152434 152563
152614 152769
152772 152869
152882 153018
153065 153066
153130 153206
153227 153490
153537 153770
153800 153953
153975 153978
154037 154237
154240 154308
154350 154445
154497 154614
154650 154732
154781 154859
154862 155055
155123 155125
155206 155362
155387 155493
155542 155674
155729 155841
155894 155930
155963 156048
156100 156165
156213 156317
156368 156428
156431 156511
156561 156563
156631 156891
156936 157125
157146 157423
