378 524
637 832
876 938
976 1083
1097 1161
1226 1366
1425 1735
1870 2038
2166 2255
2415 2468
2474 2616
2659 2871
2902 3381
3419 3675
3732 3777
3780 3889
3940 4027
4043 4162
4190 4389
4439 4580
4627 4914
4960 5123
5135 5201
5235 5479
5517 5712
5839 5970
6000 6170
6179 6181
6226 6330
6374 6643
6792 6871
6895 7015
7069 7072
7133 7183
7189 7247
7282 7451
7495 7632
7643 7708
7742 7877
7995 8130
8175 8348
8433 8562
8565 8638
8674 9027
9061 9179
9209 9377
9402 9431
9434 9588
9648 9965
10011 10071
10081 10178
10207 10331
10421 10695
10806 10871
10925 11088
11231 11458
11491 11664
11699 11894
11929 12105
12169 12388
12418 12547
12552 12635
12709 12779
12782 12920
13029 13176
13211 13329
13332 13407
13435 13643
13675 13819
13841 14088
14120 14488
14617 14764
14767 15005
15031 15048
15122 15257
15277 15478
15503 15638
15673 15737
15757 15864
15945 15994
16020 16107
16110 16166
16212 16322
16349 16643
16667 16735
16738 16817
16861 17114
17223 17332
17452 17517
17521 17617
17746 17902
17967 17970
18034 18171
18174 18316
18349 18516
18534 18581
18605 18709
18727 18815
18858 18983
19133 19191
19218 19331
19385 19506
19509 19646
19679 19706
19726 19903
19993 19996
20095 20398
20513 20711
20794 20823
20826 21177
21205 21312
21315 21340
21359 21468
21495 21699
21731 21881
21914 22099
22135 22395
22485 22632
22636 22726
22766 22811
22847 22891
22951 23033
23039 23130
23372 23503
23543 23764
23807 23850
23853 24056
24087 24236
24239 24241
24434 24730
24767 24870
24877 24992
25075 25263
25308 25340
25353 25397
25400 25476
25512 25588
25866 25952
26046 26238
26266 26395
26428 26727
26730 26985
27057 27167
27172 27173
27185 27417
27441 27527
27579 27698
27701 27738
27742 27840
27888 27943
27946 28052
28064 28160
28198 28272
28332 28496
28504 29040
29043 29075
29079 29159
29238 29447
29644 29786
29842 30082
30092 30262
30289 30501
30504 30722
30786 30944
31096 31098
31111 31218
31306 31308
31323 31378
31403 31481
31508 31579
31666 31772
31803 32056
32134 32334
32379 32416
32424 32574
32688 32756
32828 33029
33066 33189
33192 33249
33252 33403
33430 33571
33587 33728
33744 33816
33855 34148
34206 34312
34419 34636
34639 34727
34882 34883
34893 34927
34930 35050
35161 35322
35452 35455
35468 35589
35622 35794
35810 35853
35862 36042
36077 36251
36451 36491
36515 36680
36882 37142
37191 37308
37316 37399
37440 37510
37539 37787
37865 37965
37989 38117
38120 38426
38464 38597
38607 38805
38823 38913
38968 39178
39379 39414
39443 39590
39607 39989
40027 40225
40279 40457
40506 40529
40566 40654
40672 40724
40731 40863
40898 41099
41133 41256
41326 41400
41404 41444
41672 41682
41721 42056
42074 42076
42084 42176
42213 42348
42366 42521
42524 42609
42659 42802
42826 43066
43203 43237
43371 43397
43422 43637
43684 43803
43806 43843
43870 43983
44098 44202
44217 44324
44415 44644
44647 44835
44893 44958
45158 45202
45232 45358
45373 45487
45533 45675
45886 46076
46118 46269
46307 46519
46522 46597
46751 46753
46821 46826
46832 46916
46938 47049
47057 47103
47152 47248
47258 47336
47455 47555
47662 47715
47726 47993
48028 48173
48176 48448
48503 48532
48536 48588
48650 48720
48866 48880
48883 48973
48976 49101
49132 49371
49434 49919
49931 50041
50157 50209
50382 50458
50495 50659
50663 50771
50816 50897
50900 51220
51292 51355
51358 51413
51474 51628
51631 51821
51876 51911
51919 52059
52082 52208
52285 52474
52519 52613
52751 52811
52955 53197
53274 53738
53917 54216
54260 54335
54339 54543
54566 54681
54703 54838
54844 54889
54896 55056
55059 55084
55087 55200
55255 55358
55394 55631
55722 55989
56029 56371
56402 56572
56604 56689
56717 56775
56797 56811
56814 56872
56921 57114
57174 57211
57214 57293
57357 57517
57522 57631
57662 57674
57680 57739
57742 58194
58223 58339
58371 58519
58541 58774
58872 58999
59123 59150
59153 59475
59620 59865
59906 60007
60029 60166
60169 60333
60373 60481
60577 60699
60706 60769
60802 61318
61324 61450
61455 61657
61821 62050
62093 62411
62448 62560
62634 62863
63036 63253
63257 63293
63296 63450
63502 63673
63819 63980
64010 64603
64701 64824
64845 65073
65103 65302
65308 65416
65507 65611
65618 65654
65657 65762
65793 65943
65975 66193
66339 66340
66349 66695
66736 66961
67024 67389
67418 67608
67649 67845
67889 68032
68094 68215
68245 68247
68321 68453
68558 68646
68652 68709
68768 69026
69063 69135
69173 69477
69492 69515
69568 69638
69833 70165
70248 70388
70391 70449
70475 70530
70544 70579
70597 70701
70784 70977
70980 71187
71227 71290
71322 71532
71535 71788
71791 71861
71924 71943
71946 72223
72337 72479
72522 72796
72821 73046
73083 73110
73142 73232
73256 73475
73508 73647
73658 73707
73738 73969
73972 74058
74061 74176
74191 74271
74314 74398
74412 74536
74540 74652
74673 74777
74803 74838
74853 74880
74884 74911
74952 75094
75244 75371
75421 75511
75570 75649
75686 75891
75948 76238
76243 76294
76349 76527
76536 76570
76714 76850
76888 77126
77166 77643
77680 77728
77904 77989
78141 78156
78160 78223
78253 78272
78275 78324
78353 78447
78513 78703
78851 79258
79291 79608
79683 79851
79912 80378
80427 80606
80609 80712
80740 80830
81007 81197
81230 81414
81417 81503
81534 81686
81825 81898
81920 82032
82067 82147
82272 82306
82313 82597
82679 83062
83075 83204
83268 83385
83504 83656
83669 83795
83839 84000
84070 84313
84498 84690
84694 84723
84732 84770
84798 85238
85274 85550
85557 85669
85689 85769
85811 85900
85905 85947
86075 86145
86206 86317
86388 86524
86548 87014
87071 87194
87205 87320
87369 87760
87924 88005
88011 88082
88135 88349
88425 88582
88640 88718
88721 88781
88809 88911
88932 88933
88939 88978
89051 89165
89291 89350
89388 89472
89475 89510
89513 89853
89883 90005
90147 90188
90271 90378
90382 90445
90481 90680
90683 90838
90901 91179
91187 91395
91414 91641
91651 91807
91909 92022
92025 92120
92158 92336
92369 92520
92552 92642
92708 92791
92795 92892
92898 92900
92907 93055
93058 93185
93269 93412
93415 93543
93599 93677
93694 93769
93779 93966
93993 94114
94330 94331
94342 94440
94446 94607
94714 94831
94842 94970
95085 95086
95095 95198
95201 95459
95506 95628
95814 95940
95972 96020
96023 96189
96261 96347
96372 96500
96504 96579
96668 96751
96786 96841
96844 96897
96900 97056
97096 97222
97239 97241
97258 97303
97312 97361
97410 97540
97565 97745
97770 97957
98061 98500
98618 98734
98757 99041
99085 99167
99170 99221
99261 99513
99534 99610
99644 99757
99785 99970
100047 100124
100173 100200
100235 100355
100375 100456
100468 100633
100716 100806
100809 101031
101035 101070
101111 101156
101291 101292
101313 101355
101364 101523
101575 101669
101676 101708
101719 101840
101890 101954
101968 102138
102175 102423
102470 102705
102712 102773
102892 102893
102902 103089
103181 103183
103189 103325
103352 103648
103792 103793
103809 103903
104021 104023
104033 104061
104064 104193
104311 104313
104323 104456
104495 104608
104741 105010
105041 105576
105670 105917
105963 106117
106120 106220
106281 106496
106650 106699
106742 107016
107083 107328
107502 107523
107551 107757
107770 107875
107965 108224
108227 108264
108267 108372
108375 108515
108598 108666
108693 108824
108830 108857
108860 108965
108996 109022
109027 109380
109439 109621
109642 109782
109813 110187
110214 110323
110360 110615
110647 110696
110699 110794
110848 111119
111125 111183
111189 111373
111409 111564
111567 111685
111776 111818
111844 112006
112041 112226
112243 112332
112510 112731
112768 113111
113147 113317
113444 113563
113677 113746
113749 113800
113824 113956
114061 114063
114070 114161
114164 114298
114368 114516
114528 114575
114605 114879
114919 115001
115012 115159
115322 115449
115470 115655
115699 115758
115761 115786
115801 116030
116054 116212
116221 116253
116406 116439
116449 116663
116693 116891
117000 117025
117029 117121
117124 117165
117168 117277
117332 117673
117708 117791
117794 117909
117915 118061
118070 118149
118340 118624
118658 118741
118744 118876
118879 119405
119462 120024
120087 120327
120361 120416
120440 120558
120669 121114
121143 121305
121376 121442
121466 121561
121564 121628
121742 121983
122102 122160
122174 122619
122753 122804
122823 122912
122939 123096
123127 123242
123245 123599
123640 123785
123961 124126
124132 124228
124264 124385
124389 124621
124674 124780
124783 124822
124853 125011
125115 125117
125121 125241
125330 125383
125515 125567
125571 125682
125707 125809
125933 126011
126167 126422
126455 126562
126571 126731
126813 127000
127044 127105
127253 127519
127558 127799
127827 128008
128012 128086
128191 128193
128196 128290
128293 128361
128386 128764
128796 128946
128949 129067
129170 129230
129334 129436
129458 129697
129700 129779
129803 129969
130010 130034
130037 130099
130102 130260
130264 130413
130456 130812
130826 130932
130979 131231
131316 131545
131585 131904
132049 132275
132309 132774
132814 133206
133391 133610
133665 133760
133763 134093
134126 134407
134536 134674
134685 134867
134901 135077
135118 135231
135258 135426
135446 135579
135631 135632
135685 135878
135886 135991
136036 136207
136257 136411
136443 136515
136528 136636
136758 136814
136937 137163
137179 137271
137371 137580
137729 137838
137862 137918
137921 138130
138170 138457
138460 138613
138616 138725
138780 138935
138969 139097
139101 139171
139209 139433
139466 139668
139716 139923
139990 140173
140217 140309
140353 140467
140499 140751
140841 141080
141085 141132
141179 141420
141468 141640
141683 141777
141804 141838
141846 141961
141972 142129
142132 142204
142229 142405
142423 142492
142527 142915
142946 143010
143029 143161
143283 143481
143484 143531
143534 143543
143607 143884
143887 143924
143965 144035
144041 144072
144075 144126
144149 144421
144530 144680
144715 144991
145088 145204
145250 145303
145306 145595
145599 145732
145802 146053
146079 146192
146245 146336
146372 146666
146701 146926
147017 147133
147207 147363
147395 147477
147494 147680
147721 148160
148207 148341
148378 148533
148629 148891
149025 149208
149253 149455
149474 149565
149568 149667
149724 149874
149888 150048
150105 150273
150313 150577
150693 150762
150797 150874
150898 151062
151199 151294
151471 151600
151628 151856
151859 151963
151999 152001
152047 152089
152120 152181
152357 152543
152573 152792
152820 152896
152939 153168
153428 153639
153702 153961
154001 154099
154102 154165
154199 154381
154402 154553
154613 154723
154774 154966
154992 155177
155213 155755
155832 156008
156039 156152
156189 156244
156299 156460
156516 156735
156762 157041
157234 157527
157596 157668
157691 157713
157746 157886
157890 158112
158119 158481
158646 158685
158692 158777
158806 158919
158926 159061
159097 159113
159130 159206
159272 159385
159425 159534
159563 159667
159684 159921
159947 160040
160190 160235
160323 160651
160726 160836
160839 161115
161140 161255
161323 161442
161658 161838
161845 161913
162008 162270
162302 162394
162397 162516
162523 162785
162788 162836
162913 163138
163179 163414
163446 163843
163927 164125
164136 164202
164281 164572
164641 164715
164795 164949
165185 165187
165196 165310
165345 165465
165596 165663
165668 165946
166022 166103
166113 166166
166201 166246
166260 166339
166531 166533
166539 166610
166691 166773
166835 166978
167056 167236
167272 167356
167385 167634
167722 167864
167897 168037
168105 168504
168534 168685
168703 168771
168777 168959
168966 169111
169147 169321
169324 169500
169503 169608
169647 169989
170076 170180
170216 170511
170540 170635
170638 170782
170862 171120
171164 171342
171559 171721
171753 171781
171818 171950
171985 172184
172326 172328
172331 172729
172766 172983
173030 173461
173513 173578
173584 173684
173720 173964
174014 174114
174124 174197
174215 174296
174389 174989
175079 175477
175594 175667
175704 175844
175850 175987
176093 176188
176193 176354
176412 176494
176497 176859
176941 177051
177070 177176
177207 177315
177478 177516
177552 177626
177631 177765
177905 178540
178600 178695
178709 178760
178798 178907
178957 179120
179331 179738
179741 179820
179823 179866
179870 179951
179972 180220
180338 180376
180379 180495
180533 180915
180975 181067
181070 181116
181139 181166
181178 181180
181192 181225
181289 181419
181584 181626
181800 181970
182000 182116
182153 182285
182306 182474
182493 182830
182933 183102
183105 183211
183253 183423
183572 183762
183894 184436
184459 184584
184587 184773
184836 184900
184942 185060
185229 185273
185276 185329
185332 185504
185597 185682
185848 186198
186201 186514
186559 186773
186813 187048
187118 187121
187132 187341
187388 187647
187699 187768
187771 187853
187895 187980
188001 188062
188065 188177
188236 188323
188352 188564
188567 188757
188784 188967
188970 188991
188994 189054
189110 189268
189281 189305
189308 189603
189658 189820
189926 190004
190007 190091
190215 190379
190492 190702
190822 190886
190904 191072
191235 191400
191444 191510
191513 191627
191649 191728
191737 192083
192097 192100
192104 192174
192216 192435
192479 192593
192596 192644
192648 192760
192858 192940
192950 193151
193190 193727
193730 193911
193917 194049
194098 194177
194186 194477
194513 194756
194806 194838
194856 194902
195000 195242
195303 195887
195961 196050
196080 196272
196321 196658
196694 196813
196874 196934
196978 197080
197264 197440
197474 197605
197658 197661
197664 197726
197734 197862
197921 198062
198095 198118
198121 198351
198395 198460
198463 198580
198645 198646
198649 198805
198880 199156
199175 199274
199312 199650
199752 199832
199845 199951
200051 200103
200111 200198
200345 200346
200376 200829
200842 200945
201078 201401
201422 201448
201461 201555
201590 201753
201865 201991
202033 202222
202225 202320
202385 202428
202463 202651
202680 202826
202871 202916
202920 203015
203182 203452
203510 203702
203744 203825
203842 203900
203923 204154
204196 204557
204603 204966
205020 205067
205078 205285
205322 205425
205469 205643
205670 205696
205702 205901
205904 206144
206176 206315
206345 206485
206648 206650
206750 206949
207014 207083
207192 207330
207336 207524
207555 207726
207775 207843
207990 208017
208021 208367
208428 208453
208463 208608
208763 208903
209056 209208
209262 209438
209497 209660
209663 209780
209828 210249
210315 210348
210359 210383
210388 210610
210619 210670
210725 210759
210762 210856
210859 211103
211122 211170
211181 211324
211344 211583
211696 211819
211822 211994
212083 212169
212172 212307
212357 212511
212590 212864
212965 213172
213205 213415
213449 213697
213727 213860
213873 214144
214164 214225
214231 214415
214468 214756
214793 214978
214984 215077
215163 215419
215571 215602
215735 215771
215832 215918
216053 216118
216121 216183
216327 216507
216578 216663
216693 216840
216885 216974
216982 217134
217174 217200
217227 217322
217353 217418
217421 217569
217588 217672
217897 217936
217988 218155
218313 218355
218458 218548
218555 218904
218907 219030
219163 219350
219385 219506
219522 219737
219741 220080
220110 220194
220240 220256
220268 220585
220627 220728
220731 221206
221232 221628
221769 221772
221779 222084
222142 222149
222152 222193
222343 222452
222455 222562
222575 222687
222730 222754
222757 223129
223196 223367
223407 223484
223514 223825
223852 223925
223939 224267
224396 224964
224998 225081
225103 225222
225251 225391
225403 225707
225750 225935
225938 226077
226128 226233
226347 226350
226353 226605
226614 226752
226814 226833
226858 226958
226965 227039
227072 227215
227244 227356
227373 227589
227728 228090
228109 228406
228459 228666
228695 228871
228927 229175
229207 229283
229304 229339
229342 229404
229443 229500
229536 229889
229923 230227
230404 230429
230463 230646
230687 230912
230923 230960
231001 231138
231162 231336
231339 231440
231515 231611
231641 231689
231702 231936
231939 232008
232053 232153
232282 232426
232459 232689
232731 232915
232952 233127
233225 233331
233427 233620
233636 233748
233814 234116
234133 234538
234542 234745
234839 234964
235001 235050
235077 235222
235265 235430
235433 235630
235660 235808
235970 236048
236086 236207
236342 236613
236657 236830
236860 237224
237266 237413
237442 237515
237633 237745
237813 238059
238064 238103
238186 238239
238269 238436
238618 238795
238826 239015
239050 239322
239373 239437
239440 239498
239516 239623
239638 239727
239765 239929
239932 239998
240028 240226
240265 240346
240349 240405
240502 240726
240745 240948
240991 241259
241294 241532
241728 241731
241738 241990
242048 242307
242338 242445
242504 242705
242708 242978
242981 243351
243387 243592
243661 243861
243888 244057
244105 244426
244430 244492
244527 244757
244791 244924
244962 245248
245474 245542
245557 245717
245751 245907
245985 246182
246185 246268
246321 246462
246509 246674
246705 246932
246939 247012
247050 247303
247475 247730
247770 248123
248230 248327
248347 248618
248621 248771
248851 249163
249209 249300
249312 249499
249503 249636
249699 249770
249778 249879
249896 249966
250038 250311
250366 250496
250527 250707
250743 250951
251002 251201
251216 251459
251511 251678
251683 251685
251694 251775
251798 251888
251963 252035
252128 252130
252145 252295
252298 252438
252475 252571
252582 252640
252644 252705
252752 252934
253039 253162
253190 253483
253518 253604
253607 253682
253746 253861
253867 253982
254122 254160
254163 254224
254246 254369
254470 254848
254858 254932
254962 255130
255183 255280
255287 255395
255515 255634
255637 255715
255756 255966
256061 256289
256386 256416
256504 256594
256617 256770
256822 256941
257068 257070
257086 257195
257286 257473
257511 257733
257762 257849
257873 258084
258132 258428
258524 258769
258772 258824
258863 259056
259094 259192
259213 259509
259587 259628
259652 259683
259716 259992
260051 260210
260247 260366
260369 260462
260488 260673
260715 260840
260900 261080
261083 261189
261192 261314
261385 261540
261569 261667
261693 261852
261885 262139
262142 262389
262397 262431
262460 262700
262773 262900
262924 263233
263236 263303
263322 263439
263482 263505
263508 263772
263913 264204
264214 264346
264400 264499
264523 264665
264748 264864
264916 265238
265247 265456
265587 265770
265780 265859
265892 266057
266132 266425
266450 266680
266703 267190
267391 267393
267396 267506
267517 267648
267691 267736
267742 268141
268195 268346
268349 268457
268460 268601
268668 268742
268747 268787
268796 268926
269037 269040
269043 269127
269231 269535
269575 269576
269579 269722
269731 269891
269954 270142
270305 270534
270561 270697
270895 270957
271120 271122
271125 271403
271528 271582
271694 271811
271835 272033
272057 272080
272092 272141
272154 272376
272440 272617
272776 272777
272784 272981
273021 273182
273188 273263
273316 273509
273530 273907
273943 274094
274133 274404
274411 274450
274486 274642
274674 274806
274814 274947
275016 275160
275214 275281
275430 275432
275435 275506
275578 275678
275724 275726
275777 275863
275888 276075
276078 276173
276178 276180
276191 276239
276398 276585
276649 276651
276655 276923
276949 277050
277062 277156
277278 277280
277291 277489
277507 277564
277586 277604
277608 277766
277863 277865
277869 277956
277975 278093
278125 278320
278323 278495
278584 278709
278749 278993
279006 279154
279157 279234
279371 279373
279385 279438
279469 279541
279611 279738
279812 279815
279828 279852
279855 280024
280040 280139
280185 280247
280250 280457
280518 280665
280668 280751
280754 280950
280985 281015
281018 281145
281155 281311
281340 281546
281588 281739
281825 282052
282087 282253
282318 282394
282439 282741
282778 282919
282934 283388
283392 283465
283548 283677
283680 283940
283973 284014
284017 284397
284509 284650
284677 284791
284799 285091
285104 285163
285278 285443
285478 285643
285646 285772
285882 285883
285886 285981
285984 286030
286058 286316
286350 286552
286563 286594
286660 286709
286712 286894
286922 287024
287080 287489
287571 287826
287867 287973
287976 288041
288280 288323
288506 288538
288721 288811
288861 288983
288996 289105
289220 289825
289830 289872
289908 289987
290003 290287
290334 290407
290410 290556
290560 290626
290787 290849
290853 290938
290943 291094
291135 291224
291242 291325
291328 291390
291394 291496
291558 291650
291683 291934
292003 292052
292056 292224
292376 292458
292492 292599
292607 292743
292836 292888
292905 293049
293072 293282
293460 293719
293751 293959
293993 294039
294065 294236
294249 294420
294592 294674
294742 294967
295017 295124
295146 295148
295328 295390
295625 295746
295750 295828
295859 295950
295953 296029
296032 296038
296041 296085
296119 296409
296485 296550
296702 296822
296985 297058
297103 297261
297265 297387
297537 297586
297593 297689
297692 297817
297855 297988
298059 298171
298263 298748
298784 298930
298938 298979
298983 299091
299094 299206
299243 299414
299508 299710
299721 299751
299781 300035
300067 300427
300598 300707
300759 300972
301047 301117
301135 301224
301239 301304
301309 301439
301442 301481
301529 301840
301871 301927
301931 301995
302002 302171
302235 302382
302509 302777
302805 302878
302899 302932
302953 303064
303069 303122
303138 303280
303305 303564
303603 303685
303697 303700
303704 303732
303761 304237
304286 304407
304424 304525
304725 304990
305024 305179
305182 305305
305341 305508
305534 305572
305575 305733
305736 305809
305813 305866
305892 305999
306003 306051
306057 306446
306491 306719
306803 307105
307202 307432
307446 307545
307621 307704
307707 307787
307816 307959
307974 308245
308293 308491
308494 308937
308944 308985
308998 309009
309012 309026
309155 309311
309455 309548
309556 309652
309661 309883
309937 310268
310376 310459
310555 310608
310635 310843
310990 311158
311211 311266
311271 311471
311544 311724
311888 312015
312036 312202
312308 312398
312403 312440
312466 312569
312615 313016
313081 313134
313155 313519
313578 313607
313629 313864
313905 314127
314202 314392
314401 314512
314555 314692
314722 314807
314827 314975
315001 315239
315312 315415
315430 315455
315599 315607
315610 315660
315663 315849
315959 316325
316420 316598
316626 316838
316851 317193
317278 317334
317394 317649
317662 317833
317838 318013
318016 318100
318194 318475
318501 318502
318505 318609
318637 318816
318840 319285
319309 319450
319584 319630
319664 319854
319999 320092
320122 320183
320188 320322
320373 320618
320627 320806
320902 321019
321035 321286
321343 321366
321369 321493
321500 321554
321568 321689
321843 321883
321887 322154
322210 322369
322379 322551
322635 322715
322784 322973
322981 323138
323141 323223
323468 323732
323780 323872
323891 323990
324039 324538
324700 325033
325067 325389
325530 325531
325536 325589
325621 325771
325798 326206
326243 326290
326313 326553
326651 326929
326962 327344
327486 327554
327557 327684
327721 328032
328072 328180
328199 328222
328256 328517
328560 328648
328670 328821
328889 329117
329144 329383
329386 329754
329807 329926
329930 329956
329959 330008
330021 330076
330235 330419
330473 330577
330610 330853
330877 331048
331078 331355
331365 331465
331500 331723
331768 331863
331952 332452
332455 332738
332877 333093
333130 333583
333624 333787
333791 333989
334025 334294
334345 334595
334600 334633
334636 334792
334915 335145
335194 335387
335390 335515
335529 335583
335586 335631
335652 335789
335879 336092
336132 336380
336504 336675
336748 336801
336825 336933
336992 337327
337452 337500
337600 337771
337800 338049
338082 338115
338144 338260
338263 338333
338349 338505
338595 338816
338866 339113
339118 339150
339153 339251
339300 339379
339394 339544
339649 339748
339790 339946
339956 340020
340025 340103
340171 340287
340307 340422
340459 340660
340666 340743
340746 340935
341028 341111
341117 341120
341126 341267
341270 341323
341326 341472
341516 341627
341630 341871
342054 342323
342382 342440
342485 342620
342623 342697
342722 342901
342993 343017
343022 343124
343148 343261
343295 343525
343623 343954
343982 344055
344058 344138
344172 344424
344449 344498
344504 344588
344591 344717
344754 344932
344951 345200
345282 345591
345693 345909
345930 346268
346322 346494
346569 346724
346728 346825
346834 347077
347131 347132
347143 347168
347193 347280
347373 347496
347542 347714
347717 347794
347815 348063
348198 348604
348789 348816
348854 348979
349002 349191
349220 349396
349502 349722
349740 349866
349923 349982
349990 350085
350088 350126
350129 350162
350165 350241
350244 350297
350323 350508
350537 350652
350807 350925
351058 351107
351111 351231
351240 351294
351402 351403
351415 351512
351526 351840
351870 351962
352042 352043
352054 352194
352210 352334
352441 352443
352459 352658
352669 352984
353029 353171
353209 353318
353352 353618
353665 353667
353670 353835
353871 354190
354392 354451
354590 354702
354746 354913
354916 354956
354964 355098
355162 355274
355277 355369
355372 355403
355479 355664
355698 355914
355941 356022
356056 356162
356240 356460
356543 356782
356785 356809
356815 356860
356921 356945
356949 357284
357323 357326
357330 357401
357405 357522
357525 357613
357616 357748
357771 358038
358070 358310
358334 358395
358407 358484
358560 358585
358622 358893
358909 359207
359318 359426
359545 359889
359934 360088
360136 360258
360458 360684
360687 360762
360798 360861
360868 360895
360907 361061
361100 361195
361219 361315
361390 361543
361570 361690
361779 362089
362092 362217
362304 362398
362401 362607
362640 362804
362847 363011
363044 363180
363183 363291
363409 363615
363651 363732
363735 363931
364011 364023
364059 364451
364498 364585
364588 364637
364731 364732
364816 364882
364906 365067
365169 365235
365256 365486
365660 365840
365867 365975
365987 366019
366051 366189
366193 366541
366685 366836
366869 366997
367138 367336
367358 367465
367472 367473
367478 367732
367885 367923
367941 368019
368022 368098
368202 368300
368357 368747
368781 369053
369279 369297
369319 369518
369535 369650
369668 369775
369850 369889
369896 370129
370153 370208
370357 370442
370524 370604
370640 370826
370858 370931
370969 371139
371169 371396
371403 371559
371589 371684
371786 371824
371934 371936
371948 372080
372206 372234
372384 372604
372779 372874
372920 373121
373152 373247
373255 373355
373358 373405
373432 373519
373542 373742
373881 373883
373895 374100
374136 374326
374552 374635
374713 374981
374998 375139
375190 375373
375394 375832
375843 376020
376078 376178
376181 376243
376317 376529
376574 376659
376675 376735
376756 377016
377051 377210
377269 377455
377458 377504
377550 377647
377683 377736
377739 378003
378174 378334
378413 378442
378445 378534
378537 378686
378837 378931
378969 379024
379202 379202
379220 379331
379491 379713
379766 379837
379863 379959
379963 380040
380049 380172
380245 380502
380537 380798
380837 380980
381082 381212
381302 381504
381507 381658
381661 381749
381757 381875
381913 381990
381999 382002
382006 382105
382298 382471
382515 382598
382602 382801
382955 383022
383061 383279
383316 383443
383481 383783
383787 383872
383945 383976
383987 384101
384183 384475
384480 384677
384762 384974
385017 385251
385308 385358
385368 385490
385518 385659
385831 385964
386042 386319
386340 386496
386534 386942
386974 387119
387124 387278
387281 387396
387434 387489
387499 387710
387746 387798
387820 387943
388085 388123
388142 388286
388330 388573
388611 388780
388797 388950
388973 389240
389243 389340
389350 389478
389484 389637
389678 389743
389748 389901
389972 390042
390132 390565
390594 390838
390894 390935
390983 391266
391392 391760
391768 391810
391853 392081
392119 392147
392152 392410
392472 392568
392579 392881
393024 393302
393344 393450
393453 393583
393640 393725
393765 394038
394065 394287
394332 394454
394492 394609
394649 395192
395256 395468
395624 395804
395856 396119
396148 396412
396446 396665
396691 396855
397031 397321
397376 397585
397624 397851
397904 398142
398210 398415
398418 398584
398628 398832
398856 398956
398984 399147
399296 399298
399310 399701
399740 399957
399982 400158
400172 400241
400356 400644
400703 400725
400728 401096
401117 401163
401230 401462
401490 401715
401797 402034
402046 402199
402279 402537
402547 402616
402619 402779
402833 402924
402950 403027
403030 403138
403162 403265
403268 403403
403434 403518
403660 403850
403876 404009
404040 404279
404336 404471
404474 404548
404602 404626
404629 404773
404805 404850
404890 405006
405158 405832
405932 405981
406007 406105
406108 406246
406290 406343
406350 406562
406619 406768
406811 406916
407107 407110
407116 407339
407342 407403
407408 407469
407517 407615
407637 407775
407826 407932
407944 408035
408231 408233
408242 408452
408501 408589
408608 408832
408889 409244
409309 409466
409492 409578
409581 409703
409810 410043
410066 410108
410122 410396
410432 410788
410816 410911
410933 411001
411153 411153
411157 411213
411222 411361
411396 411626
411629 411735
411772 411938
411979 412118
412121 412462
412529 412636
412669 412780
412807 412900
412930 413131
413169 413431
413491 413612
413758 414081
414267 414686
414739 415108
415176 415480
415560 415779
415817 416025
416041 416104
416128 416256
416375 416377
416382 416477
416584 416821
416906 416958
416989 417036
417159 417252
417263 417333
417467 417565
417612 417758
417909 418194
418260 418302
418306 418364
418381 418482
418488 418729
418732 418846
418908 419358
419451 419550
419557 419694
419719 419768
419798 420001
420014 420105
420139 420248
420356 420358
420369 420749
420807 420909
420963 421023
421052 421436
421632 421912
421933 422012
422040 422219
422410 422433
422471 422787
422791 422909
423095 423139
423155 423213
423233 423284
423512 423513
423518 423680
423708 423829
423873 423932
423937 423957
423960 424027
424034 424077
424097 424341
424436 424527
424547 424679
424694 424833
424838 424879
424897 424934
424985 425134
425159 425255
425362 425701
425733 425735
425742 425841
425853 426005
426042 426173
426191 426358
426398 426582
426585 426693
426893 427054
427075 427172
427277 427298
427301 427334
427355 427481
427510 427565
427598 427661
427684 427812
427956 427988
427995 428156
428211 428325
428454 428481
428484 428552
428583 428777
428807 428975
429122 429123
429127 429216
429301 429303
429307 429457
429488 429695
429724 429726
429737 429908
429930 430056
430079 430226
430229 430326
430434 430621
430655 430830
430864 431007
431059 431280
431379 431380
431386 431473
431476 431553
431603 431784
431798 431864
432210 432212
432221 432257
432262 432415
432476 432683
432724 432817
432851 433113
433232 433437
433494 433749
433817 434008
434041 434304
434428 434526
434697 434868
434872 435319
435401 435483
435491 435657
435694 435895
435899 435982
436092 436177
436295 436551
436678 436767
436787 436922
437053 437089
437152 437340
437496 437710
437716 437763
437797 438005
438146 438168
438171 438275
438279 438368
438479 438712
438746 439145
439219 439241
439254 439318
439368 439727
439762 439905
439961 440144
440147 440180
440189 440271
440274 440338
440598 440631
440885 441017
441033 441122
441144 441459
441516 441646
441683 441936
442013 442297
442349 442453
442467 442627
442894 443208
443224 443226
443238 443492
443558 443697
443768 443841
443875 443977
444030 444165
444194 444205
444208 444353
444382 444419
444423 444570
444600 444762
444839 445093
445157 445235
445282 445500
445536 445765
445792 445981
446036 446290
446330 446400
446430 446783
446871 446945
446995 447066
447169 447194
447197 447316
447319 447442
447445 447479
447494 447544
447547 447674
447677 447722
447727 447791
447847 448079
448113 448482
448525 448740
448755 448909
448944 449177
449180 449297
449334 449471
449542 449718
449788 449950
450100 450337
450389 450494
450512 450640
450727 450802
450805 450921
450926 451091
451104 451153
451191 451245
451249 451461
451464 451505
451510 452129
452142 452247
452354 452436
452597 452901
452904 453037
453104 453278
453389 453603
453606 453705
453720 453752
453827 454315
454367 454720
454879 455080
455083 455250
455278 455513
455659 455661
455677 455739
455766 455883
455995 456238
456241 456414
456471 456691
456694 456831
456889 457005
457032 457104
457146 457147
457162 457230
457353 457529
457598 457664
457686 457734
457742 457745
457750 457848
457930 457994
457997 458218
458297 458393
458475 458565
458589 458658
458706 458774
458781 458937
458977 459031
459037 459192
459228 459261
459264 459382
459390 459450
459601 459759
459765 459904
459959 460090
460198 460340
460343 460576
460629 460770
460774 460835
460916 461051
461130 461469
461473 461591
461786 461834
461858 461962
462077 462250
462258 462446
462581 462635
462672 462814
462972 463062
463068 463128
463181 463308
463339 463524
463552 463968
464041 464202
464351 464403
464479 465260
465264 465343
465544 465546
465555 465721
465749 466038
466072 466229
466355 466551
466556 466633
466636 466695
466726 466825
466917 467125
467174 467355
467358 467369
467396 467650
467653 467788
467832 468100
468235 468243
468246 468307
468471 468671
468711 468855
468875 469039
469044 469128
469197 469774
469857 470079
470105 470425
470496 470765
470839 471035
471062 471309
471362 471558
471645 471942
471977 472245
472259 472481
472507 472655
472661 472941
473130 473223
473256 473500
473529 473755
473841 474060
474114 474422
474513 474638
474641 474702
474841 474949
474957 475061
475117 475286
475449 475530
475644 475646
475657 475769
475842 475978
476018 476222
476323 476325
476332 476586
476596 476646
476652 476775
476932 477191
477198 477262
477271 477425
477429 477431
477435 477580
477583 477695
477807 477879
477945 478079
478110 478226
478229 478346
478356 478411
478443 478675
478810 478949
478987 479324
479334 479538
479575 479629
479659 479938
479969 480044
480064 480183
480267 480314
480338 480451
480476 480629
480660 481112
481162 481330
481350 481466
481496 481721
481755 481966
482035 482147
482150 482209
482217 482340
482349 482447
482482 482655
482670 482718
482752 482870
482987 483068
483152 483266
483392 483639
483668 483833
483848 483851
483860 484090
484093 484186
484369 484473
484543 484770
484932 484950
484993 485056
485218 485553
485569 485611
485673 485820
485823 485911
486095 486096
486104 486203
486253 486333
486365 486570
486665 486841
486971 487072
487075 487238
487297 487588
487671 487928
488038 488103
488120 488374
488414 488473
488476 488616
488656 488795
488815 488905
489065 489088
489091 489199
489217 489367
489370 489532
489610 489829
489838 489840
489845 489934
489946 490054
490098 490165
490168 490373
490382 490504
490536 490666
490669 490757
490791 490853
491042 491064
491067 491159
491177 491297
491332 491470
491473 491539
491675 491712
491718 491883
491938 492058
492075 492135
492144 492181
492184 492261
492373 492422
492522 492523
492531 492567
492570 492760
492814 493035
493168 493370
493387 493479
493516 493731
493735 493795
493798 493904
493930 494066
494101 494218
494221 494394
494556 494587
494606 494753
494796 495412
495440 495465
495474 495709
495779 495826
495846 495932
495944 496092
496100 496275
496413 496488
496558 496722
496766 496960
496968 497128
497131 497156
497179 497218
497236 497431
497551 497553
497559 497665
497684 497894
497936 497993
497996 498046
498049 498434
498454 498548
498704 498770
498777 498964
499008 499087
499101 499226
499231 499384
499428 499535
499539 499590
499596 499705
499747 499798
499805 499883
499886 500432
500502 500572
500734 500737
500744 500910
500977 501207
501243 501727
501878 502004
502022 502061
502064 502108
502228 502350
502498 502775
502845 503326
503339 503369
503423 503719
503751 503876
503937 504240
504266 504275
504289 504426
504429 504531
504565 504768
504776 504826
504858 505013
505040 505169
505333 505530
505533 505626
505680 505767
505802 505803
505946 506005
506046 506145
506207 506239
506319 506368
506406 506510
506743 506787
506899 507073
507119 507218
507222 507357
507398 507621
507632 507661
507693 507747
507929 508146
508204 508417
508461 508578
508750 509001
509095 509269
509404 509605
509647 509713
509745 510029
510070 510188
510205 510257
510312 510501
510528 510781
510888 510994
510998 511075
511124 511283
511332 511359
511384 511491
511658 511922
511926 512099
512152 512252
512291 512440
512484 512611
512614 512702
512842 512901
512904 513249
513312 513377
513394 513528
513556 513632
513642 514046
514061 514352
514418 514739
514771 514827
514839 514995
515160 515400
515464 515567
515572 515614
515617 515711
515743 515902
515945 516046
516060 516083
516119 516372
516434 517012
517064 517188
517349 517388
517440 517591
517652 517874
517879 517992
517995 518036
518039 518175
518242 518409
518430 518592
518623 518889
518952 519236
519295 519379
519385 519647
519698 519912
519957 520240
520269 520441
520469 520517
520541 520688
520741 520876
520907 521320
521396 521761
521780 521892
521931 521962
521972 522120
522157 522293
522478 522656
522682 522898
522906 522908
522911 523138
523165 523275
523298 523479
523608 523692
523826 523904
523927 524201
524231 524275
524286 524474
524490 524661
524738 524919
525053 525156
525237 525417
525422 525511
525514 525566
525663 525665
525670 525713
525748 525989
526148 526150
526228 526376
526464 526659
526718 526807
526813 526921
526966 527008
527013 527078
527263 527391
527450 527658
527664 527666
527673 527913
527956 528231
528239 528407
528489 528751
528802 528858
528893 529203
529232 529295
529316 529600
529643 529664
529685 529795
529807 529872
529980 529982
529995 530167
530170 530280
530283 530378
530552 530716
530719 530856
530890 531079
531229 531397
531445 531468
531477 531615
531635 531743
531831 532218
532261 532345
532369 532461
532477 532566
532587 532801
532835 532935
532955 533076
533115 533365
533438 533625
533631 533633
533681 533784
533798 533886
534054 534239
534304 534490
534493 534530
534591 534712
534757 534981
534985 535072
535129 535243
535283 535419
535572 535628
535631 535750
535902 535974
536092 536448
536480 536768
536822 537072
537075 537149
537231 537392
537431 537601
537716 537794
537918 537977
538013 538129
538132 538155
538158 538266
538307 538405
538414 538525
538528 538618
538718 539026
539140 539142
539154 539200
539230 539413
539541 539700
539743 539861
539876 539942
539977 540084
540087 540163
540166 540248
540385 540438
540492 540574
540649 540889
540893 541298
541308 541596
541640 541750
541774 541937
541965 542040
542083 542128
542137 542419
542607 542817
542848 543025
543046 543186
543217 543430
543433 543630
543713 543977
544003 544236
544253 544283
544325 544468
544569 544708
544756 544897
544904 544983
545018 545429
545490 545551
545693 545842
545878 546107
546110 546191
546222 546351
546372 546428
546485 546571
546587 546786
546815 547096
547140 547300
547303 547357
547387 547605
547634 547725
547746 547942
547969 548014
548150 548218
548253 548379
548403 548433
548464 548571
548588 549032
549246 549248
549253 549536
549539 549668
549816 549849
549873 549987
550121 550480
550510 550698
550749 550877
551015 551171
551183 551273
551316 551438
551547 551873
551901 552112
552145 552312
552383 552464
552478 552504
552508 552688
552691 552756
552759 552886
552897 552933
553024 553103
553106 553169
553203 553451
553520 553712
553922 554106
554113 554167
554365 554421
554424 554641
554665 554768
554780 554809
554812 554832
554868 555163
555195 555559
555658 555882
555966 556132
556163 556212
556222 556348
556389 556894
556929 557028
557031 557222
557258 557535
557573 557620
557672 557937
557967 558104
558149 558679
558715 558865
558868 558955
559043 559126
559130 559362
559393 559531
559636 559715
559818 560025
560037 560174
560311 560611
560754 560920
561030 561227
561259 561527
561565 561619
561637 561842
561967 562103
562106 562243
562271 562370
562509 562561
562658 562788
562866 563089
563171 563295
563317 563684
563725 563903
563987 564312
564415 564606
564642 564964
564990 565230
565273 565787
565803 565872
565946 566010
566044 566066
566071 566136
566164 566388
566402 566489
566670 566745
566771 567249
567286 567711
567766 567873
567911 568286
568318 568333
568366 568639
568775 568963
569004 569199
569229 569485
569541 569826
569854 569921
569925 570011
570165 570297
570303 570351
570381 570496
570680 570803
570854 570990
571014 571101
571126 571425
571457 571677
571741 571755
571792 571936
571959 572116
572126 572238
572319 572359
572362 572458
572461 572509
572512 572616
572649 572703
572910 573293
573327 573430
573451 573588
573617 573744
573777 573998
574032 574159
574176 574727
574810 574903
574915 574928
574973 575235
575287 575373
575380 575584
575636 575941
576012 576086
576098 576399
576439 576756
576770 576799
576826 577057
577144 577202
577205 577388
577430 577708
577762 578083
578091 578137
578166 578551
578595 578903
578988 579173
579220 579408
579437 579498
579507 579580
579696 579980
580007 580127
580135 580257
580319 580585
580617 580671
580685 580757
580760 580825
580862 581190
581288 581521
581565 581719
581787 582027
582068 582205
582209 582693
582832 582833
582846 582902
582912 583049
583073 583258
583296 583332
583445 583641
583645 583712
583746 584029
584083 584247
584377 584535
584553 584622
584667 584853
584864 584974
584986 585123
585130 585243
585347 585420
585450 585554
585606 585792
585832 585923
586068 586147
586190 586406
586446 586652
586823 587070
587144 587383
587440 587739
587744 587930
587976 588215
588243 588575
588611 588632
588661 588865
588893 589007
589014 589200
589338 589681
589724 589900
589927 590050
590091 590205
590236 590267
590274 590351
590389 590721
590760 590847
590851 590960
591099 591503
591506 591573
591734 591736
591746 591794
591804 591956
591977 592040
592084 592432
592583 592671
592781 592834
592854 592982
593001 593256
593259 593371
593537 593609
593614 593683
593830 593832
593836 593994
594027 594281
594313 594451
594473 594627
594645 594668
594693 594863
595009 595037
595041 595159
595198 595295
595298 595487
595517 595757
595787 595803
595821 596284
596317 596545
596565 596567
596570 596683
596753 596865
596868 596938
596978 597137
597148 597293
597333 597526
597538 597633
597753 597817
597868 598020
598026 598056
598059 598103
598120 598133
598182 598353
598483 598660
598697 598722
598725 599061
599125 599341
599377 599655
599687 599776
599795 599907
599925 600102
600153 600384
600407 600574
600579 600699
600702 600788
600814 601045
601048 601091
601248 601604
601642 601761
601764 601789
601820 601927
602075 602289
602335 602562
602601 602702
602725 602971
602990 603019
603022 603446
603450 603589
603657 603834
603864 604165
604307 604467
604516 604614
604648 604862
604893 604918
604921 605051
605074 605271
605303 605530
605584 605623
605626 605722
605746 605851
605875 605963
606058 606214
606217 606329
606358 606427
606451 606490
606509 606623
606848 606969
607008 607148
607195 607290
607293 607537
607567 607822
607885 608124
608156 608328
608389 608607
608676 609004
609007 609061
609064 609122
609216 609318
609344 609495
609582 609934
610051 610105
610157 610544
610653 611212
611215 611254
611294 611471
611504 611624
611658 611713
611719 611870
611921 612288
612367 612547
612585 612708
612712 612801
612804 612886
612891 613053
613089 613167
613219 613505
613554 613726
613730 613798
613802 613930
613959 614026
614032 614080
614236 614330
614359 614434
614470 614785
614831 614951
614982 615140
615164 615403
615450 615583
615599 615727
615770 615977
616155 616197
616231 616491
616672 616791
616863 617044
617062 617348
617377 617465
617479 617496
617499 617527
617531 617644
617671 618084
618169 618276
618304 618367
618386 618549
618552 618741
618770 618814
618898 619113
619158 619291
619294 619325
619363 619586
619681 619976
620002 620272
620361 620403
620406 620517
620548 620678
620703 620848
620938 621002
621013 621042
621178 621613
621648 621848
621885 621967
621980 622025
622028 622446
622449 622516
622681 622913
623000 623114
623148 623302
623408 623736
623796 623937
623962 624080
624098 624100
624104 624211
624242 624620
624656 624893
624968 625058
625135 625379
625388 625607
625735 625839
625983 626073
626101 626188
626197 626386
626452 626498
626644 626859
626887 626998
627168 627181
627184 627322
627495 627503
627614 627691
627713 627770
627773 627955
627964 628533
628672 628716
628752 628989
629064 629191
629355 629515
629571 629851
629949 630137
630183 630418
630523 630668
630671 630845
630855 630877
630883 630941
631095 631127
631168 631321
631377 631510
631513 631766
631778 631897
631963 632125
632177 632205
632215 632217
632220 632257
632324 632436
632460 632570
632596 632903
632951 633323
633508 633562
633611 633892
633899 634130
634159 634217
634220 634529
634571 634697
634705 634707
634714 634912
634929 635002
635038 635149
635267 635546
635646 635862
635899 636040
636043 636310
636340 636608
636643 637025
637062 637212
637234 637285
637288 637353
637386 637487
637527 637748
637778 637895
638067 638333
638366 638683
638686 638786
638866 638965
638981 639007
639010 639379
639484 639662
639687 639784
639787 639837
639950 639983
640030 640228
640266 640809
640852 640886
641084 641159
641173 641289
641356 641637
641641 641808
641869 641982
642031 642185
642400 642482
642514 642653
642682 642827
642867 642888
642904 642993
642997 643177
643216 643346
643360 643529
643554 643792
643837 644012
644208 644483
644523 644638
644641 644822
644936 645001
645035 645300
645336 645437
645442 645497
645526 645681
645726 645919
645927 646078
646143 646328
646359 646378
646386 646554
646605 646631
646634 646719
646726 646831
646858 647079
647137 647233
647279 647378
647424 647685
647761 647832
647863 647955
648007 648119
648168 648196
648200 648355
648475 648567
648573 648668
648673 648980
649048 649259
649263 649284
649287 649363
649420 649575
649700 649819
649960 649968
649971 650262
650299 650392
650400 650480
650483 650505
650540 650869
650917 651178
651207 651480
651510 651623
651653 651713
651722 651884
651913 652025
652028 652230
652233 652326
652372 652510
652531 652621
652680 652820
652856 653014
653048 653304
653361 653632
653643 653738
653741 653849
653882 654008
654037 654059
654088 654197
654409 654412
654420 654662
654795 655066
655070 655132
655161 655354
655428 655764
655796 655943
655949 656030
656073 656187
656195 656219
656455 656527
656555 656760
656787 656886
656890 656968
656971 657097
657138 657301
657368 657893
657937 658186
658291 658582
658585 658603
658606 658662
658665 659000
659048 659237
659258 659412
659500 659545
659551 659588
659598 659937
659983 660044
660231 660330
660380 660773
660828 661044
661050 661166
661203 661456
661610 661752
661765 661964
661992 662171
662206 662540
662676 662790
662820 662940
662967 663048
663065 663071
663076 663124
663141 663197
663200 663246
663299 663367
663396 663629
663727 663728
663791 664164
664261 664524
664584 664676
664742 664997
665054 665119
665138 665181
665184 665247
665258 665295
665298 665359
665466 665553
665633 665767
665801 666033
666057 666105
666147 666460
666523 666587
666632 666663
666673 666714
666717 666784
666911 667128
667166 667456
667462 667535
667674 667974
668138 668323
668326 668394
668507 668595
668669 669049
669058 669060
669068 669165
669194 669376
669384 669812
669862 670162
670207 670374
670532 670618
670646 670988
671000 671042
671082 671152
671172 671269
671297 671579
671598 671682
671685 671694
671724 671778
671822 671976
672012 672147
672157 672216
672278 672462
672499 673244
673247 673368
673411 673471
673485 673549
673552 673615
673618 673727
673771 673868
673906 674035
674069 674104
674107 674250
674254 674324
674332 674547
674622 674810
674948 674962
674977 675046
675049 675117
675143 675296
675437 676124
676128 676236
676265 676403
676412 676663
676844 676881
676919 677043
677080 677273
677276 677402
677446 677619
677651 677707
677731 677753
677756 677912
677943 678283
678314 678597
678674 678729
678767 678877
678929 679179
679203 679460
679482 679522
679650 679893
679941 680029
680046 680138
680141 680168
680171 680304
680429 680485
680525 680720
680725 680782
680891 680940
680944 681002
681033 681157
681290 681322
681439 681504
681513 681655
681804 681978
682006 682026
682029 682093
682096 682185
682194 682363
682382 682431
682474 682626
682629 682731
682735 682843
683002 683248
683308 683559
683649 683732
683735 683808
683958 684230
684277 684627
684699 684810
684839 684936
685053 685056
685071 685167
685171 685244
685254 685350
685353 685470
685502 685778
685920 686137
686215 686411
686516 686517
686530 686598
686721 686723
686726 686884
686913 686996
687022 687288
687415 687605
687639 687819
687864 687976
688131 688289
688429 688431
688434 688641
688681 688859
688904 689093
689105 689321
689324 689360
689363 689432
689464 689564
689591 689673
689676 689696
689719 689970
690002 690061
690072 690220
690223 690431
690445 690587
690657 690824
690963 691015
691175 691176
691189 691216
691235 691330
691334 691390
691432 691757
691813 691998
692028 692161
692164 692333
692360 692603
692644 692699
692703 692815
692858 692915
692999 693198
693227 693261
693269 693421
693424 693542
693570 693649
693697 693822
693859 693938
693957 694217
694369 694468
694500 694624
694754 694865
694895 695024
695027 695450
695535 695776
695812 695958
695973 696414
696440 696537
696564 696861
696921 697174
697234 697405
697409 697571
697607 697793
697840 697953
698012 698236
698239 698397
698414 698437
698481 698596
698689 698847
698881 699122
699158 699360
699363 699482
699543 699628
699631 699777
699995 700067
700113 700353
700436 700600
700635 700844
700891 701070
701107 701383
701386 701663
701668 701670
701893 702170
702266 702680
702822 703002
703005 703098
703224 703277
703315 703525
703528 703676
703727 703828
703835 703906
703909 704051
704153 704340
704387 704515
704545 704658
704693 704805
704901 704969
705046 705173
705391 705736
705764 705808
705836 705970
705985 706151
706184 706342
706437 706440
706453 706626
706722 706779
706801 706895
706900 706990
707048 707051
707113 707396
707423 707827
707935 708101
708128 708234
708256 708278
708293 708295
708357 708479
708608 708774
708788 708800
708803 709010
709124 709125
709128 709261
709371 709372
709376 709741
709791 710128
710317 710604
710614 710656
710753 710907
710911 711004
711118 711120
711123 711147
711151 711236
711257 711354
711366 711588
711617 711856
711865 711886
711909 712017
712131 712207
712300 712398
712445 712580
712625 712713
712734 712985
712996 713081
713114 713153
713156 713264
713307 713503
713533 713920
713923 714017
714091 714133
714155 714234
714240 714315
714318 714625
714636 714712
714715 714816
714985 715139
715325 715382
715592 715677
715757 715778
715781 715894
715897 715985
715989 716094
716124 716331
716417 716557
716661 716967
717061 717285
717316 717548
717677 717812
717815 717914
717950 718108
718143 718287
718424 718558
718591 718704
718732 718919
718960 719290
719293 719342
719345 719347
719442 719449
719452 719843
719855 719857
719873 720172
720197 720482
720520 720843
720897 721105
721154 721223
721227 721321
721358 721466
721523 721630
721634 721691
721816 721904
721954 722173
722178 722328
722360 722519
722523 722707
722756 722962
722965 722991
722996 723119
723339 723540
723564 723732
723741 723742
723752 723863
723866 723981
724061 724225
724240 724329
724404 724532
724552 724729
724738 724774
724813 724970
724977 725086
725124 725315
725339 725505
725532 725677
725771 726023
726063 726159
726169 726344
726383 726722
726767 726849
726871 727262
727310 727459
727603 727759
727762 727863
728044 728188
728193 728293
728363 728724
728770 729190
729223 729498
729559 729815
729818 729951
729957 730036
730071 730272
730302 730573
730601 730770
730843 730845
730900 731002
731068 731135
731182 731218
731240 731308
731331 731421
731434 731699
731702 731760
731771 731994
732156 732158
732172 732485
732526 732647
732697 733076
733107 733121
733132 733321
733324 733349
733377 733497
733500 733604
733628 733741
733757 733865
734084 734173
734228 734378
734408 734585
734589 734655
734718 734916
735120 735413
735497 735498
735505 735677
735708 735829
735850 735977
736133 736176
736303 736515
736518 736640
736786 737009
737053 737215
737223 737489
737551 737735
737749 737880
737917 738068
738198 738200
738213 738263
738266 738326
738330 738370
738505 738637
738663 738855
738890 739094
739100 739163
739207 739516
739583 739735
739884 739938
739972 740201
740352 740497
740504 740573
740601 740686
740693 740803
740875 741055
741120 741251
741272 741301
741341 741528
741600 741931
741965 742153
742275 742329
742335 742603
742662 742936
742955 742987
743015 743132
743165 743426
743495 743545
743552 743605
743637 743768
743775 743930
743953 744003
744029 744175
744194 744373
744456 744619
744653 744656
744697 744759
744762 744874
744905 744972
744990 745032
745051 745204
745241 745458
745472 745488
745518 745792
745863 746048
746079 746081
746154 746333
746336 746632
746679 746913
747034 747036
747043 747111
747115 747163
747197 747348
747462 747647
747696 747921
748027 748089
748151 748283
748476 748595
748598 748758
748800 748876
748899 748964
748998 749292
749296 749416
749566 749674
749783 750093
750114 750154
750196 750257
750260 750310
750346 750558
750587 750688
750730 751075
751128 751239
751272 751368
751371 751407
751416 751447
751501 751730
751849 751964
751974 752096
752123 752338
752456 752577
752661 752756
752787 752956
753015 753093
753097 753117
753121 753171
753273 753650
753660 753796
753813 753960
754095 754381
754439 754510
754520 754589
754720 754804
754847 755079
755094 755136
755142 755181
755235 755237
755305 755443
755468 755889
756027 756190
756193 756462
756628 756691
756720 756854
756857 757174
757295 757400
757403 757485
757520 757651
757735 757908
757967 758157
758185 758380
758489 758647
758683 758775
758784 758856
758910 758980
759015 759111
759114 759195
759343 759530
759664 759742
759767 760007
760057 760127
760235 760258
760264 760282
760298 760444
760471 760673
760707 760848
761040 761253
761370 761388
761391 761492
761592 761716
761747 761975
762014 762039
762064 762390
762433 762719
762763 762844
762852 763007
763145 763288
763392 763492
763524 763755
763889 764116
764140 764217
764220 764251
764378 764380
764385 764423
764426 764542
764689 765016
765185 765257
765312 765555
765592 765828
765989 765992
765995 766149
766152 766299
766306 766374
766508 766626
766656 766673
766676 766776
766783 766955
767064 767226
767355 767529
767532 767718
767770 767787
767800 768149
768176 768283
768382 768612
768646 768932
769014 769125
769251 769372
769391 769494
769503 769531
769535 769657
769727 769808
769812 770050
770197 770280
770290 770349
770526 770770
770801 770824
770831 770991
771027 771098
771122 771372
771380 771444
771447 771607
771785 771905
771914 771980
772053 772785
772835 772915
772918 773006
773050 773097
773103 773202
773205 773397
773429 773601
773633 773702
773709 773891
774017 774093
774183 774331
774359 774532
774538 774623
774708 775087
775108 775226
775275 775564
775625 775658
775661 776257
776290 776391
776394 776487
776500 776601
776710 776837
776882 777163
777167 777179
777198 777235
777327 777478
777524 777758
777794 777962
777981 778156
778222 778431
778502 778577
778610 778655
778683 778788
778874 779162
779190 779256
779317 779589
779643 779762
779781 779970
779982 780076
780102 780124
780127 780273
780276 780347
780350 780460
780514 780629
780771 780951
780984 781143
781202 781407
781410 781480
781483 781531
781596 781734
781773 781866
781869 781993
782005 782067
782079 782316
782335 782394
782434 782630
782679 782831
782834 782960
782963 783272
783309 783528
783533 783602
783633 783738
783880 783951
784086 784087
784098 784200
784206 784302
784338 784485
784567 784570
784575 784639
784642 784725
784728 784786
784818 785007
785052 785543
785608 785716
785746 785976
786008 786162
786171 786173
786181 786345
786351 786396
786426 786600
786687 786775
786876 786912
786956 787202
787278 787319
787334 787336
787342 787487
787650 787677
787680 787770
787901 788111
788155 788205
788208 788520
788563 788668
788678 788699
788739 788925
788963 789098
789217 789429
789469 789563
789596 789701
789730 789871
790012 790208
790235 790482
790514 790594
790703 790748
790822 790907
791006 791107
791214 791269
791296 791531
791632 791722
791802 792066
792099 792526
792579 792981
792987 793130
793179 793676
793714 793768
793776 793830
793874 794203
794302 794326
794336 794478
794599 794625
794665 794996
794999 795189
795222 795354
795397 795478
795570 795798
795824 795934
795978 796103
796137 796166
796170 796539
796608 796859
796864 796951
797000 797195
797223 797278
797282 797313
797450 797657
797673 797820
797846 798032
798126 798164
798167 798247
798393 798489
798596 798597
798604 798884
798921 799357
799447 799448
799489 799561
799578 799664
799680 799747
799898 799911
800028 800092
800114 800201
800218 800533
800536 800655
800670 800794
800829 800831
800845 801113
801159 801527
801565 801867
801870 801973
801980 802057
802103 802312
802538 802637
802712 802805
802845 803025
803066 803290
803314 803444
803459 803716
803754 804246
804324 804362
804374 804551
804619 804823
804881 805088
805185 805572
805609 806023
806079 806153
806191 806367
806400 806623
806657 806723
806727 806872
806996 807076
807206 807224
807345 807347
807357 807441
807477 807683
807690 807842
807976 807978
807981 808137
808169 808240
808261 808545
808688 808690
808702 809000
809029 809112
809139 809183
809314 809350
809353 809823
809861 810063
810106 810186
810189 810307
810337 810430
810434 810470
810475 810626
810642 810778
810818 811028
811056 811091
811100 811511
811516 811673
811702 811767
811786 812274
812311 812692
812822 812825
812828 812963
813045 813117
813136 813175
813181 813350
813404 813710
813714 814022
814064 814156
814288 814418
814543 814545
814558 814785
814791 814912
814981 815001
815011 815197
815208 815299
815398 815492
815651 815678
815711 815863
815866 816021
816031 816057
816075 816354
816432 816767
816803 816973
817064 817304
817483 817631
817691 818007
818012 818213
818369 818387
818419 818641
818791 819096
819133 819384
819401 819466
819485 819582
819737 819847
819883 819938
819941 820224
820229 820313
820356 820729
820757 820866
820954 820957
820963 821091
821095 821143
821147 821271
821392 821534
821537 821569
821659 821661
821664 821766
821827 821878
821886 821947
821982 822113
822145 822228
822307 822640
822660 822691
822694 822729
822776 822800
822803 822898
822929 823164
823305 823641
823644 823717
823763 824165
824223 824427
824650 824704
824804 824817
824954 824992
825117 825365
825394 825489
825510 825552
825555 825675
825779 825861
825880 826044
826168 826198
826241 826429
826452 826594
826597 826679
826708 827194
827235 827467
827565 827674
827753 827891
827894 827993
828174 828231
828401 828609
828651 828745
828765 828969
829004 829124
829157 829285
829305 829412
829434 829904
829959 830020
830048 830281
830344 830558
830585 830660
830683 830820
830824 831157
831190 831233
831313 831625
831628 831651
831654 831732
831806 831896
831961 832269
832272 832407
832611 832629
832656 832778
832801 832929
832953 833109
833112 833217
833273 833492
833503 833520
833523 833815
833900 834357
834383 834479
834521 834655
834659 834773
834859 834967
834980 835012
835015 835049
835096 835249
835252 835571
835597 835855
835889 836122
836330 836523
836565 836750
836823 837054
837088 837202
837216 837324
837484 837487
837498 837830
837911 838022
838092 838390
838430 838700
838736 838783
838786 838821
838824 839061
839064 839413
839451 839578
839582 839623
839771 839834
839916 840084
840120 840282
840316 840470
840473 840582
840614 840657
840664 840765
840789 841042
841166 841167
841177 841406
841514 841517
841528 841645
841672 841943
841975 842010
842013 842196
842304 842360
842405 842569
842608 842723
842726 842732
842763 842818
842863 842888
842892 842961
843073 843142
843174 843264
843285 843388
843424 843606
843627 843866
843875 843920
843923 844017
844020 844119
844184 844186
844195 844237
844240 844302
844330 844562
844565 844874
845068 845217
845220 845440
845479 845567
845601 845636
845641 845844
845931 845978
845986 846131
846170 846629
846713 846755
846759 846940
846970 846998
847001 847088
847137 847210
847213 847283
847442 847485
847502 847551
847679 847716
847719 847849
847874 848106
848145 848256
848292 848434
848467 848709
848727 848924
848966 849120
849164 849458
849493 849719
849800 849917
850019 850280
850365 850619
850652 850944
851029 851253
851305 851413
851445 851617
851667 851950
852005 852118
852121 852298
852336 852434
852588 852596
852599 852639
852644 852805
852832 852920
852923 853271
853311 853565
853595 853762
853822 854200
854281 854517
854639 854642
854648 854730
854743 854827
854847 854957
855022 855102
855105 855368
855403 855599
855743 855810
855813 855892
855895 855947
855978 855995
855999 856088
856096 856156
856166 856207
856304 856349
856358 856585
856595 856757
856818 857001
857013 857102
857239 857301
857304 857369
857407 857543
857586 857817
857863 858097
858212 858378
858542 858665
858668 858802
858921 858922
858925 859082
859217 859608
859686 859880
859883 859994
860035 860037
860052 860225
860251 860358
860363 860628
860703 860807
860838 861083
861127 861346
861485 861583
861586 861686
861760 862191
862219 862249
862253 862387
862398 862421
862430 862539
862635 862732
862866 863004
863074 863369
863411 863823
863839 863944
864077 864297
864300 864328
864365 864620
864683 864760
864763 864897
864938 865203
865210 865307
865433 865435
865440 865489
865492 865610
865656 865828
865874 866003
866007 866083
866087 866190
866207 866253
866397 866400
866403 866562
866575 866926
867098 867100
867103 867505
867562 867788
867817 867977
868034 868279
868334 868631
868778 868923
868946 869099
869123 869216
869353 869355
869361 869687
869734 869883
869920 870205
870208 870355
870421 870511
870568 870715
870751 870887
870891 871168
871257 871424
871467 871650
871687 871965
872006 872118
872189 872359
872362 872511
872551 872782
872865 872983
873002 873066
873112 873188
873322 873672
873714 873840
873859 874020
874063 874246
874255 874309
874314 874408
874455 874583
874624 874677
874712 874916
874923 874925
874928 875058
875108 875317
875386 875490
875529 875831
875883 875921
875948 876107
876144 876312
876315 876359
876365 876454
876693 876715
876718 876818
876841 877037
877084 877137
877141 877413
877454 877514
877521 877594
877634 877922
878079 878296
878321 878485
878489 878525
878585 878654
878686 878836
878840 878950
878956 879021
879024 879070
879228 879260
879277 879347
879350 879427
879509 879800
879803 879866
879932 880071
880107 880157
880160 880410
880414 880486
880496 880523
880526 880666
880740 880939
880947 881310
881409 881648
881672 881702
881705 881758
881936 881938
881943 882157
882161 882219
882257 882365
882375 882377
882389 882571
882609 882775
882806 883017
883162 883439
883474 883605
883669 883711
883755 883994
884023 884266
884311 884681
884726 884975
885088 885230
885257 885661
885781 886008
886059 886407
886454 886456
886463 886602
886605 886646
886670 886821
886827 886980
887149 887199
887207 887272
887458 887741
887785 887935
887967 888085
888170 888396
888429 888518
888541 888738
888780 889104
889134 889333
889462 889616
889621 889677
889716 889864
889884 890020
890028 890062
890151 890703
890706 890793
890861 891049
891093 891291
891330 891384
891491 891529
891560 891719
891728 891816
891820 891888
891923 892033
892137 892516
892603 892739
892772 892892
892905 893076
893100 893241
893297 893394
893429 893695
893698 893751
893754 893801
893835 893943
893969 894163
894339 894341
894349 894461
894615 894902
894924 895014
895108 895409
895412 895498
895574 895603
895625 895938
896013 896041
896068 896335
896378 896504
896509 896633
896681 896806
896926 897104
897143 897604
897608 897717
897755 897801
897808 897988
898021 898310
898390 898676
898694 898772
898864 898892
898895 898931
898941 899008
899011 899106
899113 899181
899306 899344
899385 899481
899522 899821
899858 900127
900134 900476
900517 900848
900916 901200
901270 901443
901611 901688
901750 902327
902360 902762
902813 903004
903007 903042
903066 903365
903400 903449
903474 903498
903528 903830
903893 904108
904291 904406
904565 904766
904769 904845
904894 905366
905518 905520
905531 905779
905814 905957
906014 906082
906174 906264
906314 906409
906440 906500
906556 906608
906650 906761
906776 906843
906949 906951
906966 907136
907239 907241
907255 907388
907479 907481
907484 907659
907739 907741
907756 907921
907977 908080
908199 908201
908213 908267
908359 908460
908519 908670
908757 908802
908809 909023
909044 909127
909157 909267
909379 909382
909389 909446
909564 909618
909646 909757
909857 909947
910004 910260
910281 910447
910480 910571
910584 910863
910869 910939
910952 911070
911219 911222
911234 911294
911300 911338
911341 911441
911550 911638
911700 911886
911998 912105
912132 912220
912262 912385
912395 912476
912509 912651
912663 912734
912776 913045
913085 913201
913355 913798
913845 914010
914074 914220
914223 914313
914379 914470
914499 914642
914685 914844
914977 915073
915124 915346
915349 915412
915419 915578
915629 915631
915634 915696
915761 915874
915988 916025
916051 916273
916350 916521
916524 916691
916734 916866
916892 917159
917229 917412
917420 917561
917599 917717
917720 918112
918159 918585
918622 918652
918656 918856
918939 919223
919264 919389
919421 919553
919582 919667
919728 919863
920040 920257
920422 920487
920528 920837
920879 920922
920934 921055
921074 921202
921223 921339
921342 921476
921490 921624
921648 921895
921927 922112
922119 922170
922310 922582
922652 922775
922810 922957
922978 923158
923193 923339
923380 923488
923511 923726
923773 924095
924114 924190
924216 924327
924447 924501
924611 924613
924624 924693
924702 924833
924861 925412
925520 925522
925526 925593
925606 925740
925760 925816
925822 925869
925893 925986
925990 926254
926354 926433
926527 926648
926706 926984
927002 927108
927129 927243
927246 927248
927255 927349
927356 927517
927634 927760
927763 927812
927830 927977
928058 928152
928321 928467
928498 928866
928897 929027
929030 929084
929163 929377
929441 929493
929496 929567
929582 929644
929647 929704
929726 929798
929823 929912
929915 930052
930076 930146
930149 930205
930256 930326
930330 930400
930515 930796
930801 930907
930994 931142
931210 931465
931507 931688
931821 931867
931870 932042
932210 932255
932278 932408
932429 932548
932572 932761
932896 932985
932993 933061
933100 933253
933256 933714
933718 933759
933769 933856
933963 934112
934260 934628
934652 934808
934842 935160
935229 935408
935481 935537
935540 935714
935808 935810
935902 936003
936022 936115
936149 936344
936441 936593
936667 936757
936888 936937
936994 937441
937530 937703
937859 938027
938178 938180
938183 938375
938428 938655
938670 938829
938860 939034
939078 939387
939427 939506
939545 939709
939739 940215
940221 940386
940391 940493
940613 940658
940701 940857
940877 940962
940994 941137
941217 941241
941251 941655
941688 941838
941982 941985
942086 942278
942312 942522
942550 942712
942796 942975
943015 943165
943168 943234
943307 943428
943431 943631
943734 943893
943900 944190
944218 944723
944819 945206
945212 945532
945615 945773
945824 945860
945863 945913
945916 946144
946178 946215
946243 946526
946585 946624
946629 946684
946696 946986
946990 947086
947142 947472
947557 947840
947979 947980
947988 948116
948162 948331
948334 948411
948414 948585
948651 949046
949198 949427
949438 949869
949873 949972
950084 950326
950363 950606
950623 950811
950854 951050
951061 951102
951108 951199
951202 951301
951340 951542
951559 951653
951686 951798
951808 951970
952011 952151
952256 952258
952275 952400
952427 952653
952730 952855
952860 952953
952983 953119
953145 953472
953503 953636
953778 953780
953787 953929
953932 953985
954020 954238
954344 954886
954966 955009
955030 955203
955278 955354
955357 955415
955418 955478
955615 955748
955774 955946
955978 956201
956265 956360
956395 956533
956547 956600
956690 956938
956960 957023
957063 957211
957237 957485
957531 957718
957901 957943
957951 958044
958191 958256
958278 958552
958722 958792
958827 959133
959137 959240
959243 959320
959360 959793
959796 959874
959948 960100
960184 960263
960266 960419
960456 960678
960708 961102
961145 961314
961402 961674
961677 961744
961747 961869
962000 962068
962109 962257
962389 962405
962593 962796
962876 963241
963283 963483
963547 963775
963803 963918
963926 964023
964064 964236
964282 964448
964476 964628
964649 964772
964872 964960
964968 965089
965257 965443
965638 965699
965702 965802
965851 965995
966031 966164
966314 966818
966983 967156
967191 967215
967245 967338
967369 967434
967607 967738
967775 967964
968016 968048
968081 968349
968401 968462
968498 968691
968694 968781
968810 968926
968931 969005
969010 969172
969196 969349
969372 969440
969469 969601
969623 969758
969764 969942
969945 969975
970039 970334
970418 970642
970678 971024
971090 971301
971323 971568
971598 971842
971866 971897
971900 972077
972115 972243
972325 972616
972653 972710
972719 972837
972880 972881
973039 973048
973052 973087
973124 973214
973240 973448
973629 973765
973799 973975
973995 974017
974115 974209
974369 974371
974379 974433
974449 974527
974610 974906
974929 975107
975229 975405
975409 975469
975507 975673
975793 976129
976180 976297
976488 976602
976620 976694
976743 976794
976798 976843
976872 977021
977088 977145
977161 977470
977485 977520
977557 977880
978013 978015
978027 978165
978177 978246
978352 978353
978358 978513
978606 978608
978612 978717
978740 978862
978889 978966
978976 979059
979062 979153
979156 979211
979246 979397
979534 979536
979539 979880
979996 980182
980215 980392
980468 980570
980573 980736
980768 980963
981074 981077
981080 981176
981275 981446
981583 981597
981621 981942
981971 982139
982189 982257
982294 982442
982470 982473
982481 982641
982697 982990
983121 983123
983127 983195
983293 983589
983658 983757
983857 983858
983869 983978
984005 984234
984386 984439
984481 984743
984881 984883
984890 985015
985159 985282
985319 985501
985504 985625
985659 985692
985695 985996
986033 986312
986325 986327
986346 986671
986675 986941
987031 987489
987492 987546
987593 987715
987726 987948
988012 988136
988151 988233
988262 988353
988396 988680
988683 988835
988873 989077
989165 989220
989229 989358
989399 989533
989552 989555
989559 989824
989861 990061
990098 990321
990433 990435
990449 990624
990652 990859
990898 991063
991107 991208
991211 991325
991346 991367
991462 991658
991689 991847
991860 992004
992153 992700
992704 992971
993019 993455
993459 993588
993617 993720
993817 994061
994089 994169
994180 994286
994326 994434
994594 994875
994905 995081
995084 995102
995105 995238
995304 995382
995394 995576
995603 995756
995759 995837
995854 995886
995914 996191
996288 996305
996308 996507
996510 996639
996684 996837
997136 997179
997455 997660
997749 997918
998065 998084
998144 998392
998429 998633
998745 998949
998964 999048
999066 999351
999378 999501
999523 999837
999840 999862
999871 1000109
1000240 1000242
1000253 1000373
1000388 1000516
1000587 1000628
1000719 1000838
1000870 1000989
1001152 1001155
1001159 1001461
1001603 1001867
1001920 1002033
1002041 1002129
1002160 1002312
1002364 1002536
1002571 1002774
1002865 1003045
1003050 1003138
1003175 1003274
1003295 1003386
1003404 1003577
1003623 1003844
1003847 1003875
1003915 1003995
1004020 1004230
1004262 1004446
1004459 1004544
1004673 1004675
1004688 1004750
1004753 1004805
1004857 1005160
1005163 1005229
1005233 1005307
1005436 1005438
1005441 1005528
1005553 1005699
1005728 1005915
1005941 1006057
1006069 1006113
1006176 1006308
1006322 1006501
1006525 1006723
1006826 1007057
1007171 1007233
1007275 1007411
1007448 1007533
1007536 1007621
1007747 1007911
1007995 1008373
1008469 1008916
1009079 1009414
1009428 1009430
1009439 1009553
1009609 1009745
1009758 1009891
1009899 1009928
1009939 1009985
1010087 1010088
1010105 1010243
1010276 1010598
1010642 1010750
1010789 1010960
1010963 1011043
1011072 1011211
1011214 1011308
1011387 1011817
1011897 1012010
1012036 1012188
1012209 1012497
1012500 1012647
1012701 1012750
1012769 1013020
1013062 1013368
1013377 1013406
1013444 1013671
1013698 1013898
1013932 1013978
1013996 1014045
1014048 1014196
1014383 1014395
1014399 1014473
1014501 1014616
1014643 1014740
1014912 1014913
1014921 1014964
1014967 1015215
1015241 1015323
1015332 1015392
1015400 1015467
1015566 1015677
1015689 1015820
1015934 1016277
1016330 1016408
1016411 1016450
1016464 1016619
1016661 1016759
1016769 1016842
1017004 1017006
1017018 1017098
1017120 1017220
1017227 1017341
1017387 1017506
1017514 1017656
1017765 1018048
1018092 1018179
1018182 1018408
1018415 1018470
1018613 1018853
1018880 1019172
1019180 1019258
1019284 1019461
1019519 1019624
1019664 1019742
1019807 1019995
1020027 1020196
1020350 1020351
1020357 1020511
1020514 1020569
1020593 1020696
1020724 1021133
1021214 1021310
1021331 1021718
1021852 1022237
1022240 1022335
1022383 1022407
1022410 1022688
1022693 1022757
1022801 1022960
1023111 1023219
1023248 1023416
1023423 1023545
1023586 1023838
1023963 1023966
1023977 1024149
1024185 1024580
1024665 1024901
1024904 1024985
1024991 1025154
1025276 1025315
1025324 1025389
1025392 1025652
1025687 1026031
1026072 1026300
1026303 1026393
1026560 1026870
1026905 1027049
1027100 1027235
1027275 1027306
1027311 1027542
1027571 1027627
1027630 1027685
1027744 1027790
1027803 1027825
1027828 1028035
1028040 1028100
