22 152
263 397
488 596
603 689
692 751
844 1028
1031 1053
1056 1103
1107 1379
1399 1401
1427 1603
1618 2018
2159 2346
2371 2442
2461 2869
2898 2900
2933 3268
3401 3531
3534 3609
3622 3798
3889 4056
4130 4196
4317 4480
4518 4520
4564 4731
4822 4890
5163 5288
5364 5472
5481 5592
5601 5621
5635 5946
5991 5992
6040 6140
6237 6404
6413 6523
6526 6684
6787 6867
6879 7047
7151 7385
7389 7543
7559 7561
7580 7791
7902 8280
8406 8472
8514 8707
8746 8953
9013 9110
9159 9160
9194 9261
9265 9597
9600 9659
9662 9773
9779 9854
9892 9939
9942 10030
10125 10437
10487 10603
10606 10729
10757 10758
10789 10894
10934 11071
11116 11157
11160 11313
11406 11559
11599 11691
11709 11857
11952 12077
12098 12165
12168 12344
12355 12357
12375 12518
12525 12574
12622 12728
12731 12834
12882 12982
13100 13241
13258 13332
13387 13478
13502 13829
13834 13836
13848 14118
14202 14225
14228 14652
14718 14910
14915 14965
15034 15116
15120 15237
15394 15448
15473 15475
15504 15680
15783 15920
15943 16032
16128 16210
16243 16448
16465 16752
16755 17032
17063 17065
17099 17329
17360 17622
17654 18067
18101 18102
18125 18316
18403 18545
18602 18700
18722 18907
18943 19073
19101 19196
19206 19299
19368 19658
19687 19688
19723 19814
19821 19905
19967 20096
20111 20218
20252 20309
20317 20395
20407 20438
20458 20529
20590 20678
20901 20972
20975 21143
21169 21171
21199 21331
21394 21623
21627 21727
21778 21840
21847 21965
22017 22124
22291 22421
22450 22581
22626 22628
22678 23147
23169 23253
23256 23329
23332 23665
23758 23973
23978 24174
24214 24216
24261 24436
24481 24718
24727 24844
24962 25198
25266 25383
25414 25416
25451 25979
26046 26224
26316 26526
26539 26801
26813 26815
26867 26994
27006 27252
27338 27512
27519 27789
27815 28056
28104 28106
28159 28199
28202 28440
28520 28970
28985 29089
29315 29539
29556 29557
29577 29657
29677 29795
29903 30174
30206 30620
30664 30890
30914 30916
30943 31255
31277 31485
31605 31702
31721 31900
31968 32163
32175 32177
32218 32461
32476 32639
32642 32782
32897 32973
32981 33053
33068 33122
33133 33216
33314 33489
33527 33528
33550 33758
33768 33891
33965 34197
34214 34302
34357 34493
34574 34697
34768 34963
34991 34993
35006 35247
35253 35366
35417 35658
35723 35777
35783 35862
35865 35936
36018 36198
36246 36248
36299 36487
36490 36526
36581 36588
36591 36608
36616 36695
36699 36754
36785 36849
36924 37095
37098 37164
37203 37328
37404 37551
37594 37733
37736 37738
37752 37878
37882 37976
38023 38488
38501 38503
38539 38639
38642 38731
38756 38808
38858 39021
39091 39374
39419 39472
39475 39525
39534 39624
39657 39768
39771 39845
39854 40134
40137 40238
40244 40399
40406 40540
40656 40838
40852 41380
41397 41398
41437 41515
41559 41713
41762 41872
41937 41996
42002 42121
42186 42287
42370 42498
42506 42946
42987 42990
43035 43129
43149 43305
43345 43400
43529 43590
43618 43677
43739 43932
43935 43970
43973 44221
44301 44425
44457 44458
44494 44640
44786 44912
44955 45215
45232 45263
45270 45288
45291 45329
45371 45393
45396 45480
45485 45502
45505 45559
45668 45913
45957 45960
46009 46265
46298 46420
46491 46687
46690 47000
47040 47173
47235 47399
47413 47435
47443 47501
47520 47521
47543 47713
47718 47916
48010 48183
48195 48344
48369 48491
48498 48501
48512 48879
48882 49110
49197 49357
49360 49447
49505 49587
49647 49826
49841 49910
49914 49961
49968 50073
50111 50112
50158 50235
50238 50295
50298 50403
50416 50508
50588 50623
50629 50691
50701 50935
50993 51211
51302 51568
51582 51585
51603 51716
51728 51798
51880 51973
51976 52075
52083 52191
52194 52245
52265 52267
52281 52473
52519 52708
52720 52777
52858 52938
53047 53131
53148 53357
53381 53476
53482 53642
53709 53798
53840 53909
53953 53955
53990 54333
54359 54633
54659 54768
54833 54920
54930 54980
54984 55088
55120 55121
55155 55483
55487 55687
55691 55839
55843 56014
56075 56183
56188 56311
56402 56469
56511 56669
56712 56715
56763 56825
56828 56868
56895 56951
56987 57032
57035 57100
57163 57400
57478 57609
57668 57744
57747 57859
57890 57942
57954 58158
58192 58193
58207 58320
58339 58426
58431 58477
58507 58508
58523 58594
58624 58820
58823 58904
58980 59068
59089 59213
59305 59454
59457 59551
59554 59648
59692 59750
59777 59932
