42 180
202 581
625 627
655 805
821 1118
1138 1140
1190 1481
1503 1664
1685 1814
1865 1878
1881 2154
2171 2173
2205 2552
2641 2864
2921 3216
3239 3241
3268 3535
3548 3738
3741 3846
3895 4047
4079 4438
4473 4475
4512 4718
4722 4985
5022 5332
5362 5363
5390 5634
5649 5786
5798 5888
5988 6251
6315 6568
6571 6841
6858 6861
6884 7023
7073 7286
7289 7524
7564 7758
7782 7783
7805 7959
7962 8213
8243 8683
8722 8854
8901 8981
8992 9247
9271 9273
9302 9566
9595 9970
10012 10258
10265 10414
10462 10465
10517 10647
10652 10773
10782 11087
11159 11388
11417 11725
11777 11907
11931 11932
11954 11985
11989 12072
12088 12289
12362 12679
12686 12861
12912 13286
13316 13402
13419 13421
13444 13529
13543 13628
13651 13908
13950 13999
14006 14110
14179 14443
14446 14610
14638 14638
14668 14850
14860 15076
15113 15393
15433 15511
15514 15608
15631 15633
15655 15892
15932 15986
16011 16061
16139 16516
16519 16587
16591 16671
16716 17058
17077 17078
17101 17315
17326 17473
17526 17758
17795 18103
18149 18298
18418 18521
18535 18656
18669 18722
18788 19150
19154 19272
19352 19531
19534 19593
19597 19638
19696 19698
19719 19963
20071 20240
20252 20469
20483 20486
20512 20769
20925 21170
21173 21317
21361 21725
21745 21746
21769 22085
22089 22256
22293 22535
22604 23015
23038 23041
23066 23237
23240 23510
23583 23745
23789 23942
23958 24016
24084 24191
24196 24420
24448 24448
24472 24632
24635 24861
24895 25029
25088 25159
25183 25298
25301 25537
25550 25823
25863 26047
26076 26078
26110 26465
26510 26742
26752 27109
27164 27389
27432 27531
27547 27550
27571 27618
27621 27733
27739 28357
28449 28691
28766 29118
29125 29197
29224 29225
29243 29661
29678 29680
29732 29796
29820 30379
30407 30408
30434 30673
30676 30792
30797 30949
31002 31155
31200 31202
31238 31763
31805 31807
31817 31963
32072 32169
32174 32176
32188 32292
32295 32552
32614 32730
32794 32893
32941 33260
33318 33549
33586 33588
33614 34056
34120 34329
34377 34756
34806 35114
35137 35138
35166 35291
35323 35517
35561 35672
35677 35944
36003 36049
36054 36263
36307 36542
36589 36756
36782 36785
36819 37255
37300 37344
37351 37528
37622 37980
37983 38162
38185 38186
38213 38486
38492 38825
38921 39225
39233 39429
39464 39466
39499 39696
39730 40018
40109 40313
40374 40542
40555 40891
40940 40942
40994 41341
41402 41575
41583 41788
41793 41912
41945 41947
41976 42080
42086 42268
42368 42805
42843 43004
43094 43233
43257 43419
43446 43448
43478 43638
43641 43751
43808 43968
44016 44018
44070 44181
44189 44464
44510 44560
44565 44734
44774 44954
44957 45126
45164 45544
45569 45571
45599 45727
45764 45912
45930 46276
46333 46562
46633 46927
46930 47081
47130 47131
47183 47299
47303 47392
47402 47491
47539 47815
47861 48092
48140 48438
48476 48478
48522 48785
48825 49082
49132 49172
49175 49287
49291 49399
49458 49695
49749 49966
50009 50011
50045 50112
50123 50560
50670 50823
50835 50959
50962 51089
51134 51292
51316 51317
51347 51625
51750 51830
51845 52230
52324 52636
52649 52818
52851 52853
52891 53068
53071 53171
53182 53298
53304 53528
53572 53573
53607 53866
53870 54067
54126 54481
54498 54588
54591 54779
54859 55133
55149 55152
55172 55332
55364 55455
55458 55647
55704 55776
55804 56146
56173 56563
56583 56585
56610 56993
57076 57213
57216 57474
57550 57804
57820 57892
57895 58004
58045 58046
58089 58195
58203 58377
58399 58482
58576 58945
58985 59261
