31 306
314 456
505 668
714 834
837 908
911 1012
1159 1321
1327 1445
1480 1481
1526 1778
1786 1960
1967 2089
2212 2303
2343 2391
2397 2760
2793 2795
2837 3056
3211 3428
3474 3692
3750 3814
3843 3952
3958 4074
4223 4321
4343 4345
4359 4461
4465 4571
4574 4652
4784 4916
4919 5504
5564 5736
5739 5799
5847 5848
5883 6010
6013 6255
6258 6318
6495 6592
6595 6751
6780 6946
6949 7016
7055 7080
7085 7221
7226 7270
7273 7346
7374 7376
7392 7410
7413 7605
7769 8033
8067 8204
8208 8270
8290 8547
8643 8704
8731 8931
8953 8956
9007 9151
9206 9387
9412 9654
9688 9855
9899 10191
10197 10246
10267 10268
10296 10516
10677 11021
11071 11172
11201 11247
11250 11518
11521 11617
11630 11632
11665 11774
11805 12043
12096 12280
12294 12424
12451 12543
12594 12596
12647 12876
12890 12987
12990 13141
13146 13353
13434 13735
13789 13998
14021 14022
14048 14158
14162 14230
14233 14573
14608 14749
14761 14921
14937 15028
15038 15161
15328 15570
15573 15632
15645 15647
15662 15815
15818 15960
15965 16124
16244 16327
16356 16413
16416 16742
16781 16872
16878 16998
17039 17041
17090 17186
17189 17325
17374 17717
17750 17906
17917 18119
18154 18173
18182 18435
18448 18450
18467 18883
19006 19407
19472 19637
19640 19839
19872 19873
19924 20180
20201 20297
20327 20346
20349 20731
20838 20938
20941 21047
21066 21068
21120 21222
21256 21312
21316 21577
21634 21788
21834 21929
21932 22301
22314 22316
22335 22642
22646 22752
22764 22894
22979 23273
23375 23667
23692 23695
23724 23964
24096 24468
24506 24582
24587 24862
25015 25238
25255 25256
25280 25546
25586 25806
25928 26257
26296 26311
26314 26377
26380 26716
26764 26766
26820 27275
27304 27365
27368 27465
27470 27524
27571 27784
27866 27981
28004 28006
28060 28164
28249 28381
28517 28736
28765 28960
29006 29007
29055 29321
29336 29542
29569 29792
29806 29807
29844 30132
30197 30574
30577 30617
30650 30875
30918 30921
30974 31333
31342 31453
31491 31671
31771 32225
32245 32246
32269 32386
32390 32512
32551 32723
32727 32910
32915 32995
33039 33321
33507 33597
33610 33612
33628 33875
33878 34239
34287 34379
34441 34601
34604 34722
34765 35089
35130 35131
35174 35289
35294 35410
35492 35881
35884 35909
35912 35936
35989 36067
36070 36170
36173 36250
36297 36300
36352 36903
36955 37243
37332 37513
37517 37593
37596 37665
37704 37706
37747 38073
38076 38170
38313 38774
38816 38898
38913 38915
38960 39381
39430 39540
39555 39750
39753 39828
39886 40060
40063 40340
40343 40406
40434 40435
40465 40715
40826 41087
41176 41382
41416 41638
41674 41676
41704 41944
41947 42002
42135 42218
42225 42329
42332 42409
42430 42431
42478 42692
42695 42871
42881 42914
42945 43183
43253 43489
43534 43777
43805 43807
43838 44053
44202 44435
44481 44703
44722 44723
44777 45042
45081 45341
45394 45547
45585 45588
45627 45855
45859 45953
45986 46075
46105 46317
46406 46486
46489 46548
46603 46689
46780 46975
47054 47246
47258 47260
47278 47434
47438 47743
47824 48061
48185 48491
48509 48728
48747 48851
48878 48878
48904 48985
48989 49160
49205 49255
49259 49348
49444 49569
49618 49621
49647 49856
49893 49911
49914 50103
50155 50317
50320 50362
50449 50871
50874 50964
50980 50981
50996 51398
51450 51814
51846 51936
52041 52181
52187 52220
52223 52267
52274 52365
52377 52378
52392 52587
52751 52880
52948 53034
53037 53218
53337 53430
53489 53633
53695 53774
53778 53873
53900 53902
53934 54222
54426 54605
54608 54763
54832 54964
54975 55101
55104 55156
55165 55203
55252 55253
55305 55329
55333 55504
55507 55556
55592 55814
55877 55945
55981 56398
56427 56430
56463 56889
57108 57350
57419 57495
57498 57622
57677 57758
57797 57891
57917 57918
57948 58354
58380 58498
58503 58648
58742 58880
58883 59005
59060 59311
