66 181
212 317
352 468
485 772
803 964
993 1079
1082 1116
1132 1255
1278 1504
1615 1658
1663 2002
2060 2166
2170 2248
2282 2642
2682 2787
2819 2944
2959 3030
3094 3175
3217 3352
3355 3383
3413 3468
3497 3530
3533 3716
3755 3848
3851 3909
3957 4170
4209 4310
4314 4371
4379 4470
4507 4554
4557 4742
4789 4916
4919 5027
5048 5196
5258 5485
5515 6058
6095 6139
6142 6198
6220 6276
6296 6457
6499 6734
6752 6753
6767 6831
6834 7002
7050 7188
7262 7279
7351 7381
7387 7416
7419 7569
7603 7694
7713 7856
7859 7968
7971 8088
8091 8199
8240 8390
8394 8468
8473 8595
8653 8728
8736 8891
8895 9061
9133 9150
9153 9338
9366 9367
9370 9574
9613 9803
9851 10284
10334 10642
10656 10874
10919 11223
11234 11439
11442 11510
11573 11738
11775 11877
11892 12009
12030 12383
12425 12866
12912 13179
13203 13251
13282 13589
13629 13945
13968 14055
14060 14131
14148 14222
14272 14463
14466 14529
14551 14649
14661 14819
14844 14909
14953 15033
15074 15076
15086 15223
15227 15469
15511 15572
15577 15828
15856 16035
16072 16165
16169 16293
16307 16308
16324 16397
16402 16612
16662 17061
17065 17340
17400 17495
17549 17675
17731 18069
18072 18215
18263 18413
18418 18541
18585 18637
18666 18668
18678 18791
18802 18830
18833 18905
18956 19328
19368 19416
19419 19606
19661 19893
19908 19990
19994 20186
20202 20313
20398 20443
20489 20955
20994 21346
21363 21471
21483 21728
21731 21846
21883 22019
22043 22189
22229 22280
22284 22506
22583 22766
22857 23085
23125 23279
23297 23364
23431 23558
23577 23717
23742 23771
23774 24083
24117 24150
24179 24259
24265 24376
24390 24463
24466 25109
25146 25196
25220 25221
25224 25424
25448 25669
25696 25805
25828 25919
25981 26155
26180 26288
26291 26346
26397 26712
26731 27222
27285 27376
27379 27769
27772 27899
27932 28065
28102 28175
28185 28251
28277 28401
28451 28782
28802 28954
28998 29041
29085 29229
29289 29479
29509 29796
29840 29842
29845 29917
29946 30034
30037 30193
30235 30342
30345 30373
30391 30470
30523 30602
30622 30733
30747 30826
30890 31173
31248 31420
31471 31654
31674 31757
31766 32003
32050 32299
32304 32446
32500 32765
32794 32995
33045 33414
33453 33643
33680 33730
33765 33857
33865 33941
33957 34039
34067 34266
34299 34455
34503 34661
34668 34779
34813 34830
34837 35009
35060 35221
35266 35331
35389 35455
35461 35509
35538 35770
35773 35822
35825 35881
35884 35946
35949 36241
36255 36426
36457 36545
36573 36772
36789 36919
36956 37249
37284 37326
37330 37477
37502 37741
37744 37817
37860 38036
38076 38329
38381 38811
38850 38935
38970 39059
39105 39230
39235 39696
39738 39818
39824 40030
40089 40230
40234 40236
40310 40316
40371 40515
40561 40716
40782 40874
40889 40904
40938 41296
41303 41326
41361 41579
41632 41648
41652 41707
41786 41835
41907 42227
42309 42703
42708 42876
42934 43119
43123 43331
43397 43552
43577 43793
43833 43987
44020 44022
44030 44147
44177 44253
44274 44559
44616 44871
44925 45141
45144 45341
45403 45438
45475 45553
45559 45906
45952 46460
46513 46723
46778 46832
46864 47111
47174 47234
47237 47354
47401 47607
47645 47917
47920 48055
48087 48368
48371 48465
48517 48581
48593 49303
49351 49412
49437 49586
49619 49752
49875 50222
50225 50349
50378 50402
50407 50487
50490 50646
50699 50797
50821 50975
50999 51158
51204 51321
51343 51471
51530 51705
51734 51934
51975 52104
52129 52478
52504 52704
52770 52878
52888 52990
52999 53121
53173 53252
53260 53413
53443 53576
53579 53748
53804 53913
53916 54091
54131 54235
54258 54338
54351 54352
54361 54678
54681 54990
55057 55212
55307 55363
55400 55715
55723 55988
56028 56248
56264 56553
56601 56791
56823 56940
56958 57090
57095 57132
57145 57281
57327 57348
57355 57498
57501 57556
57561 57797
57820 57993
58009 58063
58117 58230
58279 58774
58839 58994
59050 59052
59110 59297
59336 59486
59547 59609
59612 59656
59686 60015
60073 60307
60337 60541
60559 60571
60578 60710
60770 61034
61040 61181
61200 61653
61698 61925
61933 62087
62147 62264
62267 62347
62423 62713
62740 62987
63042 63260
63295 63515
63552 63561
63566 63929
63951 64499
64540 64725
64768 64895
64959 65074
65088 65229
65233 65307
65372 65554
65593 65903
65941 66087
66130 66271
66310 66613
66641 66706
66754 66806
66824 66889
66940 67050
67083 67150
67160 67324
67346 67417
67446 67484
67500 68020
68064 68379
68382 68919
68942 69063
69133 69274
69335 69554
69593 69819
69854 70169
70183 70252
70260 70328
70372 70410
70413 70568
70596 70714
70719 70922
70972 71086
71089 71310
71351 71564
71568 71919
71922 72036
72041 72086
72121 72464
72468 72656
72665 72870
72877 72991
73033 73174
73224 73290
73311 73439
73508 73547
73550 73795
73843 73961
73993 74204
74229 74327
74330 74565
74593 74843
74903 75084
75116 75270
75276 75408
75472 75587
75591 75672
75675 75724
75745 75970
75989 76037
76079 76152
76189 76254
76282 76353
76384 76479
76494 76767
76778 76999
77038 77493
77528 77956
77979 78392
78465 78850
78886 79068
79102 79171
79195 79322
79378 79595
79635 79903
79939 79998
80001 80266
80315 80543
80557 80735
80770 80990
80999 81220
81223 81288
81299 81536
81540 81664
81717 81908
81988 82427
82430 82535
82593 82725
82733 82892
82917 83212
83239 83494
83516 83541
83544 83587
83622 83663
83666 83798
83834 83942
84005 84224
84276 84624
84664 84772
84776 84957
84991 85135
85194 85306
85311 85474
85477 85700
85747 85826
85830 86101
86107 86118
86121 86166
86171 86265
86355 86498
86504 86582
86619 86723
86761 86812
86823 86969
87012 87145
87187 87417
87447 87519
87607 87650
87703 87906
87915 87971
88019 88213
88254 88394
88448 88562
88591 88705
88745 88891
88944 89227
89230 89369
89380 89627
89664 89888
89992 90062
90137 90413
90421 90526
90573 91035
91096 91398
91430 91838
91861 92018
92045 92154
92190 92268
92299 92540
92560 92659
92667 92775
92831 92971
93007 93202
93231 93547
93589 93721
93731 93823
93840 93897
93907 93989
94025 94143
94194 94337
94343 94577
94655 94725
94765 94945
94991 95168
95172 95327
95333 95375
95426 95637
95694 95794
95818 95957
96012 96081
96156 96271
96283 96363
96381 96530
96539 96631
96652 96685
96688 96790
96814 96838
96841 97021
97027 97064
97098 97317
97358 97544
97578 97719
97773 98054
98080 98169
98223 98390
98447 98530
98550 98654
98695 98862
98881 99001
99121 99163
99217 99445
99491 99629
99691 99732
99756 100120
100123 100349
100353 100414
100458 100610
100633 100744
100784 101339
101394 101446
101465 101517
101555 101581
101604 101612
101616 101891
101929 102003
102020 102186
102207 102380
102418 102549
102578 102699
102730 102883
102886 102998
103032 103237
103243 103384
103436 103665
103728 103751
103754 104095
104114 104117
104120 104195
104236 104383
104425 104593
104657 104658
104669 104968
104996 105066
105097 105187
105224 105421
105454 105563
105569 105705
105752 105964
106045 106199
106209 106365
106412 106539
106573 106635
106643 106721
106724 106726
106735 106824
106877 106969
106972 107154
107187 107225
107228 107335
107402 107567
107597 107882
107943 108122
108144 108241
108246 108477
108488 108590
108661 108814
108820 108867
108899 109025
109072 109226
109241 109290
109297 109370
109375 109557
109572 109610
109638 109700
109703 110024
110084 110198
110221 110327
110330 110547
110553 110822
110825 110990
111028 111165
111210 111398
111403 111457
111493 111535
111543 111964
112035 112168
112232 112314
112323 112532
112535 112675
112726 112727
112735 112770
112819 113033
113058 113225
113254 113493
113524 113676
113716 113953
113993 113996
114011 114051
114125 114346
114414 114416
114429 114459
114513 114536
114542 114633
114647 114778
114833 115098
115130 115298
115332 115432
115448 115479
115532 115657
115669 115853
115891 115974
115996 116148
116182 116369
116419 116460
116497 116789
116836 116892
116902 116988
117017 117191
117196 117386
117413 117594
117597 117663
117694 117776
117818 118102
118213 118340
118380 118593
118596 118728
118761 119060
119110 119312
119358 119577
119634 119687
119700 119781
119810 119970
120045 120199
120202 120287
120335 120465
120497 120555
120575 120749
120837 121098
121179 121272
121322 121443
121451 121670
121722 122011
122028 122057
122144 122209
122212 122482
122572 122617
122626 122654
122685 122950
122996 123278
123391 123639
123648 123746
123810 123901
123930 124034
124064 124341
124354 124371
124380 124840
124885 125019
125022 125291
125302 125416
125421 125523
125565 125783
125830 126010
126036 126126
126139 126208
126255 126626
126676 126766
126777 126880
126941 127038
127076 127259
127290 127380
127384 127435
127440 127515
127518 127585
127633 127755
127795 128000
128023 128145
128148 128299
128302 128343
128362 128667
128708 128799
128827 128999
129018 129090
129121 129261
129324 129504
129523 129593
129653 129814
129855 130044
130065 130067
130084 130101
130105 130260
130357 130527
130554 130778
130836 131008
131034 131312
131374 131418
131435 131516
131519 131546
131563 131578
131581 131691
131714 131944
131980 132076
132109 132217
132291 132659
132676 132988
133035 133128
133137 133408
133451 133545
133553 133708
133742 133912
133980 134053
134105 134125
134148 134185
134242 134589
134634 134702
134731 134814
134819 134898
134901 135073
135115 135141
135171 135309
135356 135607
135708 135867
135878 136092
136123 136450
136503 136643
136653 136888
136891 136916
136944 136946
136965 136971
137029 137397
137429 137560
137602 137818
137821 137861
137885 138237
138264 138385
138439 138579
138588 138762
138802 138912
138961 139086
139115 139349
139355 139392
139408 139508
139534 139635
139640 139691
139716 140038
140044 140355
140401 140644
140652 140724
140727 140803
140808 140940
140972 141144
141167 141168
141171 141351
141372 141490
141501 141522
141551 142023
142049 142116
142133 142274
142303 142527
142566 142704
142707 142837
142861 142958
142963 143082
143148 143215
143240 143388
143391 143488
143539 143835
143861 144016
144071 144073
144086 144251
144294 144435
144461 144700
144739 144867
144897 144951
144954 145546
145589 146038
146080 146260
146293 146530
146563 146728
146819 146821
146829 146886
146931 146962
147004 147110
147167 147293
147296 147367
147370 147584
147624 147847
147892 148127
148157 148286
148312 148433
148444 148567
148629 148848
148910 149119
149163 149355
149360 149558
149607 149762
149766 149847
149887 149950
149953 150286
150321 150557
150639 151017
151057 151281
151328 151371
151374 151434
151437 151457
151460 151580
151583 151683
151742 152025
152091 152660
152667 152711
152760 152939
152985 153217
153263 153566
153621 153675
153678 153728
153758 153863
153866 153974
154038 154188
154191 154679
154711 154827
154875 154928
154931 155170
155241 155264
155267 155299
155304 155379
155476 155762
155782 155831
155839 155993
156006 156230
156268 156523
156526 156539
156542 156685
156756 156944
156987 157229
157269 157360
157393 157566
157572 157650
157687 157815
157879 158031
158052 158306
158354 158440
158460 158462
158468 158611
158644 158770
158774 158820
158891 158962
158984 159110
159150 159487
159543 159595
159640 159687
159693 159822
159873 160068
160093 160241
160244 160319
160406 160781
160833 161096
161099 161180
161222 161325
161328 161567
161573 161707
161732 161880
161985 162182
162208 162416
162527 163002
163010 163105
163108 163214
163217 163329
163364 163534
163559 163701
163729 163911
163939 163998
164001 164155
164224 164419
164488 164845
164885 165126
165183 165276
165302 165543
165578 165581
165588 165774
165778 165924
165978 166055
166096 166188
166192 166282
166292 166378
166386 166462
166487 166553
166578 166652
166688 166691
166698 166768
166777 166866
166934 167125
167136 167202
167241 167309
167312 167396
167443 167592
167618 167761
167764 167854
167884 168003
168006 168113
168143 168227
168257 168394
168445 168592
168649 168858
168879 168965
168998 169066
169070 169116
169151 169262
169329 169844
169886 170126
170168 170423
170459 170577
170627 170871
170881 171177
171204 171264
171270 171428
171488 171661
171665 172058
172100 172275
172281 172338
172389 172509
172530 173010
173014 173140
173144 173204
173208 173468
173554 173660
173682 173952
174019 174240
174279 174515
174569 174716
174766 174906
174927 174960
175023 175067
175110 175309
175312 175401
175445 175791
175866 175868
175892 176110
176133 176265
176273 176376
176402 176588
176629 176721
176743 177178
177232 177364
177386 177429
177520 177602
177652 177782
177811 178020
178033 178346
178399 178461
178464 178622
178652 178655
178665 178702
178735 178851
178862 178910
178955 179028
179031 179136
179161 179272
179315 179738
179808 179914
179951 180152
180189 180290
180293 180377
180397 180434
180490 180725
180772 180920
180934 180963
181022 181064
181079 181240
181249 181340
181356 181468
181490 181492
181501 181540
181592 181673
181676 181866
181928 181989
181992 182051
182080 182215
182251 182383
182428 182487
182529 182791
182795 182915
182979 183212
183283 183491
183519 183634
183637 183689
183710 183776
183779 183965
183982 184064
184079 184160
184180 184393
184438 184739
184781 185029
185073 185151
185179 185329
185361 185513
185568 185728
185731 185920
185966 186119
186151 186190
186201 186370
186400 186596
186599 186660
186663 186758
186770 186904
186959 187113
187144 187207
187242 187443
187458 187521
187537 187668
187764 187925
187938 188189
188217 188253
188271 188511
188539 188658
188721 188767
188770 188808
188839 189005
189065 189067
189080 189179
189237 189462
189498 189892
189925 190010
190058 190274
190287 190473
190517 190680
190702 191207
191245 191349
191355 191512
191527 191912
191951 192127
192171 192560
192566 192863
192887 193012
193047 193202
193224 193284
193287 193428
193479 193725
193742 193824
193843 194024
194073 194199
194224 194456
194494 194544
194548 194559
194571 194639
194673 194953
194956 195184
195194 195342
195397 195454
195502 195505
195527 195961
196038 196222
196256 196386
196466 196524
196527 196675
196681 196763
196809 197005
197087 197198
197240 197523
197532 197535
197548 197684
197702 197821
197843 198066
198077 198423
198471 198678
198738 198804
198825 198965
199001 199117
199155 199408
199424 199537
199576 199737
199740 199800
199819 199934
199964 200096
200117 200257
200270 200515
200545 200623
200641 200672
200704 200910
200944 201267
201279 201628
201644 202028
202041 202145
202179 202317
202401 202590
202596 202754
202772 203030
203075 203153
203208 203396
203440 203578
203599 203886
203909 204050
204097 204590
204622 204683
204699 204861
204864 205067
205117 205191
205215 205300
205316 205428
205439 205488
205494 205547
205566 205713
205721 205887
205942 206078
206089 206159
206183 206196
206218 206487
206514 206694
206740 206970
206992 207391
207461 207504
207515 207558
207588 207877
207887 207939
207982 208121
208148 208341
208367 208404
208412 208686
208715 208810
208852 209011
209016 209071
209135 209209
209224 209371
209402 209587
209610 210298
210352 210416
210471 210588
210592 210711
210757 211075
211107 211341
211360 211463
211479 211697
211742 211846
211889 212086
212127 212281
212314 212735
212778 212938
212974 213042
213053 213155
213179 213356
213388 213470
213478 213536
213592 213653
213656 213863
213920 214165
214185 214348
214353 214534
214572 215128
215136 215310
215343 215552
215602 215670
215706 215775
215817 216646
216660 216771
216840 216953
216993 217105
217108 217203
217254 217504
217508 217876
217925 218046
218068 218181
218212 218453
218481 218716
218802 218936
218969 219016
219040 219229
219260 219308
219343 219358
219361 219428
219447 219744
219747 219954
220044 220251
220267 220313
220320 220452
220513 220568
220621 220868
220904 220967
221000 221176
221220 221378
221381 221422
221438 221694
221755 222210
222213 222260
222275 222773
222828 222887
222925 223026
223094 223721
223725 224008
224040 224145
224180 224476
224492 224686
224728 224884
224911 225281
225347 225432
225466 225720
225779 226088
226126 226935
226979 227256
227300 227519
227564 228063
228099 228111
228114 228306
228309 228497
228573 228630
228641 228767
228770 228792
228796 228863
228904 228982
229053 229382
229461 229569
229606 229753
229822 230003
230046 230156
230213 230336
230339 230483
230537 230611
230684 230870
230920 230965
231023 231261
231338 231537
231577 231862
231899 231974
231981 232066
232069 232137
232140 232376
232438 232771
232788 232907
232940 233136
233151 233240
233253 233377
233396 234204
234231 234373
234387 234580
234607 234874
234924 235252
235289 235432
235489 235725
235743 235824
235885 236320
236354 236568
236627 236821
236848 237001
237033 237367
237421 237568
237612 237912
237922 238166
238260 238262
238279 238571
238592 238867
238893 238951
238983 239089
239150 239310
239329 239440
239568 239571
239585 239730
239733 239809
239815 239898
239920 240207
240242 240401
240404 240459
240495 240750
240759 240842
240851 240984
241021 241251
241275 241415
241449 241845
241894 241922
241926 242302
242399 242507
242572 242602
242605 242644
242691 243044
243096 243264
243294 243327
243335 243479
243541 244463
244510 244629
244662 244970
244974 245069
245109 245231
245302 245539
245575 245947
245958 246002
246059 246115
246132 246246
246296 246502
246555 246771
246776 246850
246866 246929
246934 247066
247119 247152
247170 247199
247258 247326
247363 247838
247863 248002
248060 248062
248075 248117
248174 248231
248264 248593
248650 249105
249160 249304
249323 249345
249348 249471
249526 249745
249763 249947
249981 250104
250116 250170
250205 250288
250291 250734
250773 250957
251022 251136
251155 251428
251463 251604
251653 251883
251912 252203
252235 252312
252324 252473
252531 252600
252608 252671
252724 252906
252949 252991
253011 253033
253057 253135
253204 253206
253216 253598
253626 253668
253682 253868
253918 254082
254107 254335
254412 254642
254695 254781
254786 254951
254964 255026
255066 255104
255113 255286
255318 255551
255574 255575
255591 255636
255644 255761
255802 255935
255982 256069
256083 256251
256353 256356
256367 256492
256496 256592
256595 256814
256861 256980
256991 257047
257097 257535
257557 257582
257613 257935
257974 258107
258143 258606
258609 258752
258786 258944
258994 259326
259339 259445
259473 259519
259522 259673
259686 260021
260027 260401
260453 260915
260954 261905
261960 262170
262220 262285
262310 262506
262534 262693
262698 262771
262786 262938
262995 263157
263162 263230
263263 263586
263597 263623
263665 263884
263987 264047
264050 264162
264189 264426
264469 264512
264521 264546
264549 264620
264662 264727
264732 264778
264785 264814
264817 264880
264959 264994
265020 265078
265103 265215
265256 265422
265484 265693
265710 265736
265740 265801
265804 265845
265897 265999
266009 266122
266175 266302
266326 266407
266410 266521
266576 266711
266745 267203
267301 267302
267308 267575
267635 267855
267897 268102
268141 268296
268301 268359
268401 268599
268621 268743
268770 268831
268836 269147
269192 269454
269490 269809
269812 269860
269885 269898
269901 270181
270258 270615
270669 270783
270791 271293
271322 271587
271590 271880
271916 272119
272124 272231
272299 272302
272324 272521
272533 272901
272955 273271
273284 273386
273457 273586
273595 273722
273790 274074
274115 274575
274580 274627
274697 275187
275223 275599
275661 275846
275883 276076
276155 276362
276407 276585
276613 276734
276779 276795
276799 276898
276918 277076
277134 277531
277567 277687
277702 278101
278124 278217
278279 278382
278385 278535
278538 278599
278602 278819
278886 278933
278961 279040
279067 279241
279246 279350
279391 279618
279662 280190
280248 280416
280450 280658
280694 280753
280756 280840
280858 281009
281046 281188
281218 281309
281313 281402
281452 281577
281627 281943
281994 282119
282163 282366
282403 282657
282697 282824
282846 283045
283105 283130
283133 283532
283564 283660
283663 283889
283953 284183
284186 284342
284399 284586
284614 284988
285057 285374
285429 285627
285638 285727
285730 286139
286181 286332
286355 286659
286695 287325
287374 287410
287455 287507
287546 287577
287580 287641
287667 287701
287704 287888
287950 288178
288200 288436
288500 288594
288635 288644
288647 288741
288775 288870
288873 289078
289111 289243
289250 289319
289372 289597
289679 289892
289933 289974
289978 290037
290062 290198
290239 290298
290304 290443
290451 290586
290609 290761
290764 290822
290866 291083
291150 291256
291351 291408
291413 291474
291496 291643
291692 291755
291762 291893
291932 291989
291992 292044
292062 292231
292281 292328
292337 292409
292421 292636
292639 292753
292818 292930
292960 293145
293180 293209
293215 293320
293351 293541
293585 293755
293759 293938
293967 294032
294054 294154
294181 294356
294374 294483
294523 294775
294814 294907
294917 294983
295005 295349
295381 295536
295539 295585
295631 295964
296017 296239
296269 296354
296457 296619
296637 296752
296789 296931
296935 296980
296983 297063
297099 297374
297411 297537
297544 297664
297699 297879
297903 297950
297953 298290
298306 298444
298466 298656
298685 298880
298925 299196
299231 299381
299433 299594
299649 299695
299702 300125
300128 300185
300247 300316
300337 300400
300493 300633
300662 300853
300856 300913
300956 301580
301639 301642
301650 301853
301867 301896
301902 302151
302188 302285
302316 302394
302424 302485
302491 302694
302704 303260
303304 303475
303483 303527
303530 303654
303706 303723
303727 303988
303994 304182
304256 304628
304632 304853
304889 305036
305053 305194
305289 305317
305321 305507
305578 305827
305856 305929
305955 306009
306058 306152
306155 306237
306243 306271
306315 306479
306482 306550
306603 306987
307024 307158
307189 307492
307522 307839
307889 308222
308288 308353
308384 308710
308730 308870
308904 309008
309070 309072
309077 309268
309322 309512
309520 309692
309722 309872
309931 309968
309971 310029
310032 310198
310201 310326
310331 310531
310573 310765
310793 310851
310896 310976
311013 311076
311104 311214
311255 311331
311344 311412
311478 311790
311793 311859
311871 311952
311963 312198
312254 312526
312562 312592
312596 312761
312764 312780
312783 312827
312892 312966
312987 313038
313069 313343
313364 313606
313651 313697
313700 313922
314014 314246
314280 314332
314391 314489
314529 315102
315106 315261
315295 315571
315574 315877
315902 316096
316099 316214
316217 316248
316260 316370
316438 316588
316608 316705
316750 317094
317097 317126
317131 317279
317296 317494
317524 317700
317756 317904
317921 318078
318117 318357
318371 318513
318583 318878
318929 318980
318983 319330
319366 319544
319595 319792
319795 319837
319843 319945
320026 320027
320043 320173
320201 320477
320480 320579
320633 320636
320641 320893
320907 321055
321060 321166
321204 321254
321259 321564
321616 321831
321856 321901
321933 322206
322239 322295
322299 322418
322464 322587
322680 322711
322749 322907
322950 323005
323012 323112
323144 323216
323219 323433
323437 323607
323610 323679
323684 323811
323860 324140
324143 324146
324177 324413
324452 324524
324535 324666
324674 324796
324837 325030
325052 325091
325129 325667
325687 325842
325847 325871
325883 326207
326288 326425
326476 326601
326631 326739
326800 326935
326968 326970
326983 327022
327084 327572
327597 327653
327672 327700
327759 328014
328051 328059
328062 328145
328148 328269
328322 328380
328385 328448
328454 328579
328585 328729
328732 329111
329150 329269
329335 329455
329503 329537
329564 329637
329683 329831
329856 329858
329873 329940
329946 330160
330177 330444
330488 330616
330665 330694
330721 330905
330931 331033
331036 331160
331210 331374
331433 331632
331666 331894
331936 332044
332068 332288
332294 332370
332393 332499
332515 332632
332659 332851
332908 333087
333118 333265
333279 333354
333379 333619
333624 333685
333789 333863
333898 334140
334177 334222
334237 334352
334378 334712
334725 334989
335027 335192
335226 335267
335270 335287
335290 335592
335685 335755
335775 335896
335918 336123
336153 336248
336280 336412
336415 336516
336555 336814
336837 336946
336956 337146
337168 337350
337365 337656
337698 337763
337790 337894
337903 337950
337985 338132
338137 338239
338305 338578
338615 338735
338745 338856
338912 339192
339226 339306
339321 339622
339631 339709
339712 339901
339935 340191
340276 340443
340451 340576
340609 340983
340986 341106
341149 341374
341409 341672
341735 341802
341811 341883
341887 342228
342288 342541
342588 342630
342638 342831
342870 343064
343090 343091
343094 343252
343255 343333
343360 343456
343459 343506
343514 343569
343609 343895
343903 343941
343995 344161
344164 344363
344404 344558
344593 344977
344986 345074
345115 345436
345495 345569
345572 345660
345664 345923
345969 346198
346201 346388
346419 346724
346760 346957
347015 347033
347036 347139
347142 347324
347329 347395
347400 347612
347683 347833
347844 347988
348041 348376
348421 348610
348622 348680
348737 348929
348976 349353
349356 349848
349865 350114
350117 350249
350252 350442
350491 350717
350762 350918
350939 351065
351122 351443
351446 351516
351555 351600
351606 351738
351745 351790
351847 352141
352189 352331
352399 352578
352609 352731
352746 352864
352893 353064
353090 353122
353167 353233
353236 353410
353430 353767
353798 353857
353861 353936
353973 354224
354229 354455
354482 354595
354598 354778
354846 355063
355104 355229
355236 355526
355567 355777
355823 356121
356130 356199
356202 356323
356327 356384
356417 356692
356718 356850
356882 356916
356919 357081
357085 357170
357173 357414
357448 357458
357463 357476
357489 357945
357949 358224
358290 358402
358449 358744
358788 359000
359036 359231
359275 359419
359432 359518
359554 359656
359694 359858
359866 359956
359992 360149
360157 360215
360261 360316
360322 360396
360422 360566
360606 360945
360954 360992
360996 361015
361018 361055
361058 361142
361204 361563
361603 361840
361853 361945
361959 362102
362105 362171
362174 362324
362346 362451
362491 362592
362632 362705
362741 362834
362874 362920
362954 363053
363062 363335
363359 363767
363791 363924
363950 364126
364133 364343
364376 364401
364422 364549
364566 364642
364690 364971
364977 365007
365015 365124
365144 365249
365288 365695
365698 365828
365895 365927
365930 366009
366058 366101
366125 366301
366313 366438
366519 366707
366743 367273
367321 367511
367514 367631
367693 367934
368004 368195
368221 368422
368436 368460
368502 368787
368818 368922
368934 369588
369607 369711
369737 369828
369831 369889
369915 370161
370183 370212
370223 370393
370411 370528
370603 370847
370902 370939
370942 371037
371040 371312
371339 371479
371537 371642
371674 371864
371905 372050
372055 372286
372289 372371
372418 372546
372549 372597
372701 372739
372776 372968
373001 373183
373207 373516
373544 373739
373783 373985
373988 374036
374116 374265
374268 374389
374403 374904
374944 375236
375277 375528
375531 375595
375598 375666
375671 375969
376025 376276
376304 376423
376433 376578
376657 376746
376769 376907
376922 377021
377080 377444
377463 377608
377641 378082
378100 378563
378605 378693
378699 378796
378820 378946
378954 379526
379575 379729
379732 379833
379854 379925
379947 380030
380039 380111
380146 380267
380270 380396
380399 380478
380503 380921
380925 381572
381606 381665
381690 382121
382144 382255
382293 382316
382322 382346
382357 382418
382467 382510
382535 382804
382841 383306
383343 383423
383426 383591
383629 383754
383757 383869
383920 384234
384281 384398
384458 384569
384573 384680
384709 384779
384800 384821
384825 384901
384917 384918
384960 385065
385068 385336
385352 385518
385549 385684
385690 385920
385925 386026
386067 386246
386266 386268
386275 386365
386415 386676
386709 386756
386773 386905
386988 387102
387113 387313
387331 387444
387451 387595
387622 387748
387810 387959
387968 388050
388094 388156
388175 388177
388195 388449
388491 388609
388619 388768
388776 388889
388904 389038
389041 389093
389101 389142
389181 389247
389252 389313
389369 389482
389520 389785
389811 389896
389922 390046
390086 390321
390361 390673
390726 390812
390817 390995
391022 391211
391233 391479
391520 391716
391719 391879
391889 391960
391963 392052
392055 392091
392098 392185
392189 392373
392376 392416
392492 392703
392709 392757
392760 392812
392898 393024
393051 393138
393195 393260
393320 393355
393358 393435
393490 393537
393543 393591
393637 393743
393796 393817
393828 394024
394083 394242
394257 394340
394343 394581
394638 395501
395547 395606
395637 395920
396004 396323
396394 396595
396656 396725
396728 397020
397053 397660
397710 397824
397827 398060
398116 398237
398245 398589
398648 398996
399018 399059
399064 399131
399145 399182
399191 399269
399306 399545
399548 399732
399762 399892
399928 400156
400199 400502
400542 400585
400643 400699
400745 400906
400916 401018
401053 401141
401170 401301
401354 401356
401372 401403
401462 401834
401870 402133
402193 402196
402207 402245
402281 402425
402440 402555
402594 402891
402937 403052
403058 403271
403297 403588
403654 403656
403667 403699
403747 403850
403894 404137
404176 404335
404395 404502
404537 404646
404649 404700
404739 404801
404804 404846
404882 405012
405031 405096
405115 405307
405324 405565
405608 405863
405916 406226
406244 406307
406320 406440
406483 406646
406682 406882
406914 407157
407173 407254
407261 407331
407378 407407
407434 407768
407808 407897
407918 408177
408212 408359
408375 408415
408419 408670
408703 408851
408874 408965
408968 409107
409110 409201
409258 409447
409491 409537
409597 409700
409731 409803
409824 409863
409900 410049
410092 410220
410224 410413
410464 410509
410573 410643
410687 410816
410844 411017
411039 411042
411064 411111
411151 411422
411451 411485
411506 411605
411648 411703
411737 411738
411747 411800
411847 412073
412117 412417
412464 412657
412676 412711
412726 412768
412815 413102
413146 413322
413353 413408
413424 413460
413488 413584
413610 413895
413942 413991
413999 414111
414127 414130
414138 414331
414386 414682
414688 414734
414762 415138
415141 415181
415186 415228
415231 415346
415387 415416
415477 416083
416109 416593
416643 416801
416833 416986
417003 417253
417294 417601
417654 418010
418052 418208
418233 418602
418612 418792
418802 419002
419036 419212
419220 419573
419628 419656
419659 419973
419982 420037
420098 420323
420353 420505
420542 420729
420732 420888
420928 421160
421236 421461
421507 421655
421694 421926
421929 422049
422060 422098
422101 422506
422509 422601
422624 422777
422795 423021
423037 423322
423376 423944
424006 424407
424445 424462
424465 424674
424710 424763
424767 424913
424960 425122
425161 425556
425610 425981
426004 426156
426187 426508
426535 426790
426827 426992
427024 427143
427219 427492
427518 427563
427578 427610
427613 427799
427836 427870
427876 427919
427963 428048
428061 428108
428142 428168
428205 428475
428523 428706
428744 429211
429273 429714
429763 429891
429922 429968
429990 430038
430073 430250
430258 430351
430390 430419
430433 430478
430484 430618
430689 430922
430997 431050
431071 431133
431180 431426
431458 431609
431625 431675
431722 431821
431831 431921
431925 431965
432012 432291
432311 432554
432611 432768
432802 433069
433106 433483
433542 433753
433814 434281
434389 434781
434834 435133
435178 435398
435427 435560
435584 435732
435765 435801
435826 435847
435857 435898
435971 435973
435985 436036
436059 436186
436192 436304
436361 436363
436372 436405
436412 436614
436618 436795
436821 436876
436880 437183
437272 437368
437404 437439
437442 437584
437652 437798
437801 437982
438015 438333
438352 438418
438422 438592
438605 438719
438780 438836
438873 439247
439291 439431
439446 439470
439493 439517
439523 439626
439707 439708
439711 439923
439956 439958
439971 440012
440093 440160
440167 440228
440278 440302
440333 440434
440508 440601
440676 440786
440824 440957
441018 441164
441193 441237
441267 441402
441414 441443
441464 441639
441673 441767
441797 442182
442216 442426
442477 442648
442652 442701
442729 442971
443020 443077
443090 443238
443259 443412
443417 443504
443556 443706
443732 443810
443817 443846
443872 444004
444046 444115
444146 444197
444200 444335
444395 444516
444519 444738
444771 444944
444972 445206
445267 445414
445448 445492
445509 445657
445692 445915
445921 445967
445971 446045
446088 446226
446329 446346
446403 446422
446426 446564
446600 446787
446793 446816
446944 447039
447042 447143
447205 447444
447498 447575
447603 447803
447933 447985
448023 448098
448139 448467
448519 448631
448634 448796
448801 448947
449046 449181
449186 449349
449359 449431
449436 449594
449659 449972
450005 450158
450194 450490
450537 450925
450979 451003
451017 451053
451099 451495
451514 451847
451912 452195
452229 452473
452530 452724
452758 452927
452966 452968
452975 453021
453059 453109
453122 453170
453187 453258
453290 453347
453381 453596
453623 453798
453836 453838
453856 453887
453940 454045
454075 454300
454337 454531
454557 454755
454782 454982
455036 455038
455054 455091
455142 455358
455393 455559
455579 455628
455641 455811
455856 455858
455876 455902
455960 456170
456191 456487
456492 456616
456636 456693
456732 457008
457014 457124
457173 457388
457425 457526
457542 457655
457710 457862
457867 458068
458116 458345
458371 458536
458553 459096
459102 459232
459239 459284
459292 459430
459474 459862
459892 460129
460177 460592
460634 460657
460660 460690
460696 460737
460794 461235
461295 461537
461541 461591
461671 461712
461822 461876
461924 462035
462048 462173
462221 462285
462310 462538
462541 463002
463023 463280
463289 463291
463294 463463
463482 463483
463567 463922
463925 463928
463936 464051
464058 464103
464136 464260
464263 464265
464277 464591
464594 464716
464726 464903
464962 465272
465275 465321
465332 465451
465459 465616
465649 465745
465758 465966
465985 466281
466349 466427
466474 466721
466750 466985
467020 467267
467270 467381
467384 467538
467541 467675
467719 468035
468071 468189
468192 468248
468256 468361
468372 468499
468579 468581
468584 468707
468740 468838
468844 468924
468927 469125
469128 469217
469260 469321
469348 469614
469622 469658
469661 469684
469687 469779
469850 469916
469920 469948
470009 470124
470194 470308
470326 470377
470424 470575
470578 470775
470821 470924
470932 471118
471158 471320
471370 471562
471626 471701
471719 471889
471929 472071
472118 472460
472501 472665
472733 473453
473463 473517
473557 473747
473759 473988
474025 474285
474348 474453
474470 474486
474536 474772
474815 475004
475059 475236
475276 475446
475489 475518
475532 475611
475614 475750
475753 475849
475853 475903
475941 475999
476058 476137
476190 476492
476552 476758
476821 476920
476928 476993
477012 477278
477313 477452
477501 477696
477714 477955
478012 478174
478219 478438
478466 478652
478688 478900
478905 479211
479214 479302
479367 479714
479756 479899
479902 479948
479955 480125
480180 480298
480323 480414
480427 480547
480564 480658
480672 480759
480762 480999
481039 481122
481130 481152
481155 481260
481292 481385
481416 481489
481549 481596
481604 481662
481667 481763
481822 481894
481950 482099
482153 482287
482332 482635
482638 482732
482752 482867
482908 483281
483286 483362
483377 483452
483456 483575
483618 483958
483979 484101
484140 484313
484320 484508
484545 484784
484853 484960
484997 485134
485174 485296
485334 485408
485411 485502
485551 485819
485891 486029
486050 486192
486234 486313
486339 486632
486682 486820
486852 487013
487048 487271
487344 487541
487580 487892
487932 488069
488087 488126
488129 488314
488331 488629
488651 488909
488945 489408
489411 489588
489643 490073
490114 490191
490194 490233
490281 490519
490574 490637
490675 491059
491086 491170
491181 491206
491232 491525
491571 491655
491679 491681
491694 491735
491774 492024
492027 492127
492159 492177
492195 492226
492281 492505
492538 492705
492722 493056
493114 493287
493298 493472
493527 493612
493638 494016
494031 494060
494106 494203
494223 494452
494455 494631
494662 494856
494893 494980
495004 495006
495019 495142
495184 495358
495381 495456
495528 495644
495647 495740
495780 496083
496116 496264
496300 496585
496642 496740
496777 496846
496873 497096
497099 497410
497461 497512
497517 497836
497914 497972
498025 498155
498196 498537
498555 498691
498714 498878
498904 498941
498949 499013
499018 499056
499065 499098
499170 499267
499297 499433
499472 499685
499719 500021
500046 500084
500141 500451
500470 500472
500481 500516
500568 500626
500647 500711
500747 500823
500880 500882
500895 500924
500980 501074
501098 501182
501225 501347
501351 501433
501470 501709
501723 501858
501867 502212
502257 502619
502675 502973
503006 503178
503188 503418
503449 503771
503809 504008
504014 504066
504105 504425
504459 504750
504825 504900
504948 505122
505160 505330
505390 505921
506006 506215
506268 506408
506453 506851
506881 507045
507092 507344
507412 507562
507575 507595
507655 508001
508040 508116
508182 508478
508481 508687
508714 509031
509063 509247
509296 509540
509591 509635
509648 510083
510141 510392
510425 510686
510791 511150
511187 511220
511288 511435
511463 511618
511623 511699
511702 511865
511868 511989
512000 512111
512176 512200
512203 512262
512326 512389
512392 512439
512455 512496
512499 512600
512613 512764
512820 513141
513149 513308
513363 513639
513663 513742
513764 513935
513982 514100
514127 514240
514275 514363
514420 514472
514507 514604
514640 514782
514810 514955
515003 515014
515027 515276
515320 515486
515500 515595
515620 515688
515695 515847
515906 516079
516121 516536
516539 516577
516582 516699
516702 517012
517033 517267
517288 517433
517451 517607
517643 517960
517982 518288
518335 518427
518451 519180
519184 519376
519395 519410
519414 519601
519666 519852
519887 519975
520004 520086
520122 520214
520258 520260
520265 520313
520330 520482
520519 520562
520568 520895
520902 520934
520957 521008
521011 521313
521370 521415
521422 521492
521512 521742
521745 521747
521751 521910
521937 521968
521971 522103
522121 522289
522292 522378
522383 522488
522492 522651
522654 522760
522798 522813
522819 522939
522982 523058
523143 523271
523276 523346
523408 523611
523633 523733
523736 524066
524087 524120
524123 524484
524488 524516
524524 524737
524890 525092
525187 525298
525319 525648
525651 525740
525775 526086
526115 526223
526226 526353
526386 526587
526761 526763
526773 526853
526856 526965
526972 527139
527189 527256
527312 527467
527508 528046
528059 528526
528549 528910
528995 529324
529381 529683
529727 529913
529948 529987
530026 530036
530045 530105
530174 530403
530413 530478
530535 530594
530623 530643
530723 530935
530964 531178
531197 531345
531453 531679
531712 531897
531924 532144
532173 532192
532225 532233
532238 532383
532386 532516
532571 532695
532726 532779
532785 532895
532955 533014
533025 533100
533131 533296
533308 533441
533478 533791
533802 533803
533824 533850
533914 533946
533973 534070
534094 534288
534291 534347
534350 534520
534556 534859
534866 534912
534958 535354
535402 535571
535605 535687
535719 535826
535829 535910
535913 536013
536016 536061
536075 536340
536350 536471
536495 536511
536524 536607
536630 536695
536737 536880
536919 537085
537128 537176
537182 537224
537258 537304
537335 537392
537424 537604
537612 537668
537692 537913
537940 538097
538166 538228
538252 538282
538294 538353
538392 538469
538481 538546
538622 538657
538663 538707
538731 538810
538828 538989
539007 539010
539022 539185
539202 539387
539391 539764
539769 539949
540007 540277
540317 540405
540437 540721
540746 540919
541012 541072
541118 541353
541375 541652
541670 542060
542123 542342
542385 542512
542554 542720
542752 542855
542858 542919
543001 543330
543384 543538
543585 543849
543913 544600
544642 544809
544871 544930
544933 545106
545165 545468
545518 545807
545852 546075
546078 546197
546225 546447
546538 546641
546680 546983
547036 547424
547471 547576
547579 547617
547644 547894
547936 548014
548017 548184
548211 548690
548711 548779
548801 549098
549131 549210
549270 549390
549428 549606
549625 549777
549836 549972
549998 550108
550111 550327
550362 550501
550550 550618
550626 550675
550804 550863
550866 551002
551051 551246
551265 551307
551332 551487
551539 551709
551764 551952
551988 552077
552113 552223
552289 552328
552364 552675
552744 552765
552781 552878
552935 553114
553117 553608
553628 553738
553742 553889
553927 554103
554128 554322
554369 554574
554659 554984
554988 555078
555104 555320
555323 555644
555683 555880
555909 556017
556041 556325
556369 556702
556744 556921
556962 556994
557003 557101
557134 557247
557291 557349
557375 557465
557497 557727
557745 558164
558197 558352
558355 558458
558501 558756
558798 558996
559029 559081
559087 559346
559380 559735
559775 559928
559975 560111
560114 560172
560196 560298
560349 560610
560637 560761
560764 560822
560859 561151
561191 561361
561364 561403
561443 561492
561495 561661
561712 561805
561820 561843
561873 562113
562133 562273
562310 562423
562434 562723
562777 563005
563026 563346
563378 563485
563512 563582
563588 563720
563787 563841
563870 563910
563941 564096
564099 564161
564224 564503
564546 564733
564786 565043
565046 565081
565091 565363
565409 565630
565633 565894
565949 566320
566395 566840
566901 566903
566906 566956
567006 567485
567519 567726
567766 568019
568083 568148
568161 568251
568288 568519
568538 568729
568747 568772
568787 568853
568884 569090
569180 569532
569552 569723
569750 570025
570042 570157
570192 570475
570514 570745
570805 570961
570975 571036
571048 571180
571242 571437
571450 571625
571680 571827
571866 572021
572036 572270
572324 572483
572487 572594
572615 572826
572877 573086
573108 573251
573273 573426
573458 573493
573499 573673
573706 573850
573887 574097
574161 574213
574219 574392
574414 574574
574630 574655
574669 574711
574763 575103
575155 575208
575231 575347
575350 575523
575553 575806
575834 575946
575997 576236
576271 576412
576436 576528
576584 576639
576681 576729
576752 576949
576984 577136
577166 577191
577200 577202
577239 577290
577319 577410
577430 577590
577636 577910
577959 578036
578060 578213
578235 578270
578294 578449
578506 578758
578775 578921
579000 579319
579352 579523
579545 579654
579667 580108
580148 580464
580527 580646
580649 580740
580801 580859
580900 580975
580978 581137
581200 581358
581386 581557
581560 581674
581677 581774
581778 581852
581871 582030
582077 582452
582488 582561
582564 582599
582602 582691
582758 583043
583065 583169
583207 583358
583394 583552
583556 583743
583789 583937
583954 583996
584017 584249
584357 584360
584368 584640
584643 584718
584764 584886
584914 585277
585281 585392
585439 585752
585763 586009
586044 586268
586282 586364
586452 587040
587083 587200
587234 587344
587348 587540
587547 587571
587603 587872
587926 588058
588066 588129
588166 588316
588396 588570
588592 588956
588985 589138
589154 589329
589385 589503
589620 589874
589921 589935
589938 590202
590257 590477
590480 590674
590725 590814
590817 591003
591016 591045
591048 591141
591252 591265
591346 591592
591637 591693
591714 591758
591761 591803
591806 591838
591865 592075
592116 592167
592176 592250
592293 592432
592450 592566
592612 592757
592788 592840
592887 592937
592949 593240
593281 593441
593446 593605
593689 594120
594146 594488
594527 594761
594764 594861
594901 595120
595177 595203
595233 595382
595385 595621
595658 595709
595768 596238
596279 596614
596634 596689
596789 596806
596902 596948
596957 597139
597197 597446
597476 597587
597662 597969
597978 598030
598081 598149
598206 598369
598512 598533
598615 598772
598775 598854
598857 598926
598961 599177
599185 599335
599371 599478
599482 599599
599635 599848
599895 599979
600009 600077
600080 600148
600276 600498
600541 600657
600683 600891
600937 600990
600993 601266
601310 601396
601421 601559
601607 601644
601653 601797
601830 601992
602029 602091
602113 602247
602275 602395
602398 602470
602514 602757
602836 603047
603072 603203
603234 603275
603285 603434
603504 603642
603654 603670
603766 604090
604121 604235
604259 604390
604410 604551
604587 604880
604927 605037
605076 605128
605161 605218
605243 605296
605342 605544
605611 605908
605914 606031
606087 606315
606351 606380
606389 606445
606474 606639
606670 606991
607008 607051
607054 607896
607972 608066
608069 608174
608241 608310
608320 608393
608442 608560
608573 608618
608621 608845
608906 609215
609247 609344
609357 609462
609491 609704
609738 609962
609995 610236
610271 610405
610434 610474
610482 610677
610707 610820
610834 610934
610966 611183
611276 611406
611421 611550
611579 611911
611951 611968
611972 612091
612169 612408
612411 612538
612569 612643
612650 612766
612824 612855
612865 612958
612978 613192
613195 613242
613245 613300
613315 613508
613526 613696
613699 613794
613800 614105
614118 614282
614303 614710
614773 614853
614898 615070
615074 615090
615093 615253
615318 615714
615730 615914
615990 616317
616351 616591
616596 616683
616714 616939
616961 617250
617261 617345
617352 617547
617603 618047
618050 618270
618273 618367
618395 618745
618804 618981
619015 619339
619378 619381
619389 619461
619478 619611
619632 619739
619793 619834
619881 620454
620503 620571
620586 620736
620749 620827
620852 620970
620991 621071
621088 621228
621284 621407
621445 621552
621555 621631
621637 621738
621773 621952
621957 622023
622026 622176
622207 622494
622545 622590
622595 622765
622796 622976
622995 623223
623267 623280
623283 623352
623356 623480
623498 623763
623814 623973
623990 624007
624025 624192
624197 624582
624645 624863
624882 624952
624993 625265
625299 625366
625369 625495
625558 625826
625854 625906
625909 626057
626099 626298
626324 626576
626632 626749
626752 626822
626864 627085
627116 627128
627131 627346
627372 627489
627516 627701
627721 627817
627823 627977
628078 628369
628394 628510
628523 628657
628665 628709
628797 628837
628842 628907
628954 628999
629021 629230
629249 629294
629335 629412
629445 629588
629603 629737
629771 629966
630010 630081
630101 630309
630313 630420
630509 630628
630671 630927
630931 631213
631248 631353
631385 631479
631517 631527
631530 631738
631815 631817
631832 631989
631992 632065
632096 632402
632405 632694
632734 632922
632998 633001
633015 633267
633325 633885
633936 633991
634053 634128
634131 634194
634235 634362
634366 634460
634503 634562
634590 634702
634724 634833
634912 634950
634953 635043
635049 635136
635264 635428
635480 635681
635721 635941
635976 636070
636099 636245
636280 636484
636495 636668
636708 636826
636871 636942
636971 637147
637167 637373
637413 637481
637501 637687
637710 637896
637899 638021
638062 638175
638186 638306
638357 638680
638707 638976
639007 639143
639159 639352
639388 639507
639510 639614
639652 639873
639925 640139
640178 640549
640553 640630
640666 640773
640799 641120
641174 641373
641451 641844
641897 641997
642007 642448
642492 642715
642752 643148
643175 643285
643351 643424
643463 643673
643701 643931
643956 644113
644131 644219
644261 644300
644325 644460
644463 644768
644823 644970
645048 645123
645159 645353
645367 645419
645467 645638
645663 645832
645896 645990
646047 646289
646292 646328
646331 646703
646737 647017
647053 647192
647233 647399
647405 647505
647560 647762
647779 647781
647787 647881
647942 648100
648118 648225
648276 648328
648345 648496
648617 648829
648884 648970
648973 649022
649064 649116
649193 649256
649296 649536
649581 649631
649670 649788
649797 649912
649948 650177
650228 650270
650281 650380
650409 650467
650504 650671
650685 650837
650888 650922
650928 651025
651029 651190
651206 651307
651350 651422
651456 651507
651510 651659
651693 651846
651879 652099
652105 652159
652253 652552
652581 652675
652679 652890
652925 652979
653052 653079
653113 653240
653322 653407
653410 653435
653442 653573
653579 653639
653647 653716
653840 653904
653951 654148
654185 654399
654409 654620
654674 654855
654865 654992
655055 655160
655193 655362
655422 655431
655499 655673
655695 656304
656374 656770
656803 656941
656971 657524
657562 657706
657754 658075
658092 658337
658387 658619
658668 658728
658731 658789
658810 658881
658929 659047
659091 659118
659128 659218
659263 659476
659494 659496
659504 659546
659552 659732
659801 659960
659982 660141
660204 660338
660352 660428
660464 660529
660538 660670
660684 660822
660856 660999
661031 661218
661251 661427
661481 661944
661991 662137
662186 662454
662539 662880
662926 663212
663238 663567
663597 663682
663715 663882
663931 663999
664031 664164
664180 664510
664582 664643
664701 664990
665028 665535
665541 665803
665862 666086
666123 666471
666520 666888
666934 667030
667066 667249
667339 667341
667344 667398
667427 667763
667794 667842
667881 667979
667983 668129
668255 668458
668461 668616
668645 668812
668833 668859
668876 668921
668952 669080
669101 669154
669174 669195
669230 669726
669734 670248
670267 670704
670745 670775
670778 670871
670938 671225
671260 671319
671322 671452
671465 671717
671726 672235
672296 672722
672793 673075
673154 673325
673383 673497
673538 673602
673605 674261
674299 674447
674462 674867
674873 674949
674977 675143
675146 675443
675472 675580
675583 675734
675772 675892
675911 676076
676079 676167
676210 676543
676590 676772
676775 677070
677096 677137
677140 677257
677291 677470
677515 677624
677661 677766
677769 677828
677857 678101
678132 678500
678524 679029
679055 679197
679231 679450
679495 679671
679699 679833
679869 680041
680081 680275
680288 680376
680396 680548
680601 680711
680754 680879
680882 680940
680946 681361
681375 681532
681552 681601
681607 681751
681754 681801
681842 682269
682306 682454
682479 682585
682588 682779
682807 683104
683126 683201
683222 683475
683479 683572
683617 683745
683771 683801
683805 683961
683993 684205
684209 684396
684400 684558
684594 684726
684766 684941
684944 685157
685160 685301
685314 685391
685396 685508
685531 685794
685835 686126
686168 686220
686242 686434
686515 686743
686766 687155
687180 687339
687366 687494
687545 687878
687897 688065
688102 688271
688321 688465
688491 688582
688585 688694
688726 688828
688857 688982
689013 689034
689042 689218
689221 689370
689423 689672
689712 690170
690173 690321
690355 690557
690597 690693
690742 690971
690990 691507
691554 691586
691596 691712
691771 691864
691869 691949
691994 692055
692060 692158
692212 692387
692415 692649
692664 692780
692833 693054
693088 693284
693294 693498
693501 693539
693591 693849
693885 694106
694141 694395
694429 694629
694645 694718
694728 694849
694856 695001
695021 695183
695190 695402
695440 695657
695737 695831
695864 696075
696078 696419
696450 696621
696665 696789
696817 696963
696966 696993
696997 697057
697172 697318
697345 697383
697407 697603
697638 698010
698086 698186
698244 698416
698490 698605
698608 698677
698735 698737
698742 698903
698927 699059
699093 699218
699250 699403
699433 699775
699845 700029
700066 700325
700374 700497
700548 700707
700710 700964
701022 701167
701180 701182
701192 701499
701503 701607
701654 701870
701901 702232
702285 702327
702373 702706
702763 702877
702880 702993
703010 703097
703142 703247
703322 703404
703407 703498
703521 703996
704030 704207
704250 704324
704328 704405
704410 704452
704455 704498
704567 704875
704913 705221
705263 705340
705347 705561
705568 705697
705750 705982
705990 706026
706071 706125
706131 706243
706291 706574
706624 706686
706693 706729
706801 707006
707009 707103
707145 707215
707219 707420
707466 707608
707635 707784
707845 707995
708061 708127
708291 708363
708373 708541
708574 708708
708742 708955
708986 709119
709150 709333
709344 709572
709577 709668
709709 709837
709873 709876
709887 710221
710247 710444
710472 710563
710595 710672
710684 710748
710752 710795
710798 710853
710907 710992
711005 711146
711167 711266
711289 711345
711413 711565
711568 711677
711694 711918
711921 712293
712345 712425
712442 712556
712575 712845
712894 712956
713023 713555
713561 713575
713578 713628
713656 713865
713903 714060
714100 714231
714267 714349
714361 714484
714533 714742
714753 714797
714854 715177
715202 715262
715278 715412
715448 715574
715577 715643
715646 715764
715772 715813
715817 715917
715950 716102
716131 716274
716303 716411
716451 716576
716581 716741
716817 717058
717085 717331
717370 717561
717567 717756
717761 717845
717879 718117
718172 718249
718262 718314
718344 718480
718545 718774
718806 718979
719032 719062
719100 719209
719216 719289
719297 719612
719675 719816
719833 720052
720085 720393
720435 720796
720837 721032
721093 721286
721318 721465
721491 721822
721839 722005
722012 722230
722290 722538
722580 722798
722829 722923
722955 723029
723050 723161
723173 723489
723523 723704
723737 723910
723946 723993
724043 724076
724105 724293
724347 724457
724465 724603
724624 724753
724810 725152
725201 725362
725400 725439
725458 725574
725638 725706
725713 726235
726269 726482
726546 726794
726827 726889
726938 727040
727069 727260
727286 727592
727650 727735
727738 727864
727925 728139
728155 728157
728176 728390
728437 728658
728674 728793
728826 728905
728937 729358
729433 729852
729917 729975
729984 730048
730063 730129
730133 730164
730167 730269
730331 730559
730569 730639
730690 730888
730892 731010
731127 731230
731300 731667
731680 731745
731777 731856
731922 731968
732008 732128
732156 732634
732671 732886
732941 733159
733162 733319
733387 733631
733641 733767
733828 734050
734107 734297
734316 734370
734408 734492
734536 734790
734793 734878
734923 734941
735019 735201
735246 735451
735455 735503
735539 735567
735570 735689
735725 735856
735877 736119
736195 736538
736595 736989
737001 737214
737220 737315
737318 737406
737449 737549
737586 737683
737686 737729
737759 737761
737829 737974
737977 737978
738078 738395
738433 738586
738605 738775
738820 738930
738954 738998
739002 739195
739259 739375
739387 739537
739540 739670
739673 739776
739802 739962
739966 740041
740095 740337
740370 740491
740549 740735
740738 740845
740883 741151
741210 741479
741482 741586
741670 741776
741779 741846
741855 741925
741968 742089
742092 742193
742196 742503
742558 742636
742639 742863
742958 743214
743243 743390
743409 743604
743633 743713
743792 744169
744231 744477
744480 744563
744566 744617
744637 744724
744759 744815
744852 745049
745087 745116
745152 745468
745524 745671
745690 745818
745821 746167
746218 746565
746611 747032
747084 747480
747522 747898
747962 748182
748188 748218
748258 748353
748378 748684
748725 748745
748748 748983
749013 749153
749184 749610
749659 750150
750207 750237
750241 750420
750485 750624
750648 750651
750661 750699
750765 751047
751069 751111
751135 751215
751257 751454
751497 751630
751697 751826
751852 751978
752102 752231
752285 752463
752510 752629
752666 752793
752796 752866
752898 753074
753083 753102
753115 753406
753461 753707
753724 753852
753856 753992
754001 754026
754066 754304
754335 754531
754548 754654
754704 754877
754880 754927
754933 755036
755092 755199
755242 755306
755309 755365
755464 755645
755675 755826
755855 756265
756288 756425
756429 756647
756661 757075
757165 757365
757426 757540
757608 757678
757681 757725
757744 757827
757877 758062
758125 758532
758574 758690
758699 759028
759083 759480
759483 759590
759630 759797
759845 759979
759993 760249
760293 760550
760579 760662
760687 760937
760940 760992
761019 761050
761053 761222
761266 761538
761558 761611
761642 761812
761815 761893
761919 762210
762215 762321
762351 762411
762415 762449
762452 762638
762662 762738
762797 763172
763208 763290
763312 763526
763546 763668
763684 763757
763789 764025
764068 764146
764156 764220
764226 764269
764282 764380
764420 764557
764560 764723
764728 765360
765421 765478
765506 765559
765568 765699
765716 765797
765803 765979
766006 766100
766125 766488
766536 766753
766827 766942
766964 766985
766988 767015
767050 767172
767176 767226
767259 767440
767464 767697
767731 767865
767923 768129
768132 768254
768293 768315
768321 768449
768452 768519
768550 768803
768839 768939
768967 769072
769075 769130
769138 769496
769572 769716
769732 769817
769822 769867
769870 769943
770013 770097
770129 770243
770309 770865
770885 770912
770915 771004
771007 771149
771181 771745
771788 771970
771985 772339
772397 772623
772660 772842
772897 772976
772981 773235
773272 773722
773725 773765
773768 773828
773898 773982
774008 774043
774049 774208
774218 774634
774712 774758
774790 774986
774998 775025
775046 775205
775233 775326
775356 775510
775560 775622
775625 775692
775695 776194
776251 776551
776582 776599
776602 776836
776904 777075
777093 777195
777272 777317
777349 777520
777548 777725
777751 777899
777940 778116
778197 778235
778241 778433
778437 778591
778637 778789
778807 778871
778878 778881
778886 779054
779093 779211
779251 779430
779502 779562
779576 779728
779781 779971
780035 780243
780287 780408
780463 780684
780735 780796
780802 780914
780987 781107
781110 781161
781195 781366
781424 781460
781473 781807
781874 782332
782370 782545
782550 782662
782699 782839
782842 782898
782901 783001
783057 783073
783076 783211
783289 783291
783297 783687
783701 783981
783984 784261
784330 784394
784427 784559
784593 784717
784721 784796
784833 785217
785261 785501
785551 785888
785946 786198
786202 786438
786441 786521
786529 786610
786649 786766
786769 786833
786841 787154
787157 787216
787251 787267
787278 787395
787451 787639
787687 787772
787803 787953
788020 788320
788350 788418
788494 788619
788622 788734
788741 788758
788761 788863
788909 788991
788995 789046
789076 789259
789315 789692
789725 789833
789836 789930
789983 790117
790173 790358
790390 790645
790698 790817
790842 790936
790963 791099
791115 791252
791285 791610
791642 791739
791798 791880
791883 792011
792046 792154
792176 792200
792223 792234
792237 792342
792395 792615
792635 792846
792946 793039
793071 793455
793491 793798
793839 794195
794248 794312
794345 794446
794495 794657
794683 794999
795030 795374
795379 795422
795456 795530
795534 795581
795683 795783
795787 795939
795942 796004
796040 796140
796194 796351
796385 796691
796819 797211
797216 797245
797258 797271
797275 797395
797410 797468
797471 797493
797498 797591
797650 797652
797685 798183
798202 798348
798378 798533
798574 798939
798997 799141
799144 799556
799603 799833
799893 799970
799977 800093
800160 800349
800396 801157
801189 801206
801212 801237
801249 801403
801438 801666
801685 801815
801894 801896
801900 802026
802029 802423
802428 802528
802535 802616
802645 802805
802827 802897
802944 803107
803119 803157
803161 803241
803284 803365
803368 803575
803587 803657
803700 803734
803740 803832
803873 803944
803947 804031
804063 804133
804158 804265
804268 804469
804487 804628
804682 804769
804787 804859
804862 804969
805030 805209
805278 805280
805283 805320
805350 805492
805508 805673
805759 805935
805966 806044
806048 806141
806166 806316
806340 806545
806575 806615
806635 806761
806823 807098
807127 807407
807440 807682
807730 807996
808041 808107
808111 808292
808328 808725
808778 808933
808956 809131
809159 809307
809348 809485
809537 809574
809593 809823
809861 810040
810055 810176
810198 810354
810395 810725
810747 810849
810855 810940
810980 811235
811267 811382
811404 811799
811807 811875
811915 811942
811945 812072
812096 812376
812393 812653
812700 812809
812865 813182
813270 813447
813490 813545
813548 813712
813763 813952
813966 814132
814160 814285
814335 814563
814574 814606
814632 814801
814888 815089
815111 815157
815165 815358
815423 815522
815525 815633
815674 815811
815817 815918
815940 816274
816277 816401
816447 816560
816633 816690
816694 816741
816747 816871
816940 817173
817199 817257
817287 817415
817423 817583
817637 817646
817649 817666
817671 817893
817955 818069
818087 818134
818140 818213
818222 818341
818391 818567
818592 818600
818603 818865
818927 819065
819097 819456
819500 819930
820014 820065
820107 820391
820407 820512
820541 820801
820868 821004
821039 821191
821208 821401
821421 821716
821781 822423
822440 822620
822660 822911
822981 823345
823393 823539
823585 823759
823762 823963
823970 824040
824045 824172
824200 824394
824397 824527
824530 824626
824689 824782
824787 824938
825003 825346
825398 825472
825475 825570
825610 826189
826223 826273
826279 826489
826538 826639
826642 826734
826785 826870
826903 827142
827148 827216
827219 827282
827352 827443
827462 827532
827570 827794
827852 828024
828033 828143
828149 828372
828391 828627
828631 828674
828691 828693
828701 828867
828870 828939
828961 828963
828995 829074
829099 829157
829187 829480
829485 829614
829617 829744
829748 829816
829820 829944
829991 830057
830079 830366
830399 830473
830502 830606
830657 830677
830685 831019
831057 831174
831221 831405
831425 831853
831888 831993
832008 832103
832157 832160
832172 832288
832312 832352
832356 832461
832465 832508
832567 832645
832669 832776
832779 832898
832922 832957
832988 833105
833153 833222
833250 833433
833455 833616
833660 833732
833780 833972
834008 834131
834146 834704
834731 834983
835004 835230
835256 835295
835298 835456
835507 835620
835634 835766
835775 835847
835882 835916
835926 835989
836031 836164
836192 836379
836387 836436
836446 836763
836768 837084
837128 837268
837276 837324
837378 837572
837613 837728
837783 837870
837874 838024
838070 838213
838227 838333
838336 838383
838403 838563
838568 838681
838721 838773
838798 838888
838895 838959
838979 839332
839371 839617
839641 839871
839930 839977
840009 840181
840190 840382
840385 840466
840522 840578
840581 840653
840677 840887
840942 841185
841234 841485
841540 841626
841629 841722
841768 841812
841863 841999
842011 842041
842103 842371
842399 842436
842466 842515
842535 842640
842698 843094
843099 843174
843230 843420
843423 843496
843535 843686
843719 843829
843838 843906
843972 844053
844056 844298
844320 844459
844488 844753
844787 845260
845301 845357
845383 845386
845399 845411
845450 845516
845519 845620
845654 845795
845817 845865
845868 845916
845941 846140
846170 846466
846469 846572
846648 846878
846893 847045
847099 847267
847291 847357
847369 847650
847681 847855
847924 848072
848091 848200
848244 848284
848316 848355
848376 848481
848484 848721
848726 848820
848851 849054
849088 849178
849189 849383
849445 849816
849848 849871
849874 849965
849978 850213
850244 850307
850322 850477
850539 850964
851019 851102
851146 851311
851349 851475
851488 851688
851806 851917
851942 852111
852209 852358
852363 852487
852490 852605
852660 852766
852799 853093
853140 853368
853461 853669
853717 853819
853864 853896
853906 853908
853911 854060
854067 854296
854300 854333
854372 854437
854477 854672
854677 854753
854764 854908
854951 855191
855248 855504
855537 855606
855635 855882
855936 856219
856252 856844
856857 856985
857033 857297
857343 857467
857532 857718
857763 857957
858031 858111
858143 858381
858403 858602
858643 858698
858726 858764
858771 858967
859006 859088
859091 859244
859262 859384
859421 859557
859588 859904
859929 860087
860123 860354
860373 860467
860548 860760
860783 860889
860894 860956
860961 860981
861014 861139
861165 861298
861301 861359
861386 861426
861429 861442
861446 861481
861484 861588
861631 861674
861695 861878
861918 862434
862475 862577
862592 863017
863070 863075
863093 863179
863183 863265
863368 863370
863404 863708
863756 863871
863883 864007
864061 864100
864103 864503
864564 864653
864693 864877
864880 864948
864988 865086
865145 865147
865169 865439
865445 865701
865756 866278
866308 866652
866704 866770
866779 866862
866910 867021
867024 867074
867103 867307
867361 867416
867455 867534
867538 867662
867704 867889
867898 868180
868214 868376
868421 868587
868655 868822
868855 869076
869083 869164
869203 869355
869378 869470
869476 869556
869590 869750
869754 869807
869853 870067
870080 870168
870171 870270
870274 870534
870557 870629
870634 870739
870800 870954
871007 871092
871140 871288
871325 871519
871522 871563
871602 871907
871913 871995
872079 872484
872516 872534
872592 872675
872714 872973
873054 873254
873287 873374
873413 873553
873615 873722
873739 873991
874025 874348
874403 874545
874548 874683
874700 874846
874860 875349
875360 875362
875372 875816
875850 876266
876295 876500
876541 876680
876686 876822
876882 877142
877149 877174
877184 877322
877366 877662
877673 877920
877968 878024
878050 878052
878071 878093
878125 878262
878315 878390
878426 878483
878513 878664
878730 878762
878816 878923
878945 879031
879051 879134
879174 879289
879316 879388
879432 879834
879871 880047
880093 880284
880295 880453
880457 880492
880529 880707
880710 881070
881125 881127
881134 881335
881366 881445
881448 881506
881510 881621
881624 881707
881826 882134
882162 882418
882482 882702
882732 882900
882939 883288
883291 883578
883631 883672
883677 883726
883752 883872
883903 883971
884006 884251
884273 884399
884461 884603
884648 884781
884808 885173
885184 885268
885310 885324
885338 885392
885395 885562
885566 885777
885818 885994
886018 886235
886272 886387
886401 886627
886662 886853
886920 887001
887042 887352
887445 887595
887598 887770
887819 887993
888066 888114
888143 888240
888259 888362
888413 888442
888453 888685
888719 888808
888854 889005
889076 889162
889165 889270
889280 889502
889530 889680
889697 889750
889756 890185
890227 890723
890729 890783
890807 891189
891261 891469
891525 892107
892145 892309
892357 892574
892607 892914
892955 893028
893051 893154
893166 893278
893345 893520
893523 893696
893765 893820
893823 894165
894219 894460
894466 894625
894664 894779
894800 895016
895092 895340
895347 895554
895596 895638
895642 895680
895689 895776
895812 895908
895912 895973
896022 896097
896114 896228
896255 896285
896288 896501
896504 896551
896595 896839
896861 896996
897037 897181
897200 897236
897239 897307
897327 897645
897673 897873
897927 898355
898453 898467
898470 898665
898708 898821
898849 899142
899173 899325
899332 899405
899416 899418
899425 899495
899533 899816
899819 899920
899963 900062
900100 900278
900380 900557
900596 900799
900805 900990
900993 901041
901096 901262
901265 901393
901416 901963
902014 902109
902170 902287
902329 902565
902608 902731
902735 902867
902924 903063
903094 903315
903327 903396
903399 903853
903894 904134
904156 904332
904335 904443
904497 904663
904668 904715
904753 905015
905042 905189
905192 905340
905398 905616
905642 905688
905693 905773
905778 906030
906033 906195
906237 906584
906624 906739
906742 907073
907173 907370
907373 907534
907583 907886
907913 908102
908114 908319
908324 908413
908425 908714
908785 909250
909290 909598
909638 909971
910006 910471
910504 910653
910673 910676
910681 910766
910779 910814
910817 910928
910966 911389
911396 911507
911542 911757
911789 912019
912050 912247
912303 912902
912954 913117
913160 913461
913511 913522
913557 913733
913738 913814
913871 913962
913982 914327
914392 914455
914471 914543
914547 914753
914787 914869
914917 915068
915097 915208
915237 915247
915252 915275
915278 915343
915364 915558
915631 915746
915752 915753
915763 915789
915828 916039
916083 916168
916171 916212
916224 916276
916279 916333
916336 916507
916535 916619
916635 916736
916796 916988
917038 917090
917107 917158
917206 917266
917288 917424
917441 917674
917714 917828
917852 917994
918060 918152
918170 918182
918185 918221
918283 918365
918404 918464
918467 918639
918714 919066
919082 919128
919182 919508
919533 919823
919826 919886
919935 920012
920024 920261
920290 920457
920487 920511
920522 920553
920660 920857
920881 920972
920993 921080
921093 921242
921279 921658
921688 922032
922070 922123
922135 922446
922452 922563
922574 922774
922799 923145
923187 923474
923515 923573
923584 923663
923823 923823
923842 923848
923899 924093
924100 924175
924183 924231
924276 924358
924361 924440
924488 924553
924576 924670
924674 924764
924791 924948
924960 925147
925163 925374
925416 925466
925486 925536
925598 925946
925960 926018
926066 926182
926186 926603
926638 926773
926799 926915
926950 927340
927366 927406
927409 927513
927516 927616
927646 927763
927820 928158
928202 928246
928254 928280
928303 928492
928495 928593
928629 928684
928688 928806
928877 929129
929167 929341
929347 929495
929498 929550
929582 929621
929624 929724
929786 930117
930194 930388
930401 930548
930594 930994
931055 931484
931532 931768
931801 932035
932092 932171
932201 932620
932642 932801
932816 932909
932943 933028
933054 933202
933266 933377
933381 933413
933439 933576
933580 933678
933729 933862
933894 934165
934226 934268
934295 934458
934491 934739
934803 934950
934998 935052
935082 935163
935192 935416
935476 935585
935614 935929
935978 936026
936029 936105
936137 936276
936300 936329
936333 936465
936479 936650
936718 936927
936961 937303
937349 937380
937402 937473
937504 937585
937623 937812
937832 937942
937983 938142
938163 938321
938371 938620
938623 938678
938688 938955
938987 939020
939024 939169
939191 939212
939216 939289
939292 939555
939624 939757
939760 939857
939860 939942
939987 940189
940217 940510
940547 940644
940688 940814
940846 940961
940983 941139
941151 941263
941303 941390
941422 941516
941544 941586
941592 941645
941682 941950
941968 942035
942085 942331
942364 942663
942668 942995
942998 943025
943051 943114
943145 943275
943316 943534
943537 943732
943770 943984
944109 944231
944336 944654
944693 944854
944859 945243
945272 945303
945383 945407
945419 945521
945538 945640
945643 945861
945970 946237
946288 946435
946442 946688
946723 946725
946731 946808
946857 947064
947098 947145
947159 947433
947473 947686
947726 947833
947853 947948
947986 948081
948085 948195
948264 948369
948433 948566
948574 948652
948669 948695
948698 948714
948728 948835
948894 949043
949047 949115
949151 949454
949495 949785
949841 949962
949972 950121
950125 950253
950256 950456
950499 950686
950769 950823
950912 950972
950989 951269
951273 951346
951385 951388
951391 951864
951913 952097
952114 952224
952252 952536
952576 952611
952614 952756
952802 953020
953066 953249
953280 953333
953367 953540
953547 953881
953893 953967
954012 954188
954259 954371
954431 954496
954502 954568
954580 954850
954928 955146
955185 955227
955249 955435
955490 955629
955632 955739
955753 955801
955854 955923
955945 956040
956062 956148
956154 956317
956320 956544
956571 956648
956680 956695
956698 956821
956843 957090
957112 957192
957219 957505
957567 957677
957680 957876
957921 958021
958026 958313
958349 958753
958776 958921
958971 959013
959051 959168
959207 959452
959485 959676
959744 960002
960006 960027
960031 960089
960092 960199
960261 960404
960410 960727
960768 960833
960844 961123
961140 961395
961428 961630
961680 961710
961757 961780
961783 961851
961909 962246
962294 962369
962377 962568
962591 962878
962921 963174
963262 963281
963285 963494
963524 963627
963673 963747
963760 963856
963859 963897
963900 963982
964028 964461
964558 964596
964613 964965
965020 965085
965088 965135
965138 965260
965281 965425
965441 965566
965569 965654
965690 965964
965967 966151
966182 966388
966440 966639
966684 966740
966758 966767
966771 966834
966889 967096
967160 967288
967297 967300
967307 967342
967386 967610
967651 967746
967750 967849
967875 967960
968020 968083
968087 968159
968162 968188
968216 968245
968248 968322
968384 968446
968471 968664
968720 968722
968736 968950
968953 969203
969250 969280
969283 969925
969964 969987
969990 970146
970190 970192
970202 970556
970600 970826
970829 970904
970943 971163
971220 971287
971290 971405
971443 971672
971696 971910
971946 972180
972201 972436
972439 972604
972618 973051
973063 973426
973431 973542
973615 973879
973926 973963
973979 974239
974278 974991
975015 975190
975235 975541
975594 975641
975654 975743
975768 975780
975784 975832
975870 976145
976216 976306
976354 976619
976667 976939
976978 977350
977402 977631
977650 977883
977922 978475
978526 978699
978740 978988
979054 979149
979154 979400
979442 979857
979917 980056
980059 980100
980145 980166
980177 980229
980256 980278
980303 980411
980434 980563
980654 980801
980852 980853
980915 981216
981264 981365
981377 981515
981518 981690
981744 981782
981819 981883
981889 981943
981999 982192
982236 982444
982455 982588
982655 982840
982843 982900
982903 982943
982950 983310
983377 983478
983481 983661
983698 984077
984126 984337
984358 984467
984505 984656
984675 984775
984841 984892
984913 984955
985008 985247
985288 985619
985653 985957
985996 986021
986025 986065
986083 986163
986260 986505
986534 986654
986695 987026
987058 987283
987287 987293
987350 987401
987444 987496
987501 987634
987691 988052
988091 988600
988649 989059
989075 989189
989230 989402
989445 989475
989486 989692
989764 989908
989939 990245
990286 990433
990452 990554
990593 990789
990816 990934
990942 991067
991095 991200
991232 991377
991438 991608
991639 991712
991739 991825
991830 992089
992115 992323
992370 992406
992413 992491
992516 992713
992748 992898
992922 993190
993193 993357
993416 993593
993625 994017
994054 994231
994298 994300
994303 994511
994517 994640
994659 994692
994718 994727
994732 994801
994836 995043
995074 995162
995180 995488
995513 995766
995790 995903
995930 995990
995994 996183
996227 996360
996426 996428
996444 996478
996516 996566
996569 996596
996601 996735
996769 996929
996932 996998
997001 997111
997152 997347
997377 997697
997745 998063
998082 998268
998301 998505
998553 999180
999196 999293
999299 999355
999366 999496
999517 999633
999691 999789
999819 1000028
1000071 1000073
1000080 1000245
1000252 1000316
1000361 1000407
1000426 1000631
1000639 1000827
1000860 1000934
1000962 1001161
1001204 1001271
1001306 1001676
1001723 1002104
1002122 1002224
1002229 1002335
1002376 1002827
1002877 1003255
1003293 1003371
1003418 1003755
1003805 1003940
1004002 1004182
1004208 1004309
1004357 1004456
1004591 1004593
1004628 1004785
1004823 1005217
1005247 1005539
1005595 1005795
1005842 1006072
1006076 1006348
1006357 1006484
1006513 1006978
1007026 1007123
1007127 1007247
1007316 1007414
1007421 1007500
1007550 1007695
1007728 1007904
1007960 1008474
1008512 1008667
1008671 1008748
1008776 1008999
1009003 1009039
1009088 1009311
1009320 1009381
1009419 1009655
1009694 1009806
1009822 1009878
1009882 1009932
1009938 1010097
1010162 1010279
1010315 1010373
1010391 1010655
1010723 1010863
1010886 1010925
1010961 1011108
1011114 1011182
1011246 1011361
1011399 1011472
1011482 1011659
1011682 1011685
1011692 1012059
1012080 1012157
1012160 1012187
1012190 1012247
1012314 1012423
1012426 1012635
1012696 1012901
1012914 1013014
1013056 1013245
1013279 1013470
1013488 1013610
1013623 1013625
1013687 1013727
1013766 1013868
1013903 1014073
1014077 1014149
1014196 1014327
1014354 1014442
1014447 1014605
1014628 1014769
1014853 1015156
1015193 1015333
1015373 1015628
1015631 1015679
1015686 1015765
1015771 1016063
1016092 1016130
1016133 1016353
1016421 1016649
1016704 1016804
1016850 1017094
1017099 1017356
1017359 1017515
1017546 1017620
1017643 1017782
1017824 1017967
1018011 1018345
1018382 1018414
1018462 1018675
1018703 1018930
1018995 1019159
1019201 1019475
1019478 1019544
1019581 1019722
1019725 1019900
1019940 1019995
1020022 1020115
1020165 1020397
1020412 1020482
1020569 1020673
1020677 1020918
1020925 1021006
1021020 1021031
1021034 1021131
1021166 1021272
1021320 1021491
1021539 1021664
1021709 1021838
1021852 1021879
1021912 1022059
1022173 1022266
1022308 1022415
1022467 1022727
1022730 1022814
1022876 1023091
1023094 1023275
1023343 1023483
1023503 1023589
1023603 1023725
1023732 1023773
1023786 1023964
1023998 1024078
1024086 1024155
1024169 1024233
1024289 1024382
1024386 1024516
1024551 1024821
1024888 1024890
1024900 1025201
1025246 1025332
1025342 1025493
1025570 1025828
1025840 1025954
1025957 1026212
1026249 1026477
1026518 1026843
1026876 1026949
1026962 1027187
1027230 1027470
1027483 1027559
1027623 1027669
1027672 1027734
1027760 1028043
1028097 1028098
1028103 1028226
1028268 1028350
1028362 1028456
1028520 1028668
1028671 1028673
1028701 1028893
1028925 1028998
1029002 1029042
1029045 1029081
1029093 1029167
1029222 1029405
1029408 1029588
1029600 1029679
1029706 1029798
1029803 1029928
1029982 1030207
1030210 1030548
1030551 1030626
1030688 1030730
1030737 1031008
1031053 1031148
1031192 1031193
1031206 1031264
1031297 1031411
1031416 1031536
1031566 1031593
1031609 1031665
1031695 1031815
1031865 1031966
1032007 1032215
1032259 1032287
1032323 1032479
1032567 1032656
1032688 1032800
1032822 1032867
1032876 1032990
1033034 1033086
1033115 1033455
1033508 1033637
1033640 1033690
1033697 1033783
1033825 1033944
1034066 1034229
1034232 1034290
1034328 1034417
1034452 1034585
1034626 1034757
1034764 1034900
1034952 1035420
1035464 1035788
1035832 1035970
1035984 1036025
1036047 1036104
1036125 1036233
1036243 1036286
1036289 1036382
1036427 1036647
1036662 1036876
1036923 1037130
1037172 1037335
1037393 1037589
1037628 1037927
1037958 1038141
1038206 1038558
1038611 1039027
1039074 1039303
1039308 1039623
1039674 1039676
1039686 1039727
1039786 1039820
1039823 1039892
1039940 1040273
1040290 1040332
1040378 1040615
1040682 1040683
1040691 1040725
1040776 1040883
1040926 1041217
1041227 1041527
1041546 1041609
1041642 1041769
1041812 1041872
1041909 1042129
1042159 1042290
1042310 1042571
1042615 1042727
1042744 1042777
1042829 1043084
1043122 1043273
1043276 1043424
1043474 1043573
1043580 1043657
1043715 1044117
1044122 1044257
1044295 1044529
1044571 1044746
1044762 1044970
1045003 1045215
1045247 1045534
1045592 1045728
1045793 1045867
1045877 1045927
1045952 1046139
1046181 1046284
1046297 1046376
1046419 1046675
1046723 1046766
1046769 1046861
1046891 1047022
1047081 1047289
1047326 1047581
1047610 1047737
1047760 1047882
1047949 1048184
1048187 1048232
1048236 1048263
1048290 1048355
1048358 1048410
1048442 1048701
1048761 1049028
1049063 1049302
1049343 1049438
1049486 1049587
1049619 1049636
1049639 1049743
1049786 1049845
1049867 1050014
1050053 1050244
1050302 1050349
1050352 1050409
1050424 1050680
1050704 1050863
1050924 1051029
1051057 1051078
1051082 1051135
1051140 1051371
1051375 1051571
1051610 1051751
1051802 1052314
1052348 1052537
1052553 1052765
1052804 1053147
1053182 1053383
1053419 1053525
1053549 1053635
1053638 1053682
1053685 1053734
1053788 1053996
1054014 1054067
1054111 1054207
1054260 1054358
1054361 1054493
1054543 1054796
1054845 1055087
1055109 1055354
1055387 1055538
1055585 1055667
1055717 1055898
1055923 1056032
1056042 1056101
1056105 1056398
1056499 1056755
1056805 1057215
1057260 1057525
1057530 1057642
1057664 1058075
1058112 1058288
1058367 1058642
1058674 1058693
1058698 1058827
1058846 1058867
1058880 1058987
1059043 1059088
1059135 1059337
1059354 1059428
1059445 1059454
1059457 1059739
1059801 1059870
1059880 1059940
1060020 1060380
1060454 1060512
1060526 1060765
1060801 1061022
1061041 1061315
1061319 1061516
1061579 1061625
1061692 1061982
1062016 1062111
1062118 1062206
1062265 1062515
1062551 1062695
1062735 1063182
1063213 1063334
1063362 1063499
1063606 1063755
1063763 1063823
1063851 1064169
1064198 1064330
1064348 1064487
1064543 1064619
1064656 1064897
1064915 1065074
1065085 1065098
1065171 1065304
1065351 1065382
1065433 1065639
1065644 1065701
1065727 1065758
1065815 1065992
1066019 1066040
1066065 1066146
1066172 1066216
1066242 1066302
1066325 1066488
1066530 1066666
1066684 1066941
1066984 1067045
1067075 1067408
1067436 1067566
1067624 1067703
1067747 1068055
1068084 1068255
1068262 1068265
1068269 1068302
1068319 1068410
1068449 1068821
1068857 1069089
1069235 1069573
1069578 1069600
1069603 1069647
1069672 1069861
1069883 1069974
1069998 1070115
1070118 1070205
1070227 1070317
1070368 1070462
1070465 1070632
1070639 1070750
1070794 1070972
1070997 1071152
1071188 1071282
1071336 1071455
1071467 1071559
1071571 1071687
1071739 1071741
1071754 1071892
1071904 1071950
1071980 1072111
1072141 1072218
1072227 1072372
1072422 1072425
1072463 1072684
1072687 1072934
1072940 1073068
1073124 1073411
1073414 1073495
1073551 1073693
1073740 1073880
1073987 1073990
1074005 1074178
1074181 1074326
1074364 1074479
1074524 1074553
1074602 1074631
1074642 1074673
1074989 1075048
1075270 1075592
1075635 1075855
1075858 1075930
1075971 1076141
1076178 1076295
1076307 1076467
1076512 1076613
1076644 1076724
1076727 1076871
1076874 1077068
1077110 1077221
1077241 1077372
1077400 1077608
1077687 1077824
1077847 1077909
1077912 1078012
1078053 1078096
1078125 1078205
1078218 1078320
1078381 1078448
1078465 1078630
1078654 1078707
1078733 1078854
1078950 1078952
1078962 1078990
1079002 1079063
1079066 1079153
1079182 1079251
1079329 1079579
1079618 1079741
1079757 1079881
1079884 1079936
1079939 1080103
1080134 1080183
1080188 1080247
1080250 1080367
1080402 1080611
1080615 1080892
1080916 1081039
1081042 1081045
1081049 1081344
1081365 1081719
1081769 1082042
1082075 1082227
1082263 1082715
1082722 1082824
1082829 1082967
1083001 1083176
1083182 1083517
1083578 1083636
1083639 1083809
1083834 1084013
1084018 1084087
1084117 1084162
1084168 1084565
1084610 1084753
1084756 1084812
1084815 1084977
1085007 1085060
1085063 1085159
1085162 1085318
1085348 1085755
1085758 1085858
1085916 1086173
1086199 1086305
1086310 1086388
1086437 1086581
1086623 1086907
1086910 1086997
1087036 1087317
1087375 1087483
1087486 1087572
1087575 1087631
1087636 1087815
1087845 1087983
1088032 1088250
1088280 1088600
1088613 1088876
1088902 1089046
1089117 1089495
1089523 1089842
1089847 1089864
1089903 1090188
1090193 1090294
1090297 1090405
