35 179
211 212
263 381
469 661
694 813
827 828
853 1010
1015 1073
1103 1233
1240 1334
1383 1386
1400 1476
1479 1556
1568 1930
2063 2263
2288 2435
2472 2473
2499 2519
2522 2634
2638 2714
2720 2836
2918 2932
2935 2957
2960 3141
3144 3170
3199 3291
3323 3545
3571 3622
3629 3823
3847 4027
4067 4068
4114 4234
4249 4294
4298 4452
4517 4542
4555 4712
4731 4862
4899 5025
5042 5214
5217 5301
5327 5452
5482 5483
5534 5636
5639 5725
5729 5782
5785 5892
5953 6064
6079 6317
6320 6409
6450 6639
6685 6847
6897 6900
6952 7183
7186 7263
7291 7350
7372 7411
7414 7524
7578 7879
7951 8390
8402 8403
8455 8557
8561 8846
8886 9100
9133 9377
9380 9526
9532 9662
9666 9726
9750 9752
9784 9895
9903 10079
10186 10386
10425 10533
10548 10622
10644 10730
10740 10806
10858 11125
11172 11173
11224 11236
11239 11263
11266 11460
11464 11518
11521 11621
11668 11829
11889 12038
12071 12148
12151 12299
12326 12434
12480 12483
12535 12666
12669 12744
12749 12868
12913 13013
13041 13143
13146 13220
13227 13348
13485 13660
13684 13788
13812 13813
13826 14103
14129 14252
14256 14434
14609 14959
14966 15024
15051 15201
15260 15321
15329 15331
15341 15631
15778 15855
15889 16040
16066 16125
16128 16372
16516 16718
16727 16818
16852 16855
16892 17073
17092 17263
17415 17586
17589 17667
17670 17815
17890 18000
18036 18359
18388 18388
18420 18656
18688 18930
18938 19021
19160 19327
19371 19527
19565 19859
19875 19878
19903 20023
20026 20265
20306 20467
20470 20524
20657 20729
20732 20858
20871 20873
20907 21079
21092 21093
21131 21188
21192 21319
21327 21544
21742 21805
21810 21965
22017 22278
22383 22516
22519 22522
22534 22620
22628 22782
22791 23091
23189 23287
23342 23435
23489 23731
23883 23949
23966 24079
24130 24194
24207 24208
24230 24358
24361 24580
24608 24761
24861 25027
25051 25204
25219 25221
25234 25405
25408 25528
25583 25683
25697 25791
25823 26011
26032 26198
26287 26328
26334 26556
26562 26662
26679 26681
26696 26937
27037 27054
27057 27214
27241 27424
27434 27548
27552 27667
27736 27970
27996 28216
28260 28261
28312 28582
28617 28654
28665 28754
28758 28856
28902 28905
28955 29124
29154 29410
29413 29537
29715 29834
29854 30001
30024 30217
30231 30232
30244 30421
30453 30714
30772 30891
30894 30989
31023 31062
31065 31246
31249 31314
31421 31517
31520 31670
31699 31886
31913 31915
31950 32084
32090 32193
32210 32308
32442 32817
32820 32845
32848 32907
32985 33126
33148 33241
33244 33309
33317 33442
33448 33450
33470 33535
33539 33674
33678 33766
33791 33821
33825 33929
33971 34029
34034 34126
34153 34506
34510 34599
34780 35008
35031 35032
35062 35094
35097 35382
35403 35556
35585 35700
35703 35923
36089 36264
36347 36477
36523 36526
36578 36798
36838 36928
36931 37015
37136 37286
37320 37858
37905 37906
37958 38070
38082 38289
38336 38426
38429 38463
38466 38623
38655 38670
38673 38724
38727 38810
38813 38907
38914 39004
39165 39373
39383 39385
39398 39705
39719 39803
39809 39852
39855 39984
40109 40221
40224 40275
40278 40368
40371 40426
40465 40529
40536 40667
40738 40949
40964 40966
40985 41121
41126 41321
41353 41439
41516 41605
41608 41675
41699 41883
41888 41977
42030 42306
42343 42345
42386 42663
42697 42806
42821 43018
43139 43252
43297 43416
43419 43583
43630 43761
43764 43874
43885 43886
43911 44059
44230 44288
44332 44414
44417 44651
44681 44795
44850 44920
44940 45053
45108 45111
45163 45312
45436 45471
45511 45512
45537 45562
45567 45608
45679 45715
45721 45775
45779 45881
45983 46025
46093 46164
46244 46319
46348 46462
46549 46658
46714 46804
46807 46882
46895 46897
46916 46989
47089 47170
47182 47282
47418 47471
47564 47633
47636 47705
47714 47793
47796 47872
47984 48066
48090 48092
48126 48279
48299 48338
48369 48551
48555 48722
48729 48843
48996 49104
49243 49343
49357 49503
49522 49523
49575 49652
49742 49873
50002 50076
50148 50204
50212 50230
50234 50312
50318 50363
50366 50411
50498 50609
50651 50761
50926 51003
51034 51036
51072 51203
51206 51292
51334 51378
51386 51456
51590 51651
51699 51777
51781 51852
51923 51968
51973 52027
52104 52115
52118 52204
52381 52437
52461 52463
52491 52608
52611 52723
52726 52839
52946 53025
53040 53042
53056 53119
53145 53189
53266 53310
53313 53381
53535 53667
53705 53781
53794 53865
53946 53968
53972 54097
54103 54168
54412 54456
54505 54507
54559 54710
54730 54804
54808 54938
55100 55151
55270 55284
55287 55403
55407 55461
55464 55501
55534 55724
55750 55855
55863 55943
55991 55993
56044 56104
56218 56448
56501 56717
56749 56812
56815 56851
56860 56940
57114 57163
57253 57379
57394 57445
57458 57460
57478 57514
57518 57613
57616 57763
57832 57910
57916 57968
57976 58046
58050 58080
58083 58136
58139 58200
58249 58251
58305 58359
58469 58567
58598 58661
58683 58746
58761 58838
58909 58943
58948 59025
59213 59288
59365 59435
59445 59533
59651 59702
