75 209
216 483
490 660
696 1012
1028 1071
1090 1163
1253 1380
1383 1476
1487 1815
1863 1990
2134 2534
2537 2633
2636 2809
2982 2998
3007 3154
3159 3386
3479 3631
3683 3701
3704 3836
3916 4252
4255 4320
4399 4428
4502 4503
4552 4759
4762 4782
4785 4860
5105 5173
5238 5444
5448 5509
5554 5780
5858 5881
5984 6020
6029 6156
6159 6195
6204 6236
6239 6257
6263 6334
6342 6438
6445 6747
6760 6816
6819 6843
6847 7032
7035 7055
7060 7351
7366 7384
7387 7626
7754 7867
7874 8052
8055 8079
8086 8506
8920 9072
9085 9226
9229 9356
9363 9459
9752 9816
9880 10075
10085 10219
10229 10335
10392 10506
10510 10551
10563 10728
10807 10939
10949 10975
10992 11197
11203 11225
11236 11729
11797 11923
11931 12048
12051 12263
12269 12335
12338 12415
12482 12694
12703 12723
12748 13069
13137 13302
13349 13490
13627 13722
13725 13898
14204 14283
14365 14463
14466 14502
14512 14589
14631 14704
14710 14806
15013 15022
15025 15064
15072 15214
15217 15368
15420 15491
15502 15642
15646 15685
15715 15871
15876 16176
16179 16325
16390 16417
16421 16473
16481 16551
16560 16681
16689 16761
16765 16982
17099 17203
17228 17339
17342 17493
17562 17693
17696 17851
17990 18018
18021 18151
18200 18300
18532 18589
18598 18780
18783 18875
18879 19087
19200 19361
19379 19382
19391 19397
19426 19522
19542 19662
19892 19997
20029 20251
20254 20345
20593 20676
20681 20683
20912 21034
21311 21384
21430 21510
21652 21686
21689 21851
22163 22330
22421 22694
22887 22981
23110 23131
23139 23154
23169 23261
23331 23465
23547 23754
23787 23815
23894 23897
23910 24343
24420 24485
24572 24919
25350 25449
25742 25755
25770 25819
25824 26049
26103 26146
26152 26313
26316 26524
26551 26707
26725 26814
26820 26846
26849 26991
27208 27398
27410 27542
27623 27836
27899 28223
28226 28317
28331 28566
28707 28818
28869 28888
28891 28937
29082 29177
29181 29264
29267 29270
29288 29401
29470 29549
29786 29793
29799 29880
29895 30060
30063 30355
30408 30526
30529 30639
30660 30754
30988 31030
31038 31158
31161 31253
31357 31657
31768 31990
31999 32212
32464 32602
32663 32884
32967 33084
33087 33207
33298 33433
33436 33551
33558 33604
33618 33791
33806 33844
33847 33892
33908 33997
34035 34046
34189 34327
34330 34425
34431 34629
34952 35007
35150 35185
35188 35387
35393 35530
35596 35650
35660 35746
35749 35796
35813 35877
35881 35932
35943 36037
36043 36116
36236 36461
36469 36552
36555 36607
36753 36756
36771 36863
36869 36982
37057 37132
37146 37165
37171 37389
37392 37482
37493 37790
37845 37938
37945 38059
38162 38218
38221 38398
38429 38465
38692 39158
39576 39607
39622 39674
39678 39740
39748 39861
39983 40071
40082 40222
40227 40283
40299 40466
40495 40497
40500 40814
40817 40895
40978 41109
41118 41215
41519 41527
41533 41749
41825 41908
41911 42005
42008 42028
42034 42383
42497 42572
42578 42756
42767 42837
42922 43001
43067 43085
43091 43220
43237 43332
43346 43585
43725 43795
43812 43831
43839 43988
44005 44030
44033 44192
44201 44285
44359 44375
44429 44513
44517 44621
44632 44737
45049 45099
45153 45238
45243 45331
45414 45450
45454 45465
45468 45831
45842 45984
46130 46147
46157 46411
46417 46531
46585 46728
46739 47123
47126 47397
47416 47548
47685 47849
47852 47962
47973 48080
48139 48163
48168 48257
48283 48372
48464 48522
48525 48708
48731 48757
48760 48990
49072 49150
49174 49350
49403 49466
49512 49582
49593 49619
49622 49713
49720 49747
49752 49965
50098 50222
50230 50327
50371 50615
50622 50779
50788 50865
50940 51174
51179 51328
51352 51357
51377 51713
52162 52422
52425 52646
52750 52859
52865 52897
52900 53025
53034 53062
53171 53358
53361 53625
53628 53651
53660 53779
53812 53996
54143 54196
54206 54446
54449 54500
54526 54621
54645 54857
54860 54949
54955 55190
55211 55266
55298 55314
55417 55660
55667 55796
55799 55925
55948 56062
56199 56434
56494 56763
56778 57250
57339 57384
57387 57449
57457 57613
57639 57687
57690 57748
57942 57967
57978 58185
58350 58601
58604 58624
58627 58680
58684 58721
58811 58841
58861 59003
59011 59151
59167 59211
59366 59671
59693 59760
59766 60055
