50 249
289 393
398 495
513 515
528 667
742 933
936 1056
1172 1309
1354 1529
1652 1711
1762 1902
1905 2013
2047 2048
2074 2257
2347 2471
2474 2586
2595 2774
2833 2939
3014 3339
3370 3372
3412 3516
3519 3624
3809 3885
3930 4190
4208 4449
4540 4633
4686 4882
4898 4900
4921 5355
5484 5590
5610 5889
5967 6331
6371 6372
6408 6628
6683 6965
6968 6982
6987 7118
7220 7543
7605 7746
7751 7805
7859 7915
7955 7957
7999 8129
8154 8267
8344 8576
8724 8835
8867 9119
9188 9387
9391 9517
9559 9561
9609 9770
9859 9948
9962 10011
10063 10214
10234 10563
10640 10807
10841 10842
10878 11207
11255 11383
11401 11760
11833 12027
12041 12132
12138 12141
12155 12264
12267 12517
12588 12721
12737 12863
12899 13156
13167 13239
13286 13435
13440 13542
13588 13590
13620 13860
13970 14070
14125 14256
14314 14420
14478 14654
14716 14966
14991 14992
15037 15272
15329 15430
15433 15660
15670 15787
15834 15836
15886 16095
16100 16184
16193 16338
16372 16427
16442 16501
16506 16669
16887 17023
17086 17224
17261 17262
17299 17440
17499 17562
17603 17679
17693 17766
17822 18023
18052 18053
18073 18181
18199 18263
18339 18462
18468 18589
18592 18653
18688 18933
18966 19075
19079 19229
19275 19600
19648 19651
19702 19995
20022 20184
20257 20417
20526 20837
20865 21045
21085 21086
21131 21507
21510 21581
21670 21959
22002 22151
22216 22246
22249 22337
22368 22370
22412 22688
22776 23049
23097 23098
23151 23292
23304 23516
23571 23660
23673 23792
23854 23986
24052 24422
24475 24648
24733 24951
25009 25191
25202 25203
25232 25493
25569 25636
25655 25811
25814 26035
26039 26147
26208 26541
26575 26577
26619 26867
26901 27100
27132 27135
27148 27331
27396 27537
27544 27630
27674 27925
27964 28094
28228 28456
28473 28473
28494 28756
28763 28921
29006 29083
29086 29242
29280 29534
29584 29749
29771 29868
29898 29901
29934 30008
30011 30153
30165 30229
30232 30275
30319 30543
30595 30755
30794 31285
31294 31429
31477 31478
31527 31628
31645 31870
31906 32035
32169 32333
32376 32557
32615 32812
32827 32828
32848 33024
33041 33158
33272 33371
33374 33477
33536 33762
33799 34000
34030 34219
34267 34268
34285 34359
34422 34715
34852 34995
35044 35296
35336 35534
35572 35763
35778 35781
35800 35978
36008 36182
36260 36383
36386 36742
36823 36942
36988 37056
37093 37093
37132 37547
37608 37963
38026 38168
38172 38300
38304 38453
38457 38518
38568 38571
38628 38879
38902 38903
38967 39030
39042 39127
39134 39391
39407 39559
39601 39751
39776 39943
39991 39993
40045 40537
40544 40662
40691 40693
40736 40803
40817 41028
41031 41080
41083 41169
41210 41343
41402 41533
41557 41702
41817 41888
41929 42021
42053 42343
42391 42393
42422 42566
42614 42904
42951 42953
42970 43072
43075 43149
43189 43313
43339 43390
43587 43814
43827 43828
43870 43941
43971 44362
44396 44580
44625 44855
44871 45003
45024 45165
45184 45186
45210 45411
45513 45841
45946 46215
46252 46253
46302 46351
46361 46561
46625 46765
46772 46929
47004 47124
47235 47369
47417 47420
47470 47762
47823 47948
47967 48162
48223 48372
48457 48571
48622 48740
48757 48860
48889 48890
48923 49212
49283 49398
49422 50022
50126 50388
50400 50475
50562 50780
50926 51082
51102 51497
51545 51821
51858 51860
51911 51966
51969 52167
52205 52525
52544 52546
52595 52796
52848 53333
53470 53775
53778 53855
53882 53883
53923 54019
54037 54237
54317 54429
54432 54489
54494 54613
54654 54656
54688 54819
54828 54994
55019 55124
55192 55254
55285 55629
55720 55851
55858 55860
55900 56042
56045 56099
56180 56480
56589 56790
56851 57026
57036 57068
57104 57209
57225 57284
57298 57300
57318 57489
57573 57804
57862 58015
58035 58328
58405 58682
58799 58885
