53 237
354 448
453 1072
1115 1476
1523 1525
1577 1896
1921 2097
2100 2232
2237 2337
2429 2893
2906 2907
2926 2999
3006 3168
3171 3497
3563 3778
3804 4372
4397 4514
4532 4535
4586 4869
4872 5060
5063 5249
5296 5317
5320 5773
5776 5852
5874 5875
5888 6064
6067 6347
6350 6468
6571 6925
6954 7069
7072 7116
7119 7291
7305 7306
7320 7555
7558 7574
7583 7676
7695 7763
7767 8017
8100 8195
8198 8444
8447 8625
8652 8763
8777 8778
8794 9075
9078 9293
9387 9456
9459 9899
9932 10256
10263 10266
10279 10292
10295 10493
10590 10867
10873 10918
10921 10993
11052 11135
11138 11244
11272 11536
11541 11629
11635 11759
11802 11803
11852 12139
12185 12390
12393 12414
12418 12469
12472 12543
12659 12987
12998 13000
13012 13299
13351 13632
13662 14090
14128 14337
14345 14347
14357 14646
14668 14963
14989 15140
15144 15196
15199 15414
15439 15686
15782 15917
15924 15926
15936 16082
16085 16148
16151 16323
16330 16437
16468 16673
16760 17013
17016 17061
17095 17214
17228 17230
17248 17452
17455 17542
17637 17840
17851 18028
18053 18211
18292 18589
18593 18641
18649 18651
18689 18771
18774 18917
18921 18987
18990 19026
19029 19070
19104 19223
19250 19397
19404 19434
19437 19480
19483 19523
19526 19621
19681 20077
20088 20090
20114 20205
20212 20380
20383 20466
20559 20886
20889 21147
21150 21228
21259 21464
21467 21666
21676 21677
21690 21958
22051 22292
22317 22408
22412 22480
22483 22772
22816 22966
22969 23027
23066 23068
23109 23355
23381 23608
23623 23775
23778 23826
23830 23901
23931 24138
24141 24298
24344 24346
24397 24524
24527 24850
24854 24898
24930 25090
25120 25439
25488 25490
25544 25570
25573 25663
25667 25686
25689 25733
25736 26068
26101 26164
26167 26270
26288 26472
26475 26533
26550 26578
26675 26889
26925 26926
26965 27159
27169 27340
27364 27625
27717 27918
27924 28117
28122 28163
28187 28415
28458 28461
28502 28763
28788 28888
28893 29193
29216 29363
29366 29479
29521 29522
29576 29674
29681 29923
29943 30041
30072 30212
30238 30306
30333 30399
30402 30482
30508 30643
30646 30879
30905 30907
30937 31082
31085 31476
31480 31558
31600 31795
31798 31849
31852 32013
32105 32496
32503 32505
32516 32601
32604 32657
32660 32741
32766 32885
32921 33231
33256 33370
33373 33833
33847 33848
33865 33957
33960 34043
34048 34154
34236 34308
34311 34471
34474 34719
34744 34865
34868 34901
34904 35012
35059 35181
35186 35188
35205 35655
35736 35778
35781 35971
35994 36198
36203 36274
36279 36345
36369 36538
36544 36596
36611 36613
36636 36807
36823 37297
37319 37446
37452 37612
37680 37854
37857 37976
37979 38108
38143 38146
38185 38236
38242 38518
38584 38964
39008 39010
39030 39221
39225 39345
39348 39525
39663 39711
39714 39878
39899 40074
40077 40191
40224 40469
40508 40510
40551 40793
40796 40840
40847 40861
40868 40900
40922 41022
41126 41542
41545 41597
41623 41816
41823 41823
41834 41912
41916 42120
42154 42401
42493 42561
42564 42632
42658 43065
43077 43080
43096 43235
43244 43458
43575 43716
43738 43970
43980 44165
44171 44222
44267 44268
44317 44441
44453 44748
44825 45271
45277 45447
45465 45468
45503 45627
45665 45680
45685 45795
45798 45866
45869 45984
45998 46113
46123 46195
46236 46498
46502 46593
46631 46632
46674 46886
46889 46946
46952 47151
47158 47226
47308 47507
47510 47674
47703 47882
47887 48002
48038 48083
48095 48097
48112 48240
48260 48370
48385 48483
48521 48864
48869 49084
49217 49482
49508 49653
49664 49666
49681 49823
49854 49947
49950 49992
50051 50073
50076 50465
50472 50655
50658 50723
50726 50761
50823 51240
51255 51257
51279 51533
51536 51610
51651 51693
51713 52000
52023 52123
52126 52197
52289 52408
52443 52709
52722 52723
52740 52995
53165 53430
53453 53746
53790 54040
54045 54047
54060 54125
54135 54194
54197 54450
54489 54661
54664 54855
54950 55278
55281 55457
55469 55471
55485 55647
55783 56001
56030 56369
56405 56406
56450 56745
56776 56778
56818 56943
56954 57049
57052 57124
57143 57260
57263 57471
57491 57501
57549 57794
57797 58126
58142 58145
58163 58350
58368 58402
58409 58600
58605 58749
58821 58961
58964 59086
59092 59182
59210 59233
59239 59618
