34 288
291 357
408 612
617 669
700 905
944 1035
1038 1068
1071 1284
1326 1464
1496 1648
1665 1666
1684 1873
1876 2072
2296 2505
2527 2811
2840 2842
2855 3037
3142 3287
3290 3378
3385 3564
3595 3746
3749 4003
4037 4040
4057 4199
4240 4437
4546 4903
4935 5051
5071 5175
5217 5218
5240 5507
5511 5633
5723 5857
5905 5907
5934 6028
6031 6120
6161 6335
6395 6625
6630 6783
6799 6944
6983 7236
7279 7453
7465 7466
7477 7553
7557 7630
7636 7808
7883 7979
7983 8043
8073 8103
8106 8215
8234 8339
8343 8399
8418 8601
8640 8975
8990 8992
9018 9284
9368 9446
9477 9688
9692 9909
9948 10136
10139 10222
10269 10271
10322 10485
10572 10645
10676 10791
10811 10886
10901 10983
11046 11118
11121 11206
11209 11340
11387 11433
11439 11517
11543 11646
11658 11660
11695 11889
11916 11990
11995 12061
12148 12377
12424 12571
12609 12843
12872 12873
12923 13232
13235 13334
13339 13395
13422 13423
13476 13724
13747 13942
13976 14288
14357 14509
14587 14686
14740 14817
14836 14838
14892 15132
15163 15342
15345 15392
15396 15494
15585 15876
15904 16093
16111 16113
16165 16275
16284 16678
16776 16963
16982 17007
17010 17259
17266 17417
17466 17468
17521 17876
17921 18031
18047 18048
18096 18362
18403 18607
18640 18643
18674 18774
18777 18991
19023 19272
19275 19368
19438 19532
19556 19843
19880 20085
20093 20095
20116 20293
20330 20515
20552 20620
20624 20716
20771 20842
20846 20998
21038 21061
21064 21118
21131 21393
21422 21505
21511 21661
21706 21707
21762 21817
21820 21989
21996 22061
22121 22322
22350 22604
22671 23054
23090 23091
23129 23333
23360 23394
23400 23433
23448 23634
23638 23691
23712 23715
23749 23763
23767 23890
23921 24060
24109 24279
24353 24429
24467 24814
24841 24942
24954 25062
25084 25255
25285 25286
25325 25401
25410 25566
25625 25772
25938 26023
26059 26181
26184 26283
26321 26608
26654 26656
26699 27006
27047 27134
27138 27234
27256 27257
27305 27483
27486 27579
27622 27734
27754 27892
27996 28475
28528 28673
28683 28686
28695 28837
28867 29035
29166 29225
29228 29291
29328 29373
29388 29445
29448 29498
29557 29613
29616 29645
29656 29767
30104 30231
30249 30251
30303 30674
30721 30722
30737 31050
31131 31374
31407 31626
31657 31854
31931 32139
32160 32296
32325 32327
32354 32515
32541 32657
32699 32862
32878 32897
32900 33077
33178 33344
33365 33489
33492 33601
33606 33768
33786 33787
33811 33966
33969 34047
34050 34171
34200 34277
34284 34395
34541 34668
34671 34825
34925 34990
35002 35175
35193 35196
35236 35418
35469 35644
35676 35889
35892 36011
36189 36487
36510 36511
36542 36775
36793 36924
36927 37019
37128 37255
37276 37446
37524 37631
37634 37753
37768 37938
37958 37961
37983 38121
38124 38236
38239 38485
38520 38546
38553 38728
38758 38760
38775 38979
38982 39149
39153 39309
39445 39555
39558 39580
39585 39704
39743 39895
39937 40013
40036 40135
40181 40365
40412 40413
40464 40537
40540 40679
40734 41071
41103 41283
41350 41445
41458 41657
41676 41875
41910 41912
41951 42105
42129 42272
42278 42431
42524 42725
42787 42894
42897 43032
43035 43121
43156 43444
43458 43461
43477 43618
43631 43757
43794 43835
43854 43995
44060 44169
44173 44344
44402 44641
44650 44651
44664 44838
44860 44952
44955 44973
44976 45133
45175 45410
45416 45575
45679 45904
45907 46076
46094 46096
46117 46403
46425 46537
46541 46594
46703 46935
46941 46943
46965 47109
47129 47216
47314 47411
47452 47746
47782 48009
48062 48255
48306 48307
48359 48475
48482 48655
48712 48866
48896 49075
49078 49157
49165 49333
49382 49385
49436 49915
49963 49983
49991 50179
50185 50186
50236 50498
50544 50601
50604 50775
50788 50849
50852 50885
50888 51113
51133 51135
51154 51289
51349 51739
51820 51948
51952 52042
52057 52198
52201 52231
52304 52419
52422 52519
52547 52686
52706 52707
52750 52811
52814 52946
52970 53102
53196 53485
53519 53598
53601 53658
53661 53781
53862 53984
53987 54098
54131 54133
54171 54268
54322 54450
54455 54521
54525 54633
54636 54669
54672 54761
54823 54928
54990 55207
55213 55358
55397 55501
55537 55540
55576 55700
55703 55735
55738 55798
55851 55962
55985 56051
56057 56121
56185 56478
56533 56694
56697 56832
56848 56993
57002 57003
57017 57164
57174 57335
57432 57549
57553 57709
57737 57974
58043 58163
58166 58333
58352 58353
58376 58646
58684 58879
58918 59011
59014 59144
59208 59475
59561 59609
59612 59917
