31 85
259 305
308 480
499 624
628 774
798 925
944 1030
1036 1103
1250 1317
1320 1466
1469 1569
1582 1583
1596 1900
1926 2118
2152 2216
2219 2332
2375 2502
2519 2641
2663 2847
2891 3094
3106 3108
3124 3227
3230 3370
3404 3478
3486 3602
3637 3700
3703 3819
3943 4040
4043 4232
4306 4524
4533 4536
4547 4637
4645 4716
4719 4826
4939 5216
5283 5395
5418 5565
5630 5694
5708 5789
5794 5919
5967 5968
6019 6057
6197 6310
6332 6425
6428 6597
6647 6765
6786 7017
7031 7032
7047 7087
7090 7319
7327 7328
7352 7416
7432 7507
7521 7554
7559 7618
7640 7848
7885 7933
7937 8027
8048 8270
8279 8281
8305 8621
8645 8795
8829 8899
8916 8964
8967 9037
9058 9201
9212 9213
9240 9356
9601 9655
9793 9890
9893 9968
9973 10020
10025 10078
10086 10135
10138 10249
10252 10349
10383 10386
10398 10504
10523 10584
10603 10816
10935 10962
10974 11267
11294 11349
11358 11410
11414 11467
11479 11607
11630 11820
11840 11841
11865 12048
12082 12256
12272 12412
12437 12651
12739 12787
12799 12907
12912 12950
12974 13022
13038 13113
13160 13162
13214 13286
13299 13450
13464 13508
13523 13676
13694 13869
13906 13970
13974 14150
14166 14247
14264 14319
14336 14486
14505 14506
14532 14623
14632 14780
14833 15117
15135 15350
15367 15522
15569 15624
15634 15965
15987 15990
16013 16077
16080 16158
16161 16272
16295 16598
16611 16612
16623 16808
16832 17074
17107 17279
17302 17348
17366 17447
17471 17578
17631 17687
17690 17854
17860 17904
17907 17990
18001 18002
18017 18248
18301 18376
18380 18605
18608 18701
18727 18730
18742 18789
18797 18894
18915 18973
18976 19181
19214 19476
19527 19622
19647 19781
19786 19895
20070 20198
20206 20207
20217 20365
20404 20511
20514 20581
20611 20667
20670 20733
20736 20812
20835 20975
20993 21054
21058 21137
21176 21232
21235 21393
21397 21486
21529 21756
21765 21767
21779 21971
21996 22140
22164 22419
22448 22534
22545 22577
22580 22691
22749 22834
22873 23041
23054 23056
23074 23259
23285 23447
23476 23740
23743 23782
23791 23880
23948 24051
24082 24135
24138 24200
24237 24340
24354 24390
24393 24666
24767 24911
24924 24926
24934 25019
25048 25359
25368 25481
25524 25598
25621 25849
25875 26065
26086 26259
26286 26416
26426 26427
26437 26617
26640 26805
26831 26890
26917 27062
27452 27518
27631 27723
27726 27755
27761 27856
27867 27868
27883 28134
28137 28166
28218 28374
28382 28469
28531 28659
28680 28937
28952 28993
28996 29038
29041 29202
29227 29325
29335 29338
29352 29510
29643 29850
29871 30019
30034 30171
30211 30506
30548 30686
30713 30864
30873 30875
30887 30952
30955 31026
31042 31260
31283 31514
31539 31564
31567 31622
31659 31717
31720 31800
31813 31920
31923 31998
32206 32409
32421 32422
32437 32636
32801 32905
32922 32973
32976 33025
33029 33106
33110 33188
33227 33360
33367 33437
33440 33494
33497 33576
33617 33758
33761 33816
33825 33827
33837 34012
34051 34220
34245 34443
34480 34662
34682 34742
34748 34817
34877 35084
35108 35161
35164 35314
35328 35330
35350 35606
35609 35698
35731 35899
35918 36146
36162 36203
36233 36300
36427 36502
36508 36622
36625 36626
36635 36984
37007 37064
37080 37129
37150 37221
37244 37321
37325 37395
37483 37611
37614 37701
37704 37838
37862 37863
37888 37923
37933 38066
38069 38138
38141 38271
38413 38667
38718 38740
38747 38976
38993 39192
39216 39218
39248 39352
39357 39458
39484 39633
39656 39816
39893 40011
40014 40149
40188 40276
40291 40340
40343 40440
40460 40686
40719 40721
40755 40844
40847 40941
40982 41314
41360 41662
41685 41909
41956 42226
42232 42233
42255 42318
42336 42491
42553 42718
42741 42835
42840 42970
42990 43249
43286 43377
43384 43442
43445 43496
43499 43541
43560 43613
43642 43810
43858 43861
43913 44078
44096 44226
44234 44261
44270 44547
44594 44665
44685 44842
44845 44949
45001 45087
45107 45175
45201 45283
45288 45376
45421 45422
45469 45593
45599 45722
45757 45811
45814 45910
45937 46047
46058 46091
46094 46208
46264 46375
46410 46458
46495 46552
46555 46619
46623 46677
46698 46748
46795 46868
46917 46920
46971 47036
47109 47166
47179 47352
47389 47569
47572 47646
47697 47723
47726 47897
47903 48030
48061 48144
48164 48249
48295 48296
48343 48405
48424 48544
48559 48704
48770 48921
48924 49080
49121 49381
49416 49506
49509 49658
49670 49672
49685 49923
49945 50036
50087 50412
50440 50501
50531 50605
50620 50698
50746 50748
50765 50937
50991 51172
51193 51485
51511 51660
51724 51803
51806 51889
51892 52010
52021 52022
52031 52121
52135 52323
52466 52540
52543 52669
52699 52806
52821 53045
53073 53199
53205 53302
53310 53312
53323 53412
53427 53508
53512 53587
53604 53875
53881 54009
54012 54131
54170 54340
54355 54446
54451 54624
54664 54775
54778 54781
54790 54916
54938 55007
55010 55193
55287 55536
55550 55671
55686 55977
55980 56061
56089 56164
56169 56234
56237 56312
56327 56328
56346 56419
56424 56529
56563 56758
56765 56845
56883 57005
57022 57038
57041 57126
57141 57250
57253 57409
57446 57551
57559 57669
57694 57760
57763 57802
57808 57846
57861 57863
57880 58239
58275 58298
58301 58465
58490 58679
58704 58720
58723 58815
58879 59021
59024 59054
59059 59139
59176 59194
59199 59274
59345 59356
