40 108
127 196
272 409
507 641
644 863
952 1025
1060 1153
1187 1274
1309 1311
1350 1519
1525 1664
1740 1825
1868 2036
2126 2203
2206 2319
2364 2366
2419 2635
2679 2750
2757 2857
2941 3016
3048 3175
3218 3286
3293 3528
3591 3711
3714 3744
3748 3848
3894 3896
3948 4056
4077 4184
4300 4353
4373 4469
4515 4728
4789 4924
4975 5064
5108 5184
5319 5427
5471 5472
5510 5593
5621 5734
5752 5850
5934 6051
6105 6245
6273 6372
6432 6624
6690 6913
6954 7015
7034 7036
7063 7137
7162 7225
7228 7346
7497 7543
7575 7837
7860 8019
8059 8240
8299 8396
8442 8445
8496 8611
8614 8669
8679 8771
8805 8901
8974 9036
9039 9164
9200 9261
9264 9343
9347 9428
9492 9728
9813 9877
9880 9954
9969 9971
9990 10201
10271 10403
10408 10545
10554 10576
10580 10684
10792 10855
10872 10946
11005 11218
11243 11245
11291 11472
11475 11571
11659 11903
11907 11978
12097 12149
12172 12268
12359 12400
12403 12484
12571 12622
12632 12717
12738 12740
12776 12907
12982 13033
13050 13120
13175 13369
13373 13457
13552 13592
13626 13693
13728 13908
13949 14166
14199 14201
14238 14308
14324 14378
14414 14524
14588 14683
14711 14847
14987 15048
15051 15168
15209 15271
15336 15475
15527 15676
15722 15723
15774 15948
15954 16170
16204 16321
16367 16464
16538 16648
16654 16701
16790 16893
16899 16901
16952 17083
17091 17264
17325 17420
17468 17470
17499 17573
17603 17673
17782 17878
17955 18137
18147 18210
18255 18398
18435 18593
18703 18727
18733 18843
18858 18860
18876 18933
18939 19066
19081 19216
19252 19287
19290 19344
19431 19523
19543 19594
19599 19654
19716 19887
19962 20055
20168 20214
20228 20230
20248 20612
20631 20756
20872 20918
20927 21080
21087 21195
21220 21349
21452 21595
21634 21712
21719 21721
21733 21946
22001 22024
22027 22148
22246 22367
22378 22518
22521 22613
22695 22772
22795 22870
22956 23143
23205 23269
23285 23286
23309 23470
23473 23556
23646 23900
23945 24176
24216 24218
24233 24323
24348 24447
24450 24580
24620 24694
24722 24897
24988 25075
25081 25083
25128 25241
25251 25490
25534 25654
25731 25800
25817 25974
26011 26147
26215 26338
26379 26381
26426 26596
26607 26728
26828 26876
26901 26964
27004 27118
27123 27209
27298 27508
27561 27674
27720 27721
27739 27971
28086 28178
28211 28372
28437 28535
28575 28669
28683 28802
28911 29077
29134 29212
29223 29226
29240 29298
29301 29391
29471 29722
29789 29987
30123 30173
30196 30241
30245 30320
30373 30449
30456 30577
30646 30719
30748 30799
30814 30816
30866 31003
31139 31214
31228 31389
31475 31609
31614 31721
31869 31970
32023 32123
32251 32340
32350 32351
32362 32558
32630 32779
32848 32944
33050 33251
33386 33606
33670 33780
33827 33828
33878 34124
34187 34269
34272 34334
34367 34438
34523 34570
34619 34717
34720 34907
34937 34938
34973 35173
35179 35272
35285 35384
35561 35775
35822 35986
36063 36136
36143 36229
36247 36383
36432 36435
36478 36709
36720 36831
36838 36913
37026 37116
37188 37392
37457 37516
37528 37588
37669 37849
37879 37880
37915 37999
38013 38047
38182 38267
38283 38524
38572 38689
38712 38826
38899 38991
38999 39152
39187 39320
39367 39368
39394 39487
39556 39616
39642 39794
39797 39858
39907 40003
40099 40170
40175 40332
40384 40445
40456 40567
40595 40722
40755 40757
40793 40848
40860 40955
41017 41093
41198 41333
41341 41419
41425 41540
41592 41812
41851 41932
41935 42016
42057 42224
42263 42265
42309 42368
42377 42475
42538 42645
42745 43009
43113 43242
43301 43482
43627 43761
43801 43802
43843 43938
44069 44246
44255 44363
44435 44609
44622 44853
45007 45268
45297 45300
45329 45369
45422 45600
45706 45853
45905 45946
45965 46077
46144 46192
46218 46336
46433 46553
46625 46652
46697 46836
46862 46863
46892 46992
46995 47038
47042 47158
47249 47336
47380 47434
47497 47604
47616 47651
47773 47937
47997 48099
48173 48316
48326 48327
48342 48481
48583 48708
48717 48879
48977 49000
49035 49105
49162 49312
49355 49484
49506 49642
49685 49687
49709 49786
49862 50160
50228 50384
50484 50582
50586 50649
50677 50822
50904 51000
51026 51060
51067 51181
51209 51211
51245 51297
51304 51383
51410 51560
51604 51675
51687 51754
51859 52009
52069 52243
52324 52497
52504 52588
52591 52650
52667 52740
52789 52791
52843 52925
52932 53107
53158 53260
53336 53453
53471 53607
53698 53876
53938 54117
54150 54151
54186 54344
54362 54534
54607 54713
54799 54992
55066 55189
55211 55338
55344 55452
55498 55500
55552 55776
55818 55892
55897 56002
56035 56109
56120 56198
56235 56319
56345 56418
56517 56835
56860 56862
56895 57055
57083 57307
57417 57514
57567 57749
57880 58094
58110 58263
58315 58411
58444 58446
58483 58541
58547 58677
58757 58893
58959 59046
59089 59201
59235 59317
59387 59613
59697 59757
59807 59928
