21 94
232 367
382 483
517 629
632 684
694 841
891 1105
1134 1422
1457 1458
1493 1763
1781 1881
1891 1982
1988 2084
2094 2173
2279 2674
2677 2801
2838 2840
2881 3067
3107 3431
3489 3647
3654 3854
3905 4005
4008 4176
4181 4251
4254 4335
4348 4350
4371 4532
4621 4714
4717 4797
4801 5148
5232 5315
5318 5481
5488 5570
5573 5694
5714 5881
5928 5930
5958 6358
6414 6727
6786 6978
6981 7054
7097 7279
7324 7326
7374 7600
7603 7669
7705 7874
7944 8064
8067 8300
8339 8614
8659 8736
8741 8916
8920 8962
8984 8986
9003 9267
9272 9312
9339 9585
9603 9732
9806 9977
9980 10064
10107 10488
10501 10502
10520 10582
10586 10877
10936 11085
11195 11311
11323 11442
11475 11681
11728 11984
12000 12059
12104 12106
12155 12332
12362 12557
12644 12851
12882 13063
13104 13305
13326 13439
13450 13452
13469 13796
13825 14183
14201 14361
14391 14593
14598 14793
14825 14827
14862 14971
14974 15174
15244 15381
15423 15553
15585 15687
15720 15913
15987 16119
16122 16271
16291 16293
16315 16375
16378 16601
16636 16839
16909 17117
17141 17300
17327 17421
17488 17725
17731 17802
17810 17875
17907 17908
17942 18191
18263 18380
18386 18522
18552 18676
18679 18836
18876 19247
19267 19474
19521 19523
19575 19728
19731 19874
19877 20065
20138 20346
20372 20485
20500 20502
20513 20681
20690 20832
20835 21015
21023 21277
21340 21513
21542 21734
21750 21751
21768 22021
22024 22097
22130 22242
22291 22447
22482 22571
22602 22748
22782 22949
22952 23184
23220 23222
23265 23394
23456 23889
23893 24107
24168 24223
24226 24338
24395 24591
24603 24605
24624 24858
24910 24999
25002 25124
25161 25163
25190 25588
25620 25876
25908 26239
26243 26479
26536 26576
26607 26723
26730 26732
26761 27124
27165 27434
27468 27692
27724 27948
27982 28157
28175 28264
28285 28287
28313 28503
28527 28638
28665 28826
28832 28894
29012 29350
29378 29681
29691 29692
29707 30074
30112 30333
30373 30376
30395 30557
30563 30631
30636 30808
30811 30973
31021 31180
31207 31405
31408 31463
31488 31488
31498 31828
31867 32062
32199 32392
32395 32633
32674 32954
32958 33039
33056 33058
33094 33249
33331 33531
33567 33651
33657 33984
33989 34026
34096 34193
34196 34302
34328 34330
34359 34512
34517 34657
34778 35047
35105 35270
35305 35511
35535 35653
35684 35810
35837 35838
35854 36057
36100 36399
36459 36700
36759 36936
36940 36964
36969 37000
37020 37087
37110 37112
37124 37188
37196 37485
37488 37524
37585 37672
37677 37766
37774 37864
37867 37988
38028 38330
38381 38507
38511 38622
38634 38636
38656 38838
38848 38851
38890 39063
39107 39252
39265 39472
39495 39722
39732 39795
39897 40140
40143 40208
40232 40342
40356 40357
40373 40471
40534 40787
40851 41050
41055 41133
41142 41143
41190 41262
41267 41362
41410 41548
41580 41676
41679 41798
41829 41992
42047 42219
42264 42563
42605 42607
42627 42850
42856 43202
43234 43328
43364 43499
43530 43663
43729 43929
43938 44027
44033 44103
44151 44153
44203 44400
44424 44625
44669 44842
44890 45046
45085 45219
45224 45358
45369 45371
45389 45514
45517 45597
45603 45762
45838 46136
46194 46420
46452 46761
46802 46925
46933 46935
46949 47157
47184 47267
47270 47338
47370 47527
47550 47565
47576 47882
47962 48157
48181 48306
48328 48330
48349 48625
48657 48771
48825 48969
48973 49131
49157 49407
49448 49572
49575 49675
49711 49797
49802 49971
49990 49991
50010 50386
50425 50521
50524 50599
50608 50926
50963 51081
51138 51399
51411 51413
51429 51582
51614 51712
51716 51999
52065 52184
52187 52268
52313 52418
52461 52656
52669 52671
52690 52755
52778 52842
52884 52957
52981 53053
53056 53095
53182 53553
53622 53895
53925 53926
53959 54324
54389 54756
54803 54914
54919 55177
55209 55351
55359 55361
55379 55558
55659 55871
55874 55926
55929 56028
56036 56244
56353 56603
56610 56701
56734 56736
56755 57084
57106 57207
57223 57348
57438 57622
57628 57820
57903 58022
58038 58126
58160 58268
58305 58306
58347 58629
58699 58802
58830 58881
58895 58977
59027 59356
59377 59574
