27 121
145 343
481 692
733 943
996 1245
1276 1478
1494 1496
1517 1724
1730 1831
1866 1867
1884 2004
2007 2264
2325 2763
2795 3011
3040 3041
3059 3327
3372 3373
3405 3706
3735 3868
3946 4167
4192 4387
4474 4852
4887 4890
4926 5179
5261 5353
5356 5563
5594 5846
5902 6208
6253 6533
6553 6555
6603 6769
6800 6932
6972 7099
7205 7382
7414 7593
7628 7753
7823 7859
7862 7984
8015 8017
8051 8168
8207 8339
8461 8764
8796 9004
9065 9239
9286 9498
9517 9518
9539 9719
9765 10042
10074 10284
10347 10501
10504 10549
10552 10754
10816 10961
10978 10981
11005 11313
11352 11467
11493 11541
11545 11793
11826 11963
11973 12172
12219 12221
12258 12410
12454 12741
12772 13004
13117 13282
13331 13491
13494 13593
13632 13633
13657 13797
13835 13948
13951 14172
14320 14504
14528 14656
14711 15072
15113 15115
15158 15373
15404 15608
15627 15717
15738 15740
15791 15947
16000 16073
16093 16095
16118 16352
16434 16646
16752 16916
16962 17099
17102 17233
17256 17257
17293 17452
17455 17592
17625 17706
17741 17941
17951 17953
18006 18138
18178 18458
18507 18681
18725 19105
19131 19133
19168 19328
19367 19807
19938 20181
20234 20428
20459 20594
20624 20626
20654 20810
20870 21092
21105 21107
21124 21337
21369 21371
21425 21632
21709 21894
21924 21926
21972 22095
22101 22231
22291 22482
22485 22721
22750 22930
22990 23197
23230 23396
23425 23426
23480 23790
23821 24201
24280 24454
24494 24868
24902 24903
24923 25160
25219 25585
25605 25607
25660 25816
25849 26283
26324 26575
26606 26817
26923 27145
27170 27172
27224 27423
27458 27637
27668 27805
27817 27927
28003 28104
28109 28210
28285 28496
28524 28685
28716 28718
28755 28912
28940 29087
29106 29108
29158 29440
29523 29733
29763 29868
29871 30085
30179 30463
30501 30503
30544 30707
30752 31081
31144 31347
31438 31640
31665 31890
31921 31922
31951 32069
32078 32357
32360 32516
32632 32755
32779 32849
32852 32953
33008 33154
33169 33271
33363 33490
33509 33511
33533 33728
33800 33931
33942 34133
34214 34557
34617 34847
34896 34898
34926 35111
35149 35223
35226 35436
35504 35880
35915 36036
36050 36172
36236 36374
36386 36388
36407 36566
36637 36853
36862 36956
36970 36972
37003 37196
37207 37208
37231 37360
37440 37769
37851 38182
38280 38669
38685 38688
38707 38875
38909 39104
39235 39401
39415 39417
39432 39819
39825 39876
39884 39886
39917 40038
40044 40200
40214 40216
40243 40503
40552 40568
40572 40773
40822 40989
41017 41029
41032 41248
41286 41287
41324 41640
41664 41666
41686 42164
42229 42408
42411 42775
42841 42921
42925 43116
43131 43132
43149 43427
43430 43511
43579 43698
43706 43792
43834 43935
43943 44003
44138 44430
44446 44448
44464 44581
44587 44763
44768 44900
44986 45301
45330 45450
45453 45571
45690 45890
45959 46100
46110 46112
46149 46289
46312 46313
46345 46525
46645 46918
46968 47288
47305 47678
47681 47796
47828 47831
47864 48111
48137 48355
48442 48548
48594 48766
48836 49083
49128 49289
49300 49301
49316 49561
49565 49667
49698 49952
50055 50096
50102 50171
50174 50244
50296 50460
50495 50713
50716 50847
50874 50876
50907 51082
51130 51525
51578 51825
51862 52235
52265 52266
52301 52527
52589 52856
52965 53105
53124 53284
53294 53461
53464 53608
53642 53643
53678 53833
53849 54122
54232 54338
54374 54528
54560 54720
54749 54751
54783 55039
55080 55255
55260 55317
55399 55474
55482 55674
55710 56008
56031 56033
56059 56260
56270 56329
56333 56393
56485 56640
56646 56854
56898 57018
57157 57319
57362 57573
57588 57591
57610 57826
57929 58057
58073 58213
58275 58369
58398 58539
58574 58886
58949 59061
