17 219
247 404
436 704
747 1026
1054 1274
1285 1286
1301 1398
1423 1625
1663 2051
2086 2268
2290 2623
2655 2816
2826 2828
2840 3022
3040 3197
3202 3430
3499 3698
3701 3957
3970 3972
3986 4182
4234 4416
4447 4718
4721 4800
4839 5147
5160 5161
5186 5301
5334 5575
5603 5794
5850 6033
6062 6289
6292 6433
6455 6457
6475 6647
6724 7151
7162 7165
7191 7481
7511 7731
7771 8180
8215 8517
8530 8531
8545 8886
8931 9094
9118 9467
9520 9663
9690 9692
9712 9915
9943 10198
10224 10379
10400 10525
10547 10685
10688 10867
10904 11183
11195 11197
11211 11557
11581 11807
11839 11841
11860 12513
12542 12543
12559 12697
12738 13170
13197 13340
13369 13371
13392 13659
13686 13902
13963 14161
14190 14415
14457 14793
14797 14903
14916 14918
14937 15214
15246 15486
15519 15713
15742 16148
16257 16453
16466 16467
16482 16583
16586 16684
16704 17028
17058 17272
17300 17429
17432 17523
17538 17540
17563 17677
17680 17835
17849 18089
18108 18303
18330 18450
18475 18596
18606 18720
18727 18817
18821 18901
18905 18977
19006 19007
19038 19220
19243 19470
19473 19587
19639 19778
19781 19818
19841 19981
19984 20095
20134 20391
20411 20600
20623 20626
20660 20973
21020 21180
21202 21348
21351 21487
21500 21644
21677 21828
21856 22035
22074 22075
22119 22327
22336 22490
22534 22768
22790 22907
22910 23020
23044 23207
23270 23428
23437 23438
23449 23581
23584 24001
24051 24233
24236 24405
24426 24513
24541 24800
24803 24919
24949 24951
24976 25314
25339 25461
25464 25516
25569 25724
25730 25932
26002 26171
26174 26216
26244 26461
26474 26476
26501 26833
26863 26865
26877 27089
27099 27101
27121 27301
27321 27540
27564 27741
27744 27811
27843 28091
28095 28223
28253 28253
28287 28714
28763 29164
29197 29273
29300 29577
29602 29605
29636 29655
29658 30018
30047 30192
30307 30735
30835 30908
30933 31033
31045 31046
31060 31243
31277 31487
31519 31647
31650 31713
31805 32062
32089 32215
32240 32534
32547 32548
32562 32714
32719 33048
33109 33316
33342 33476
33498 33674
33700 33842
33849 33852
33873 34357
34389 34569
34572 34690
34775 34917
34928 34930
34949 35195
35198 35214
35217 35456
35482 35898
35937 36220
36223 36264
36276 36278
36292 36314
36318 36587
36624 36799
36827 37150
37229 37396
37399 37462
37492 37715
37753 37755
37798 37966
37970 38108
38132 38234
38237 38270
38301 38592
38631 39068
39078 39080
39096 39402
39437 39688
39724 39886
39906 39907
39922 40341
40402 40580
40631 40843
40856 40858
40871 40937
40942 41107
41110 41265
41294 41597
41631 41773
41787 41788
41806 42122
42156 42450
42484 42626
42629 42815
42825 43023
43035 43037
43052 43312
43315 43468
43513 43515
43532 43673
43697 43826
43860 44025
44048 44237
44255 44256
44274 44420
44428 44610
44632 44806
44825 44827
44843 45121
45150 45338
45341 45356
45359 45540
45566 45812
45833 46250
46259 46261
46273 46400
46403 46497
46537 46805
46823 46960
47045 47197
47217 47411
47472 47650
47659 47771
47783 47785
47799 47921
47955 48076
48079 48472
48547 48918
48950 49414
49427 49428
49442 49687
49754 50024
50047 50161
50164 50294
50324 50476
50512 50713
50739 50963
50975 50976
50990 51419
51464 51805
51849 52116
52139 52141
52164 52431
52450 52567
52600 52732
52753 52998
53008 53010
53024 53479
53551 53826
53862 54163
54180 54181
54195 54300
54369 54568
54587 54787
54835 55391
55423 55425
55462 55845
55884 56048
56067 56162
56192 56433
56461 56566
56575 56711
56737 56889
56906 56907
56931 57019
57026 57139
57298 57373
57377 57604
57628 58036
58051 58053
58070 58554
58619 58772
58775 58901
58927 59044
59072 59406
