81 121
126 246
407 743
759 808
828 1063
1112 1330
1363 1561
1599 1745
1748 1929
1997 2080
2083 2248
2251 2318
2368 2677
2690 2814
2903 2967
2984 3116
3166 3339
3344 3444
3501 3540
3557 3670
3698 3836
3869 4001
4069 4263
4270 4326
4338 4386
4409 4538
4588 4658
4665 4740
4743 4836
4845 5065
5118 5216
5226 5312
5424 5426
5439 5596
5703 5801
5884 5945
6010 6117
6187 6309
6384 6418
6476 6543
6695 6696
6703 6872
6875 7004
7163 7202
7205 7365
7424 7684
7848 7920
7951 7972
7979 8050
8062 8209
8271 8356
8359 8415
8457 8513
8518 8564
8581 8761
8869 8910
8919 8942
8945 8997
9023 9105
9238 9334
9400 9561
9569 9705
9708 9895
9918 10140
10176 10274
10386 10681
10717 11006
11092 11103
11106 11241
11244 11300
11327 11368
11371 11476
11506 11836
11839 11919
11971 12096
12105 12201
12207 12360
12373 12860
12956 13015
13038 13101
13104 13168
13226 13364
13368 13616
13767 13874
13879 13966
13993 14120
14134 14333
14411 14648
14652 14788
14812 14941
14944 14976
14997 15011
15020 15090
15114 15414
15417 15617
15767 16158
16211 16411
16421 16545
16603 17024
17079 17251
17271 17354
17357 17512
17533 17608
17634 17780
17815 17874
17877 18012
18029 18196
18218 18440
18553 18602
18648 18744
18845 19065
19092 19111
19127 19249
19278 19316
19319 19405
19412 19449
19452 19503
19655 19662
19676 19815
19884 20094
20237 20240
20305 20362
20365 20390
20405 20570
20632 20678
20706 20869
20873 20946
20949 21062
21103 21245
21296 21362
21447 21516
21540 21710
21851 21912
21915 21975
21997 22107
22133 22247
22270 22340
22348 22454
22524 22665
22786 22881
23042 23155
23208 23429
23437 23546
23549 23657
23773 23956
23975 24002
24005 24107
24177 24284
24355 24419
24434 24594
24659 24687
24690 24807
24843 25012
25050 25239
25250 25350
25383 25404
25408 25590
25632 25642
25659 25725
25754 25878
25907 25908
25941 26030
26033 26131
26165 26196
26216 26374
26436 26558
26620 26820
26956 26985
26988 27079
27084 27202
27205 27282
27370 27603
27686 27815
27850 27946
27973 28005
28017 28060
28149 28189
28206 28270
28399 28401
28411 28458
28469 28525
28586 28673
28781 28829
28884 29018
29069 29317
29321 29338
29341 29449
29509 29730
29736 29834
29874 29999
30002 30121
30146 30291
30327 30389
30398 30471
30550 30649
30674 30921
30960 30999
31002 31108
31135 31270
31273 31606
31678 31775
31778 31797
31804 31909
31938 32054
32062 32187
32262 32470
32478 32595
32642 32903
32923 32971
32974 33075
33145 33304
33307 33344
33371 33466
33482 33629
33713 33908
33923 33940
33943 34014
34044 34195
34366 34509
34512 34612
34643 34705
34729 34742
34745 34809
34812 34859
34865 34909
34916 35018
35072 35128
35243 35329
35353 35425
35428 35479
35553 35575
35579 35704
35849 35883
35928 36110
36174 36403
36447 36597
36618 36783
36886 36935
36971 36995
37116 37165
37169 37230
37350 37380
37401 37487
37544 37710
37809 37999
38038 38191
38201 38251
38377 38799
38825 38986
39017 39137
39197 39235
39238 39400
39543 39688
39703 39837
39940 39970
39973 40020
40024 40126
40145 40504
40532 40740
40794 40947
41021 41291
41352 41425
41443 41521
41539 41596
41632 41676
41719 41848
41851 41957
41978 42097
42143 42238
42242 42281
42300 42410
42431 42433
42464 42559
42651 42652
42655 42874
42898 43078
43125 43417
43420 43422
43448 43558
43575 43631
43653 43763
43784 43974
44003 44136
44139 44276
44332 44485
44497 44606
44623 44730
44806 44993
44996 45056
45084 45354
45394 45626
45662 45680
45684 45779
45782 45935
46044 46144
46186 46270
46394 46516
46558 46594
46700 46775
46836 46939
46961 46996
47040 47214
47240 47411
47536 47558
47754 47854
47880 47969
47988 48189
48303 48557
48711 48840
48867 48961
49063 49125
49148 49245
49270 49401
49424 49519
49550 49668
49767 49887
49921 49991
50064 50166
50169 50184
50195 50249
50305 50365
50383 50454
50531 50595
50608 50645
50650 50703
50746 50796
50901 51111
51141 51235
51334 51427
51462 51537
51693 51840
51921 51983
51986 52055
52090 52173
52225 52354
52398 52468
52501 52613
52640 52750
52839 52909
52915 52967
52970 53020
53024 53089
53164 53166
53169 53349
53405 53450
53483 53595
53669 53909
54026 54027
54035 54131
54174 54235
54319 54458
54518 54598
54627 54708
54912 54915
54922 55040
55080 55165
55319 55395
55398 55511
55529 55679
55708 55773
55875 55992
56036 56070
56073 56164
56167 56209
56348 56466
56469 56651
56713 56822
56902 56903
56916 57017
57051 57115
57119 57180
57188 57292
57358 57513
57591 57638
57666 57782
57796 57850
57872 57982
58112 58269
58372 58495
58500 58587
58606 58768
58833 58887
58891 58946
59012 59190
59225 59227
59277 59344
59349 59363
59366 59410
59419 59436
59439 59513
59518 59573
59641 59681
59685 59832
59835 59971
59990 60047
