17 93
121 178
182 300
312 354
357 421
471 480
483 543
550 732
762 864
877 932
940 971
974 1080
1170 1393
1396 1535
1567 1568
1604 1719
1725 1792
1862 2002
2023 2207
2210 2290
2300 2345
2457 2528
2532 2635
2639 2711
2717 2792
2804 2867
2889 2891
2914 2929
2935 3158
3175 3252
3255 3271
3274 3354
3422 3572
3575 3623
3628 3689
3756 3946
3954 4164
4172 4259
4262 4319
4329 4373
4396 4398
4451 4527
4530 4704
4766 5010
5048 5227
5309 5537
5580 5701
5704 5785
5817 5818
5861 5910
5915 6032
6048 6281
6323 6443
6479 6624
6656 6671
6676 6719
6722 6891
6925 7074
7085 7245
7276 7278
7313 7498
7504 7619
7647 7821
7855 8082
8204 8465
8490 8641
8661 8663
8676 8792
8831 8957
9019 9077
9110 9190
9194 9334
9365 9469
9472 9620
9684 9751
9793 9855
9860 9939
9949 10065
10099 10101
10138 10324
10332 10460
10508 10707
10817 10967
10971 11137
11157 11158
11184 11232
11235 11336
11343 11518
11521 11554
11557 11731
11734 11794
11797 11859
11922 12006
12060 12196
12244 12358
12362 12430
12433 12527
12557 12619
12624 12682
12690 12692
12704 12845
12945 13198
13271 13284
13287 13396
13428 13593
13700 13739
13742 13914
13933 14040
14071 14073
14107 14144
14174 14223
14226 14282
14293 14390
14488 14734
14738 14811
14815 14892
15029 15265
15269 15469
15474 15545
15556 15558
15604 15783
15917 16003
16017 16122
16126 16179
16183 16236
16280 16282
16293 16334
16337 16380
16417 16599
16604 16670
16881 16974
16977 17040
17078 17168
17174 17380
17414 17427
17436 17499
17503 17557
17599 17601
17648 17778
17791 17852
17855 17899
17907 17989
17992 18125
18141 18143
18157 18211
18214 18271
18412 18466
18469 18641
18683 18822
18825 18885
18955 19101
19141 19262
19296 19324
19332 19441
19516 19719
19724 19789
19837 19838
19890 19905
19908 20017
20020 20200
20225 20423
20515 20690
20710 20779
20782 20795
20802 20840
20843 20934
20947 20982
20985 21116
21173 21258
21261 21328
21342 21345
21373 21548
21551 21597
21716 21730
21733 21850
21853 21959
21971 22070
22078 22102
22110 22178
22183 22234
22323 22423
22427 22529
22544 22619
22632 22646
22649 22732
22735 22778
22781 22890
22937 22938
22978 23177
23182 23255
23259 23327
23384 23554
23634 23702
23705 23836
23851 23985
24078 24197
24242 24331
24334 24517
24520 24570
24591 24593
24619 24967
25012 25149
25210 25352
25358 25411
25444 25614
25762 25791
25798 25877
25880 25996
26007 26123
26134 26137
26148 26368
26400 26542
26581 26665
26719 26866
26870 26885
26889 26918
26927 27006
27012 27140
27216 27327
27346 27465
27483 27601
27620 27721
27732 27733
27753 27958
28015 28097
28100 28194
28213 28274
28281 28378
28407 28546
28573 28862
28884 28960
28965 29060
29095 29216
29237 29238
29262 29390
29409 29538
29651 29699
29704 29805
29833 29874
29877 30012
30015 30116
30181 30271
30275 30385
30401 30559
30562 30710
30728 30731
30745 30972
31104 31187
31193 31414
31466 31655
31703 31711
31714 31922
31941 32062
32067 32171
32175 32240
32281 32282
32333 32668
32751 32811
32814 32895
32902 32968
32972 33133
33136 33359
33433 33689
33699 33701
33714 33814
33819 33906
33909 33921
33924 34011
34115 34316
34338 34375
34378 34547
34556 34603
34618 34621
34634 34945
35010 35109
35141 35280
35283 35409
35443 35614
35633 35688
35696 35837
35873 35873
35911 36001
36010 36099
36104 36145
36149 36208
36292 36363
36398 36591
36594 36741
36783 36987
36993 37072
37089 37142
37145 37199
37248 37251
37302 37459
37462 37530
37533 37602
37606 37698
37702 37803
37837 37994
38030 38031
38084 38199
38232 38339
38369 38525
38528 38769
38875 39011
39035 39222
39253 39296
39299 39418
39422 39485
39511 39512
39558 39645
39648 39737
39768 39930
39933 40044
40047 40064
40068 40122
40127 40205
40208 40283
40286 40316
40323 40402
40516 40669
40710 40907
40917 40920
40934 40965
40968 41046
41049 41186
41189 41237
41272 41448
41493 41493
41524 41628
41631 41694
41701 41732
41746 41789
41792 41831
41837 41885
41911 41913
41960 42028
42031 42085
42107 42253
42270 42272
42290 42310
42313 42431
42434 42474
42477 42585
42623 42673
42677 42740
42743 42876
42883 42987
43093 43182
43199 43318
43322 43405
43408 43470
43593 43689
43695 43765
43782 43785
43807 43892
43895 44084
44201 44299
44325 44394
44397 44483
44488 44536
44605 44761
44775 44932
44949 44950
44970 45264
45310 45443
45448 45633
45659 45686
45692 45830
45833 45858
45883 46090
46095 46119
46214 46346
46353 46402
46406 46472
46484 46486
46503 46565
46568 46642
46647 46706
46750 47030
47067 47099
47102 47156
47159 47287
47314 47331
47334 47374
47404 47445
47457 47514
47517 47553
47556 47634
47777 47864
47873 47961
47975 47976
47994 48021
48031 48087
48090 48150
48154 48314
48362 48477
48481 48509
48512 48563
48649 48812
48815 48933
48937 48992
48997 49072
49075 49134
49175 49248
49252 49381
49419 49421
49461 49597
49600 49670
49673 49778
49789 49921
49953 50020
50051 50120
50147 50251
50278 50280
50296 50363
50366 50382
50385 50447
50485 50642
50732 50783
50786 50948
51031 51125
51128 51185
51194 51231
51234 51339
51440 51602
51606 51620
51623 51669
51672 51712
51715 51744
51747 51853
51878 51881
51910 51985
52007 52037
52040 52070
52076 52138
52171 52333
52356 52534
52635 52852
52889 53082
53087 53174
53189 53262
53267 53330
53378 53380
53398 53517
53522 53557
53561 53666
53704 53706
53728 53833
53854 53979
53983 54021
54028 54056
54085 54241
54324 54396
54417 54566
54673 54804
54808 54894
54916 54917
54968 55099
55133 55223
55226 55290
55295 55314
55322 55387
55390 55446
55464 55578
55583 55641
55644 55730
55744 55804
55807 55920
55941 56018
56024 56026
56046 56198
56290 56512
56564 56701
56710 56854
56880 56947
56980 57002
57006 57067
57071 57084
57087 57131
57134 57178
57219 57393
57439 57547
57596 57598
57650 57786
57789 57853
57857 57995
57998 58106
58160 58287
58324 58367
58385 58507
58514 58541
58546 58609
58661 58739
58766 58869
58881 58950
58953 59002
59054 59056
59110 59122
59133 59172
59188 59274
59317 59421
59424 59469
