23 512
528 530
582 702
884 1128
1133 1351
1394 1640
1714 1895
1905 1906
1926 2179
2187 2212
2300 3035
3085 3372
3381 3383
3399 3589
3749 4050
4055 4189
4204 4206
4223 4262
4266 4774
4788 4790
4808 5140
5211 5503
5543 6336
6353 6355
6377 6423
6426 6619
6694 6992
7151 7576
7595 7596
7614 7906
7987 8232
8235 8456
8492 8793
8841 8842
8856 9232
9274 9710
9823 10270
10282 10285
10301 10749
10792 10793
10847 11344
11535 11696
11717 12024
12035 12037
12047 12362
12410 12546
12549 12750
12778 13047
13087 13088
13141 13411
13456 13734
13737 14093
14096 14144
14161 14163
14216 14266
14294 14722
14755 15567
15598 15601
15637 15940
15946 16004
16007 16198
16237 16664
16700 16939
16965 17181
17185 17548
17620 17749
17765 17767
17819 18213
18264 18635
18639 18837
18871 19089
19101 19103
19136 19667
19715 20254
20347 20541
20555 20556
20572 20628
20633 20880
20924 21097
21100 21217
21242 21503
21506 21583
21586 21646
21671 22138
22157 22160
22202 22419
22463 22702
22763 23303
23317 23318
23369 23495
23663 23935
23938 24120
24153 24483
24526 24573
24577 24713
24741 24743
24778 25267
25347 25747
25776 25995
25998 26027
26044 26046
26066 26135
26138 26401
26501 26904
26963 27319
27344 27346
27379 27636
27639 27830
27885 28092
28097 28239
28266 28309
28312 28406
28433 28473
28477 28683
28710 28711
28742 29028
29031 29064
29111 29319
29386 29854
29887 30031
30034 30145
30148 30287
30335 30336
30371 30403
30406 30643
30687 30890
30918 31284
31287 31341
31344 31422
31562 31917
31931 31933
31958 32136
32144 32317
32357 32809
32843 33211
33229 33231
33248 33652
33655 33666
33719 34242
34291 34676
34715 34859
34885 34887
34903 35054
35057 35156
35193 35555
35590 35976
36068 36419
36434 36436
36461 36810
36830 36831
36852 36958
36963 37222
37284 37675
37715 37976
38022 38340
38355 38357
38372 38471
38474 38660
38696 39221
39254 39528
39539 39541
39558 39959
39967 39994
40065 40597
40645 41142
41159 41161
41181 41477
41519 41679
41708 41981
42001 42225
42247 42248
42268 42497
42557 42797
42800 42933
42971 42995
42998 43475
43478 43515
43550 43763
43776 43778
43794 43884
43887 44105
44148 44533
44560 44732
44767 44941
44944 45199
45225 45227
45259 45298
45301 45610
45640 45886
45889 46158
46210 46484
46542 46644
46687 46895
46898 46900
46913 46962
46965 47439
47514 48136
48156 48157
48183 48358
48367 48667
48708 48928
48972 49108
49112 49267
49294 49644
49676 49678
49713 49944
49977 50226
50249 50251
50280 50384
50387 50905
50947 51659
51690 51692
51716 51898
51925 52053
52056 52110
52135 52137
52168 52460
52496 52692
52768 53037
53072 53419
53450 53452
53494 54671
54697 54698
54730 54882
54885 55052
55079 55321
55368 56045
56063 56066
56086 56395
56441 56837
56890 57597
57645 57647
57673 58007
58018 58343
58393 58653
58656 58954
