42 106
146 273
402 565
568 685
718 978
1042 1096
1121 1122
1158 1281
1284 1447
1450 1545
1564 1566
1601 1739
1779 1800
1805 1827
1833 2015
2095 2138
2142 2525
2602 2658
2862 2917
2920 3025
3048 3051
3086 3305
3308 3507
3563 3845
3876 4281
4317 4374
4378 4463
4475 4476
4492 4634
4638 4723
4728 4812
4849 5073
5099 5168
5177 5224
5299 5565
5615 5846
5852 5920
5923 6000
6048 6050
6101 6463
6496 6685
6722 6905
6931 7123
7174 7347
7361 7362
7381 7563
7583 7684
7715 7780
7812 7942
7968 8189
8354 8527
8552 8648
8651 8754
8793 8939
8949 8951
8967 9157
9180 9349
9353 9430
9434 9540
9604 9780
9809 10146
10178 10267
10356 10424
10441 10443
10466 10594
10599 10761
10897 11021
11034 11127
11152 11405
11438 11813
11816 11872
11884 11886
11898 12166
12210 12278
12298 12424
12445 12661
12691 12921
12946 13147
13175 13380
13403 13512
13521 13522
13546 13683
13713 13808
13824 13940
13998 14147
14179 14364
14369 14433
14445 14516
14562 14677
14681 14754
14803 14805
14856 15099
15201 15297
15342 15463
15478 15655
15698 15873
15894 15942
15947 16032
16067 16227
16253 16255
16283 16449
16483 16648
16673 16742
16758 16878
17125 17231
17251 17323
17373 17461
17464 17657
17705 17706
17765 17880
17917 18067
18194 18285
18319 18423
18444 18545
18548 18656
18698 18878
18922 19053
19085 19136
19148 19151
19168 19278
19304 19367
19418 19481
19490 19606
19646 19761
19788 20189
20237 20446
20517 20689
20736 20737
20789 20825
20846 20955
20988 21085
21148 21282
21297 21447
21459 21629
21634 21780
21820 21885
21914 22043
22063 22137
22140 22188
22195 22197
22209 22364
22369 22548
22583 22658
22735 22892
22943 23195
23229 23441
23459 23461
23483 23642
23645 23859
23926 24243
24282 24411
24419 24514
24545 24546
24574 24754
24778 24780
24797 24954
24985 25173
25178 25225
25249 25454
25538 25678
25714 25937
25940 26015
26019 26079
26105 26107
26130 26376
26421 26606
26673 26839
26900 27002
27005 27259
27309 27636
27650 27651
27666 27850
28052 28247
28265 28404
28408 28583
28629 28800
28803 28969
29042 29154
29202 29205
29257 29344
29370 29494
29507 29535
29538 29724
29806 29877
29881 30013
30048 30156
30204 30342
30373 30480
30504 30506
30534 30606
30616 30887
30917 31137
31200 31386
31411 31554
31557 31766
31770 31845
31865 31866
31901 31967
31970 32071
32090 32201
32234 32430
32455 32457
32509 32742
32773 32970
32995 33142
33253 33450
33489 33570
33573 33747
33753 33807
33836 33838
33869 33974
33980 34079
34086 34221
34287 34640
34721 34993
35033 35210
35258 35405
35433 35435
35453 35573
35576 35722
35773 36010
36056 36497
36525 36609
36657 36874
36916 36917
36963 37090
37115 37293
37297 37375
37437 37731
37770 37887
37940 38057
38070 38304
38361 38500
38510 38512
38531 38687
38728 38990
39060 39333
39389 39453
39670 39835
39857 40061
40087 40090
40119 40417
40463 40603
40734 41016
41057 41326
41427 41538
41575 41648
41666 41667
41688 41741
41812 42038
42120 42251
42387 42419
42439 42607
42622 42721
42749 43081
43129 43131
43149 43294
43322 43587
43628 43835
43882 44021
44025 44121
44157 44351
44373 44515
44563 44565
44616 44958
45048 45120
45171 45233
45238 45324
45361 45458
45467 45468
45522 45693
45696 45765
45818 45918
46066 46344
46356 46358
46400 46541
46544 46620
46623 46658
46677 46834
46969 47399
47463 47592
47619 47906
47937 47938
47972 48238
48284 48355
48383 48517
48538 48601
48604 48717
48773 48833
48851 48989
49012 49078
49081 49137
49166 49319
49364 49366
49419 49568
49588 49758
49782 49953
49992 50158
50161 50308
50311 50367
50424 50687
50697 50698
50713 50951
51033 51196
51230 51388
51394 51467
51495 51679
51763 51825
51828 51938
51962 52208
52225 52227
52247 52371
52416 52489
52492 52577
52593 52819
52916 52981
53006 53148
53173 53315
53375 53430
53433 53664
53683 53685
53709 53883
53905 54065
54079 54081
54133 54275
54287 54364
54367 54545
54574 54706
54797 54852
54855 54933
55042 55180
55205 55379
55398 55400
55425 55948
56082 56168
56195 56276
56330 56590
56638 56638
56689 56868
56881 57042
57079 57323
57389 57713
57769 57923
57944 58108
58156 58158
58209 58422
58465 58731
