39 123
162 252
277 423
471 593
682 1030
1095 1345
1348 1394
1427 1428
1468 2072
2205 2374
2411 2700
2731 2733
2775 3103
3138 3421
3456 3767
3834 4159
4200 4202
4240 4390
4425 4605
4642 4787
4868 5248
5256 5382
5460 5594
5607 5608
5627 5937
5972 6194
6287 6537
6618 6848
6905 7141
7157 7160
7185 7453
7491 7705
7754 7939
8012 8459
8474 8476
8500 8794
8903 9330
9373 9562
9635 9852
9868 9868
9890 10085
10162 10533
10536 10627
10711 10929
10983 11129
11141 11143
11198 11448
11499 11797
11828 12011
12084 12469
12479 12481
12501 12679
12682 12745
12841 13271
13301 13413
13467 13795
13828 13830
13871 14157
14221 14372
14422 14678
14713 14868
14928 15114
15119 15249
15292 15293
15350 15569
15602 15722
15754 16085
16176 16357
16382 16547
16594 16759
16796 16798
16841 17053
17115 17314
17317 17368
17388 17390
17409 17666
17747 17912
17967 18346
18391 18392
18415 18654
18721 19043
19072 19075
19123 19390
19435 19610
19711 20074
20113 20251
20309 20435
20443 20443
20496 20686
20691 20693
20747 21106
21161 21413
21429 21431
21451 21568
21573 21742
21825 21970
21998 22241
22252 22361
22402 22530
22579 23015
23027 23030
23052 23282
23315 23570
23658 23844
23884 24052
24111 24275
24320 24489
24523 24525
24567 24770
24807 24897
24911 24952
24956 24989
25094 25233
25244 25459
25534 25748
25825 25932
25955 26010
26019 26082
26124 26125
26169 26454
26544 26907
26971 27056
27060 27230
27243 27362
27405 27613
27654 27656
27707 28035
28055 28057
28083 28349
28455 28786
28800 28802
28848 29089
29122 29249
29300 29481
29514 29762
29800 30022
30027 30028
30048 30632
30719 30955
31025 31302
31341 31487
31517 31520
31559 31695
31740 31953
31956 32066
32069 32087
32095 32360
32446 32827
32855 32856
32891 33197
33205 33308
33376 33431
33435 33489
33531 33819
33879 33930
33957 34018
34033 34035
34062 34444
34497 34707
34743 35004
35076 35352
35399 35401
35455 35854
35913 36182
36251 36423
36497 36666
36672 36837
36845 36846
36893 37050
37055 37188
37214 37349
37426 37772
37843 38026
38065 38217
38233 38306
38344 38346
38393 38458
38470 38598
38647 38853
38859 39041
39051 39053
39086 39303
39306 39367
39370 39600
39676 39944
40004 40330
40356 40358
40397 40482
40534 40631
40658 40781
40836 41218
41241 41516
41555 41681
41697 41698
41723 42044
42083 42312
42398 42554
42579 43000
43055 43161
43170 43172
43190 43428
43526 43744
43763 43938
43955 44059
44088 44165
44168 44200
44297 44516
44553 44704
44743 44745
44772 44980
44984 45152
45197 45408
45498 45949
46007 46292
46335 46336
46388 46619
46655 46861
46914 47067
47094 47096
47123 47240
47249 47363
47457 47667
47719 48094
48114 48116
48151 48300
48327 48499
48575 48869
48979 49162
49203 49563
49599 49600
49645 49841
49882 50154
50207 50403
50491 50670
50726 51039
51052 51146
51181 51182
51228 51473
51539 51773
51793 51796
51833 51974
52049 52327
52404 52883
52929 53195
53198 53291
53304 53306
53331 53596
53618 53777
53780 53821
53828 53866
53945 54199
54246 54524
54556 54649
54652 54653
54667 54923
54954 55059
55078 55081
55100 55165
55169 55317
55336 55467
55499 55712
55741 55972
56021 56359
56406 56441
56444 56663
56674 56676
56696 56897
56943 57091
57138 57258
57276 57415
57436 57566
57604 58107
58118 58120
58140 58583
58622 59026
59050 59051
59085 59249
59299 59583
