49 171
184 324
405 559
562 698
704 821
863 1043
1047 1117
1120 1234
1308 1449
1498 1500
1552 2046
2114 2490
2493 2707
2720 2721
2737 2935
2948 3171
3174 3349
3395 3721
3728 3870
3893 3896
3921 4541
4582 4772
4819 4921
4924 5104
5151 5153
5179 5264
5377 5689
5722 5912
5949 6068
6122 6332
6335 6435
6476 6637
6661 6663
6687 6807
6860 7108
7111 7316
7319 7456
7515 7632
7670 7776
7779 8096
8116 8118
8140 8668
8718 9194
9266 9323
9326 9439
9442 9541
9550 9729
9732 9786
9809 9811
9836 9940
9982 10088
10092 10516
10559 10703
10730 10899
11023 11258
11277 11278
11301 11479
11528 11880
11921 12296
12361 12613
12623 12626
12677 12922
12935 13076
13157 13281
13310 13842
13907 14036
14085 14087
14118 14442
14455 14521
14524 14691
14762 14869
14918 15222
15230 15387
15446 15625
15647 15648
15674 16094
16137 16366
16387 16477
16480 16638
16680 16757
16760 16873
16906 16908
16948 17349
17418 17647
17650 17904
17924 18093
18175 18429
18438 18441
18457 18515
18518 18571
18574 18697
18741 19124
19148 19347
19372 19521
19552 19926
19988 20070
20090 20156
20161 20431
20513 21012
21041 21043
21078 21208
21211 21520
21558 21560
21591 22182
22241 22340
22352 22405
22420 22788
22791 22930
22981 23017
23028 23113
23155 23157
23200 23246
23256 23404
23413 23702
23738 24002
24173 24409
24436 24438
24470 24774
24796 25090
25167 25338
25345 25595
25626 25831
25860 25862
25897 26065
26080 26247
26290 26674
26716 26717
26770 27237
27244 27446
27492 27568
27571 27659
27662 27750
27765 27905
27922 27923
27949 28065
28074 28155
28202 28420
28525 28753
28784 29051
29072 29432
29439 29442
29454 29559
29565 29672
29740 29977
30018 30192
30206 30341
30394 30799
30803 30876
30908 30910
30945 31098
31137 31316
31320 31435
31483 31714
31757 32007
32030 32049
32052 32262
32303 32303
32322 32752
32811 32875
32879 33091
33116 33340
33346 33421
33446 33633
33690 33840
33846 33848
33859 33911
33917 34079
34091 34249
34253 34356
34398 34400
34434 34748
34758 34989
35040 35175
35213 35279
35282 35361
35445 35640
35652 35829
35840 35864
35874 35961
35985 35987
36016 36034
36037 36278
36330 36802
36831 36978
36989 37037
37055 37111
37126 37182
37198 37271
37285 37286
37303 37764
37859 37986
37989 38308
38346 38454
38457 38675
38701 38703
38731 39204
39294 39440
39453 39516
39519 39664
39668 39729
39762 40063
40066 40136
40184 40186
40216 40406
40421 40524
40534 40650
40653 40773
40831 40946
40961 40963
40993 41263
41283 41415
41466 41734
41748 41985
41989 42115
42138 42141
42165 42364
42367 42521
42604 42746
42785 43008
43022 43125
43177 43519
43554 43555
43596 43975
43986 44117
44184 44319
44328 44413
44591 44810
44841 44920
44967 44968
45020 45416
45531 45906
45970 46116
46148 46255
46304 46307
46348 46544
46580 46690
46805 47030
47033 47178
47238 47494
47533 47679
47726 47728
47779 47922
47964 48267
48312 48459
48464 48536
48544 48674
48726 49013
49078 49235
49253 49255
49278 49382
49432 49510
49513 49575
49733 49779
49782 49935
49938 50030
50169 50458
50477 50478
50511 50666
50731 50870
50875 51043
51073 51172
51175 51319
51322 51403
51434 51565
51568 51588
51593 51778
51877 51993
52032 52035
52054 52251
52323 52396
52399 52532
52568 52651
52674 52751
52755 52848
52869 52910
52920 52921
52930 53111
53160 53219
53224 53417
53443 53531
53534 53792
53816 54010
54082 54526
54540 54542
54593 54760
54786 55199
55258 55569
55609 55782
55839 56092
56104 56106
56122 56392
56449 56631
56638 56882
56932 57108
57111 57135
57138 57498
57537 57538
57589 57757
57791 58076
58122 58202
58220 58797
