22 119
137 295
432 716
785 987
1029 1130
1168 1439
1481 1483
1532 1907
1950 2019
2024 2158
2204 2400
2430 2567
2687 2897
2916 2918
2937 3206
3209 3285
3383 3490
3524 3811
3858 4041
4074 4243
4292 4293
4345 4678
4734 4880
4884 5010
5104 5304
5345 5478
5482 5644
5690 5692
5743 5885
5917 6092
6095 6132
6213 6392
6395 6460
6545 6720
6753 6919
6945 7187
7208 7210
7240 7412
7433 7591
7673 7800
7807 7972
8000 8222
8252 8456
8511 8780
8806 8808
8835 8970
9016 9196
9236 9383
9424 9662
9693 9726
9729 9849
9950 10226
10241 10243
10261 10395
10489 10730
10821 11154
11178 11274
11365 11423
11427 11477
11483 11655
11694 11696
11739 11845
11875 12019
12094 12303
12337 12553
12557 12647
12664 12777
12866 12964
12993 12995
13017 13230
13235 13346
13471 13810
13855 14096
14131 14260
14362 14552
14583 14585
14618 14690
14695 14831
14862 15030
15110 15222
15278 15462
15501 15626
15629 15747
15775 15904
15984 16160
16176 16177
16195 16429
16484 16516
16519 16584
16613 16840
16996 17164
17177 17281
17373 17562
17579 17581
17603 17804
17847 17915
17918 18029
18088 18195
18199 18314
18356 18422
18425 18488
18491 18565
18687 18840
18861 18985
18989 19050
19075 19077
19104 19270
19320 19353
19356 19579
19604 19753
19874 20099
20156 20488
20534 20536
20590 20747
20763 20792
20795 20913
20992 21292
21332 21450
21470 21655
21755 22013
22032 22033
22053 22217
22290 22464
22502 22748
22804 22873
22876 22961
22965 23089
23211 23442
23451 23539
23561 23563
23590 23660
23663 23757
23808 23974
23977 24019
24134 24250
24282 24600
24648 24757
24772 24861
24864 24927
24949 24951
24977 25219
25300 25477
25528 25899
25932 26098
26199 26334
26337 26443
26482 26483
26527 26828
26884 27210
27340 27493
27534 27614
27623 27846
27939 28039
28063 28066
28094 28286
28331 28504
28620 28978
29046 29196
29232 29425
29445 29446
29467 29545
29548 29677
29789 29905
29982 30080
30114 30258
30282 30424
30517 30696
30726 31000
31046 31047
31097 31416
31483 31586
31589 31691
31798 31978
32017 32272
32309 32497
32546 32548
32599 32817
32864 33069
33151 33292
33322 33432
33436 33586
33680 33823
33865 33948
33965 33967
33985 34274
34386 34476
34479 34568
34647 34806
34836 34921
34927 35064
35180 35391
35418 35420
35451 35716
35824 35864
35867 35999
36026 36177
36275 36351
36372 36438
36471 36617
36667 36735
36738 36820
36868 36870
36924 37061
37083 37107
37110 37211
37307 37486
37528 37662
37704 37782
37790 37905
37908 38006
38086 38099
38102 38262
38304 38305
38350 38578
38610 38735
38739 38830
38919 39060
39097 39243
39254 39286
39289 39388
39417 39514
39600 39863
39913 39915
39963 40103
40149 40220
40259 40377
40469 40548
40572 40724
40733 40807
40842 40979
41083 41332
41352 41353
41375 41621
41692 41983
42040 42194
42298 42524
42592 42612
42615 42674
42684 42739
42761 42762
42786 42951
43043 43248
43339 43611
43647 43705
43708 43788
43836 44020
44094 44287
44300 44302
44321 44374
44377 44465
44564 44757
44806 44892
44895 45060
45111 45149
45152 45364
45392 45508
45563 45783
45830 45832
45886 46102
46114 46252
46340 46511
46545 46778
46815 46957
47003 47081
47085 47191
47240 47242
47294 47367
47375 47441
47444 47635
47706 47975
48005 48153
48263 48411
48452 48620
48654 48656
48694 48924
49006 49252
49300 49501
49553 49756
49814 50022
50046 50048
50076 50196
50201 50281
50355 50386
50389 50549
50643 50877
50907 51135
51213 51334
51349 51373
51380 51550
51564 51566
51584 51725
51756 51832
51835 51922
51972 52188
52233 52482
52537 52897
52928 53039
53054 53056
53074 53262
53321 53448
53523 53550
53556 53699
53779 53879
53913 54225
54319 54337
54340 54607
54610 54665
54701 54702
54739 54866
54912 55182
55215 55375
55475 55714
55755 55911
55996 56223
56242 56245
56273 56515
56562 56637
56640 56865
56936 57039
57042 57111
57172 57297
57328 57492
57597 57662
57665 57742
57757 57758
57794 57955
57991 58261
58298 58332
58335 58456
58464 58557
58658 58846
58887 59084
59122 59139
59142 59253
