71 240
287 418
427 639
732 892
900 959
997 1288
1347 1545
1701 2169
2232 2342
2352 2589
2620 2654
2657 2807
2864 3113
3324 3389
3395 3476
3538 3870
3920 4144
4220 4350
4384 4497
4669 4838
4841 5032
5121 5123
5128 5481
5531 5557
5564 5779
5906 6259
6321 6385
6388 6529
6544 6742
6796 7093
7146 7665
7685 7774
7807 8146
8258 8260
8263 8435
8481 8793
8920 9080
9083 9127
9144 9279
9326 9401
9404 9452
9580 9784
9826 10003
10100 10102
10111 10146
10150 10515
10595 10603
10606 11007
11037 11168
11288 11475
11484 11622
11662 11869
11874 11986
12100 12514
12586 12799
12883 13063
13073 13201
13237 13487
13605 13849
13893 13947
13950 14272
14411 14817
14865 15223
15291 15473
15480 15635
15675 15958
16030 16354
16490 16507
16517 16687
16759 16898
16914 16987
17003 17098
17160 17634
17774 18121
18180 18346
18386 18624
18664 18792
18797 18911
18914 18985
19321 19501
19505 19902
19946 20215
20415 20894
20897 21100
21219 21401
21404 21459
21463 21492
21496 21706
21787 22218
22283 22775
22861 23313
23512 23515
23525 23796
23860 24018
24087 24235
24285 24501
24514 24648
24651 24902
24983 24986
24989 25036
25083 25345
25473 25693
25734 26220
26278 26397
26421 26565
26742 27146
27287 27812
27975 28308
28311 28370
28453 28721
28830 29156
29180 29387
29444 29532
29543 29835
29875 30025
30051 30073
30077 30219
30383 30601
30670 30956
30968 31069
31174 31698
31713 31903
31906 32289
32418 32482
32487 32710
32809 32915
32918 33004
33007 33174
33368 33466
33572 33835
33895 34240
34278 34466
34518 34662
34666 34701
34705 34800
34960 34961
34977 35182
35189 35446
35569 35635
35638 35791
35849 35911
35917 36130
36193 36255
36262 36389
36458 36570
36573 36768
36808 37349
37454 37669
37723 38026
38157 38285
38354 38565
38584 38616
38640 38950
39166 39295
39328 39498
39509 39698
39745 40254
40409 40623
40633 40822
40835 41209
41385 41791
41909 42372
42457 42552
42616 42640
42644 42841
42898 42990
42993 42995
43009 43456
43466 43638
43766 43768
43776 44145
44190 44499
44580 44799
44831 45154
45203 45460
45533 45965
46035 46171
46174 46417
46469 46673
46682 46970
46978 47031
47186 47504
47574 47658
47661 47730
47740 48154
48226 48416
48514 48871
48936 49207
49212 49331
49488 49668
49713 49897
49961 50226
50437 50715
50785 50925
50930 51207
51352 51443
51446 51532
51540 51895
51933 52044
52048 52174
52256 52520
52551 52708
52797 52821
52829 52869
53051 53069
53081 53376
53386 53504
53568 53761
53764 53782
53787 53988
54054 54283
54288 54354
54387 54512
54558 54667
54709 54963
55081 55213
55259 55273
55276 55428
55431 55561
55581 55727
55918 56120
56131 56418
56505 56647
56650 56706
56709 56853
56884 56990
57105 57244
57363 57507
57521 57700
57759 57871
57907 58358
58396 58453
58456 58744
58768 58989
59153 59291
59298 59361
59457 59761
59806 59916
60074 60207
60246 60403
60479 60692
60695 60780
60790 60954
60999 61154
61258 61454
61496 61752
61928 61930
61943 62296
62301 62458
62566 62769
62977 62980
62989 63072
63075 63307
63320 63454
63499 63631
63762 63940
63956 64253
64322 64437
64453 64806
64930 65075
65078 65112
65186 65341
65361 65404
65448 65988
66074 66174
66177 66441
66512 66872
66993 67305
67408 67735
67741 67865
67939 68239
68382 68560
68602 68822
68849 69006
69069 69102
69110 69253
69317 69488
69585 69761
69764 70062
70069 70456
70520 70666
70758 70809
70816 70939
70942 71209
71300 71614
71617 71691
71821 72097
72134 72276
72279 72319
72437 72643
72653 72841
72931 73226
73362 73679
73729 74121
74194 74544
74677 74935
74955 75261
75376 75724
75789 75825
75840 76146
76149 76266
76271 76384
76420 76624
76668 77179
77257 77534
77602 77603
77609 77879
77909 78008
78091 78369
78553 78793
78877 78878
78885 79097
79103 79187
79191 79245
79383 79522
79577 79797
79834 79836
79849 80072
80075 80195
80308 80468
80603 80807
80845 80956
80959 81014
81017 81133
81261 81319
81324 81623
81627 81787
81924 82226
82269 82377
82382 82661
82776 82842
82847 83034
83073 83210
83226 83281
83286 83587
83743 83784
83787 83931
83961 84253
84284 84430
84448 84539
84698 84814
84907 84988
85013 85137
85195 85508
85511 85586
85625 85830
85850 86077
86138 86333
86381 86561
86591 86726
86732 86861
86869 87010
87029 87303
87342 87475
87528 87915
88071 88073
88076 88164
88200 88447
88559 88595
88607 88706
88710 88968
89029 89180
89316 89386
89397 89529
89547 89635
89676 89764
89767 89878
89929 90133
90178 90343
90390 90441
90452 90469
90484 90512
90519 90626
90739 90857
90860 90963
91019 91359
91366 91416
91512 91755
91821 92358
92384 92618
92697 92933
92973 93203
93247 93371
93440 94000
94038 94226
94285 94501
94535 94683
94691 94697
94702 94797
94801 94847
94856 94858
94887 95122
95278 95425
95432 95537
95567 95689
95784 95842
95922 96115
96149 96366
96495 96716
96776 97034
97100 97183
97187 97606
97699 97804
97820 97890
97897 98009
98125 98327
98334 98383
98398 98517
98563 98781
98896 98917
98931 99015
99083 99681
99776 99842
99896 100214
100278 100410
100480 101043
101114 101319
101343 101503
101873 101929
101983 102085
102101 102166
102197 102256
102260 102601
102706 102721
102724 102777
102783 102892
102896 102959
102991 103025
103167 103168
103181 103317
103376 103787
103839 103894
103897 104313
104339 104606
104636 104654
104660 105137
105174 105308
105498 105592
105651 105815
105826 105908
105916 105972
106003 106018
106023 106043
106048 106144
106189 106370
106403 106488
106505 106866
106945 106947
106950 107080
107198 107373
107400 107418
107471 107727
107917 108014
108022 108136
108176 108332
108386 108463
108474 108722
108765 108903
108916 108974
108988 109096
109146 109209
109259 109384
109388 109440
109551 109553
109565 109703
109706 109747
109853 110094
110186 110445
110474 110598
110607 110662
110792 110884
110887 110902
110905 111045
111143 111312
111315 111568
111620 111869
111913 112044
112103 112270
112323 112718
112867 113042
113048 113271
113342 113538
113573 113647
113677 113809
113818 114036
114063 114177
114231 114461
114518 114890
114897 114959
114967 115282
115323 115540
115626 115784
115833 116043
116155 116258
116307 116336
116339 116558
116666 116835
116850 117176
117183 117250
117253 117453
117605 117923
117945 118056
118145 118449
118457 118597
118698 119050
119059 119156
119176 119393
119403 119647
119659 119963
119970 120353
120356 120461
120586 120621
120628 120753
120794 120948
121036 121232
121237 121363
121425 121862
121878 122358
122458 122500
122503 122629
122632 122787
122791 122959
123065 123408
123509 123617
123626 123966
123969 123971
123974 124078
124188 124373
124376 124549
124565 124629
124700 124825
124847 124888
124891 125100
125177 125400
125528 125791
125837 125858
125873 126186
126189 126489
126525 126675
126683 126836
126875 127155
127265 127844
128017 128171
128202 128336
128373 128519
128583 128746
128774 128973
129037 129152
129228 129369
129400 129642
129645 129673
129677 129930
130055 130057
130068 130292
130363 130491
130497 130557
130598 130772
130809 131127
131165 131615
131656 131874
131911 132148
132181 132424
132427 132552
132655 132939
132993 133417
133424 133426
133481 133641
133656 133839
133892 134073
134122 134335
134338 134373
134382 134564
134731 134987
135197 135311
135370 135531
135539 135554
135588 135604
135607 135620
135662 135879
135902 135992
136076 136422
136458 136921
136990 137183
137198 137401
137528 137673
137676 137725
137784 137957
137963 138078
138127 138210
138221 138315
138421 138517
138520 138564
138586 138751
138894 138916
138930 139067
139109 139270
139304 139544
139616 139887
139959 140164
140274 140413
140597 140758
140766 140939
140942 141246
141254 141333
141360 141561
141630 141721
141745 141774
141824 141983
142091 142329
142332 142877
143010 143108
143118 143154
143165 143286
143398 143641
143785 143946
144009 144257
144266 144604
144668 144725
144730 144912
145056 145254
145259 145421
145445 145646
145715 145989
146028 146267
146304 146628
146710 146880
146916 146955
146961 147007
147011 147143
147186 147447
147459 147768
147891 148103
148181 148392
148415 148631
148635 148815
148898 149012
149205 149770
149802 150090
150137 150316
150477 150668
150706 151057
151199 151335
151341 151524
151527 151773
151953 152050
152068 152175
152235 152352
152356 152508
152647 152690
152695 152898
152936 152973
152976 153109
153174 153437
153442 153480
153483 153610
153693 153754
153758 153850
153853 153889
153895 153961
153969 154118
154254 154365
154372 154493
154498 154637
154834 154876
154918 155025
155043 155230
155233 155321
155444 155619
155664 155717
155724 156231
156333 156335
156340 156601
156669 156770
156773 156897
156952 157300
157320 157352
157425 157928
158007 158081
158084 158184
158210 158241
158297 158507
158540 158662
158688 158747
158801 158813
158816 158958
159074 159179
159182 159226
159268 159388
159617 159618
159633 160111
160229 160426
160435 160646
160701 160888
160933 160973
160998 161266
161389 161519
161526 161837
161984 162159
162192 162448
162591 162927
162965 163048
163053 163199
163362 163503
163531 163651
163659 163791
163835 163981
164041 164191
164194 164301
164416 164417
164425 164539
164542 164584
164589 164655
164659 164780
164783 165006
165108 165217
165230 165401
165484 165940
166129 166321
166359 166456
166464 166561
166602 166861
166956 167239
167242 167336
167375 167556
167683 167815
167819 167947
168052 168244
168299 168439
168442 168735
168800 168936
168939 169300
169437 169625
169699 169812
169828 169939
169964 170150
170198 170227
170230 170440
170511 171044
171177 171325
171364 171501
171504 171613
171668 171887
171892 172004
172090 172362
172412 172508
172521 172680
172738 172817
172826 172960
172974 173318
173420 173834
173853 174001
174017 174362
174510 174570
174780 174795
174798 174907
174910 175306
175396 175544
175564 175640
175644 175783
175786 176155
176194 176354
176376 176619
176622 176842
176881 177186
177331 177430
177433 177563
177608 177794
177898 177904
177907 177942
177945 178005
178008 178036
178044 178095
178129 178258
178301 178420
178431 178531
178573 178588
178591 178639
178642 178695
178699 178812
178939 179109
179147 179244
179302 179459
179462 179570
179654 179958
180029 180141
180149 180304
180420 180514
180528 180553
180561 180717
180799 180801
180891 181051
181059 181280
181290 181445
181477 181818
181954 182410
182503 182912
183078 183363
183471 183604
183635 183832
183914 184234
184297 184399
184458 184778
184874 184985
184988 185173
185176 185549
185552 185648
185651 185800
185968 186176
186260 186544
186616 186948
186951 187582
187749 187895
187900 187961
188012 188269
188395 188600
188630 188811
188867 189015
189141 189514
189530 189995
190086 190405
190535 190679
190711 190762
190769 190907
190919 191095
191134 191397
191542 191840
191895 192116
192272 192390
192455 192651
192663 192872
192976 193182
193188 193492
193652 193892
193931 194010
194020 194114
194145 194442
194450 194547
194710 194844
194853 195079
195082 195489
195589 195898
196077 196382
196490 196661
196720 196894
196935 196986
196989 197171
197177 197180
197185 197342
197367 197577
197581 197686
197798 198020
198075 198202
198220 198460
198501 198670
198897 198940
198950 199009
199012 199077
199134 199291
199364 199525
199536 199695
199738 199913
199968 200165
200169 200226
200348 200494
200537 200716
200727 200898
200908 201226
201268 201410
201413 201528
201538 201707
201917 201918
201921 202016
202078 202327
202459 202488
202493 202613
202734 202908
202911 203577
203643 203706
203829 204115
204197 204378
204526 204862
204906 205081
205121 205321
205362 205622
205653 205977
206096 206307
206377 206444
206447 206533
206568 206598
206614 206918
206970 207229
207232 207395
207524 207690
207697 207803
207806 207895
207956 208178
208181 208275
208278 208388
208434 208595
208634 208911
209016 209087
209121 209296
209407 209573
209610 209688
209729 210022
210029 210301
210341 210689
210819 210850
210861 211185
211238 211460
211499 211704
211752 212038
212091 212218
212233 212419
212422 212515
212615 212726
212733 212755
212762 212978
212999 213043
213064 213139
213200 213202
213210 213372
213378 213472
213650 213652
213658 213847
213911 214081
214084 214170
214300 214410
214450 214599
214602 214684
214819 214932
214937 215129
215281 215622
215691 215719
215722 216143
216224 216698
216831 217051
217054 217216
217219 217239
217257 217365
217417 217618
217684 217804
217863 217971
218009 218242
218320 218322
218330 218506
218524 218658
218671 218735
218781 218996
219051 219294
219407 219670
219717 219768
219771 219824
219895 220078
220081 220180
220187 220278
220380 220657
220705 220744
220764 221103
221258 221544
221652 222086
222163 222317
222352 222510
222649 222787
222794 222846
223002 223111
223123 223371
223374 223453
223515 223673
223700 223932
223977 224145
224188 224306
224309 224643
224652 224906
225034 225350
225403 225426
225433 225506
225616 226155
226196 226346
226380 226750
226788 226919
226976 227029
227054 227260
227406 227558
227585 227641
227644 227730
227797 227916
227919 228059
228062 228063
228067 228308
228321 228552
228584 228767
228770 228802
228811 228835
228891 229066
229107 229416
229493 229540
229543 229711
229759 229921
229971 230019
230031 230173
230300 230517
230524 230537
230542 230811
230885 230910
230923 231156
231208 231358
231414 231638
231649 231804
231885 232032
232057 232060
232063 232158
232192 232404
232407 232532
232535 232586
232589 232697
232756 232955
232987 233196
233299 233482
233519 233674
233791 233836
233862 234099
234162 234282
234306 234549
234552 234845
234916 235074
235119 235345
235432 235559
235593 235767
235791 236104
236236 236503
236569 236773
236827 237078
237107 237347
237385 237803
237973 238360
238428 238634
238659 238815
238894 239005
239009 239129
239150 239242
239370 239629
239633 239666
239670 239738
239743 239789
239870 239935
239939 240110
240144 240227
240287 240367
240370 240557
240562 240935
240943 241094
241149 241305
241308 241361
241496 241669
241683 241867
241873 241956
241970 242107
242110 242180
242257 242397
242432 242550
242562 242699
242763 242852
242965 243177
243187 243275
243289 243314
243470 243557
243560 244078
244097 244190
244193 244536
244664 244751
244807 245141
245192 245368
245378 245437
245442 245494
245559 245822
245924 246102
246134 246214
246223 246368
246414 246661
246733 246744
246749 247081
247086 247202
247205 247722
247725 247854
247927 248006
248064 248361
248428 248566
248572 248621
248707 248968
248990 249085
249197 249431
249633 249733
249736 249815
249908 249960
249968 250323
250436 250660
250679 250791
250894 251250
251451 251611
251614 251647
251651 251800
251807 251986
252014 252209
252396 252703
252732 252984
253038 253319
253341 253944
253980 254102
254183 254339
254344 254573
254604 254748
254892 254961
254964 255243
255303 255386
255394 255574
255638 255866
255943 256282
256331 256445
256488 256542
256545 256693
256696 256977
257108 257440
257471 257917
257920 258146
258203 258270
258291 258367
258428 258635
258836 259143
259160 259219
259267 259356
259424 259635
259778 259947
259992 260373
260533 260693
260696 260745
260748 261031
261156 261471
261547 261581
261584 261732
261735 262040
262074 262124
262132 262193
262330 262592
262596 262805
262891 263137
263191 263430
263543 263627
263639 263702
263754 263828
263833 264104
264202 264415
264419 264555
264598 264649
264677 264918
264921 265116
265169 265548
265660 265795
265798 265922
265925 266075
266208 266491
266516 266747
266777 266992
266995 267219
267319 267364
267432 267566
267606 267675
267681 267838
267988 268186
268191 268299
268342 268536
268588 268632
268641 268724
268763 268977
269119 269184
269189 269230
269276 269468
269581 269686
269705 269908
270015 270125
270128 270370
270373 270567
270656 271032
271079 271258
271460 271566
271569 271672
271677 271794
271846 271936
271944 272111
272136 272281
272352 272622
272766 273005
273012 273183
273191 273443
273573 273827
273961 274219
274223 274601
274656 274901
274914 275108
275263 275544
275601 275805
275819 275985
275988 276002
276012 276085
276088 276291
276339 276341
276347 276485
276528 276872
276876 276974
277123 277283
277372 277551
277568 277731
277770 277866
277873 278218
278236 278428
278455 278601
278638 278975
279056 279267
279318 279588
279662 280033
280067 280173
280178 280350
280353 280389
280516 280833
280840 281204
281243 281300
281303 281499
281564 281803
281854 281995
281998 282206
282262 282511
282514 282617
282850 282853
282858 283208
283268 283550
283590 283986
284069 284198
284203 284485
284488 284594
284645 284719
284722 284861
285042 285043
285150 285263
285267 285382
285393 285623
285642 285833
285836 285838
285841 286000
286003 286084
286258 286260
286267 286432
286537 286538
286553 286712
286718 286841
286906 287103
287106 287165
287317 287561
287649 287726
287729 287758
287770 288209
288212 288287
288290 288547
288609 289022
289171 289267
289270 289446
289453 289491
289505 289604
289614 289765
289826 289946
289949 290199
290301 290521
290579 290778
290782 290981
290990 291149
291153 291284
291394 291633
291697 291888
292035 292233
292241 292403
292460 292669
292842 293195
293235 293380
293448 293557
293640 293910
293917 293952
293965 294183
294245 294358
294363 294405
294423 294584
294587 294777
294802 294893
294899 294997
295122 295286
295423 295652
295692 295910
295965 296297
296303 296408
296488 296989
297112 297466
297560 298027
298079 298256
298308 298513
298613 298745
298748 298862
299005 299318
299387 299699
299847 300167
300218 300221
300227 300509
300556 300674
300692 300872
301076 301230
301287 301473
301503 302171
302246 302396
302455 302765
302850 303068
303115 303380
303418 303628
303631 303710
303822 303967
304043 304323
304326 304558
304613 304873
305051 305255
305270 305593
305599 305601
305604 305906
305913 305987
306109 306111
306122 306229
306369 306371
306379 306457
306472 306498
306597 306598
306611 306972
307058 307061
307064 307200
307299 307386
307542 307643
307646 307701
307748 307792
307795 307937
307940 308102
308361 308489
308730 308732
308742 309156
309234 309332
309335 309534
309540 309615
309694 310061
310102 310254
310333 310480
310524 310536
310541 310719
310725 310856
310909 310998
311003 311130
311180 311372
311409 311668
311793 312307
312406 312478
312486 312519
312572 312756
312862 312995
313005 313117
313264 313606
313619 313738
313741 313881
313903 313939
313945 314136
314139 314172
314179 314343
314347 314497
314611 314717
314726 314728
314740 315155
315161 315338
315372 315523
315584 315698
315713 316025
316115 316257
316311 316474
316540 316941
316954 316956
316965 317133
317139 317265
317316 317372
317375 317418
317426 317753
317809 318007
318021 318158
318209 318461
318466 318599
318602 318740
319047 319159
319265 319442
319446 319514
319522 319648
319763 319938
319958 320320
320407 320839
320867 320921
320927 320940
320946 321082
321085 321208
321388 321481
321494 321698
321882 321903
321906 321942
322049 322231
322242 322592
322702 322718
322721 322791
322805 322852
322855 322896
323041 323325
323391 323536
323601 323921
323937 324068
324129 324244
324281 324640
324688 324739
324745 324879
324908 324994
325028 325338
325421 325635
325923 326066
326170 326379
326409 326464
326467 326707
326810 326962
326973 327225
327229 327285
327361 327558
327598 327881
327952 328222
328270 328395
328400 328437
328511 328625
328628 328760
328863 329154
329184 329219
329225 329280
329291 329780
329808 329882
329885 329950
330007 330138
330253 330391
330424 330533
330634 330838
330841 330956
331170 331337
331350 331460
331469 331648
331710 331904
331976 332307
332446 332655
332741 332980
333087 333306
333309 333529
333632 333929
333932 333977
333980 334060
334147 334358
334463 334746
334810 335134
335140 335220
335255 335495
335651 335753
335761 335922
335967 336107
336114 336366
336373 336523
336613 336922
336925 337179
337206 337522
337682 338199
338326 338633
338709 338906
338909 338969
339015 339132
339149 339306
339312 339323
339326 339380
339387 339545
339633 339849
339925 339964
340008 340103
340163 340329
340340 340443
340587 340651
340660 340880
340933 340935
340938 341165
341291 341383
341386 341436
341441 341495
341557 341752
341755 341929
342003 342500
342593 342682
342685 342864
342969 343122
343129 343395
343440 343593
343602 343716
343771 343993
344155 344510
344626 344778
344833 344968
344983 345049
345094 345221
345224 345487
345590 345705
345732 345779
345786 345908
345938 346216
346273 346520
346523 346604
346611 346667
346705 346720
346726 346908
347045 347165
347172 347367
347371 347510
347526 347559
347609 347802
347988 348070
348145 348282
348286 348420
348492 348836
348882 348943
348946 349020
349028 349084
349117 349281
349338 349573
349678 349742
349745 350071
350139 350355
350531 350959
350962 351049
351054 351402
351534 351969
352030 352185
352189 352325
352393 352732
352735 352896
352950 353465
353514 353635
353771 354056
354060 354137
354148 354384
354481 354765
354912 355116
355129 355310
355319 355407
355577 355580
355587 355951
355956 356186
356265 356456
356547 356550
356567 356695
356776 357020
357041 357302
357365 357618
357626 357960
358065 358280
358285 358346
358395 358561
358570 358712
358725 358766
358769 358809
358854 359280
359340 359425
359486 359527
359536 359567
359576 359609
359618 359665
359672 359862
359904 360107
360146 360430
360433 360720
360771 360884
360938 360987
360995 361013
361040 361296
361367 361593
361709 361983
362022 362528
362632 362845
362907 363017
363024 363087
363091 363147
363189 363287
363344 363512
363521 363668
363674 363692
363697 363784
363812 363964
363976 364165
364263 364372
364375 364569
364624 364646
364671 364818
364913 364976
364979 365081
365215 365357
365365 365573
365581 365659
365820 366158
366365 366700
366772 366793
366798 367008
367169 367316
367320 367364
367389 367482
367517 368220
368223 368234
368259 368359
368364 368531
368721 368867
368905 369051
369129 369475
369574 369886
369889 369928
369936 370032
370119 370448
370451 370485
370488 370648
370754 371021
371026 371173
371189 371318
371382 371398
371540 371552
371608 371698
371701 371924
371951 372146
372210 372384
372388 372503
372604 372813
372842 373039
373086 373160
373163 373305
373359 373401
373404 373683
373690 373766
373770 373939
373943 374062
374152 374342
374476 374715
374772 374789
374796 374851
374897 375015
375043 375170
375188 375483
375584 375975
376154 376156
376164 376320
376331 376472
376475 376528
376535 376747
376815 376947
376950 377064
377088 377322
377455 377464
377467 377474
377477 377514
377555 377880
377980 378202
378209 378301
378394 378669
378688 378754
378793 379012
379072 379159
379206 379451
379540 379639
379656 379694
379702 379991
380028 380207
380257 380493
380624 380806
380824 380895
380916 381208
381277 381394
381398 381599
381609 381785
381888 381965
381979 382469
382495 382605
382608 382736
382841 383035
383079 383082
383085 383300
383458 383578
383583 383726
383757 383934
383990 384307
384315 384320
384343 384524
384605 384671
384683 384880
384891 384969
384979 385056
385102 385208
385277 385324
385335 385497
385555 386062
386278 386520
386559 386649
386658 386939
386981 387126
387179 387350
387412 387552
387591 387683
387699 387891
387943 388268
388332 388476
388536 388586
388589 388744
388808 389169
389172 389230
389340 389382
389391 389530
389539 389664
389667 390080
390111 390221
390302 390827
391001 391264
391271 391426
391466 391625
391782 392019
392155 392597
392637 392750
392755 393098
393150 393515
393518 393590
393679 393927
393990 394093
394140 394697
394702 394881
394890 395202
395237 395492
395708 396145
396148 396188
396191 396276
396300 396446
396546 396797
396843 396970
396980 397204
397247 397326
397412 397516
397650 397810
397866 398003
398010 398113
398209 398414
398419 398564
398567 398760
398838 399051
399054 399224
399299 399594
399701 399736
399740 399840
399856 400062
400116 400310
400351 400611
400761 400810
400823 401058
401095 401536
401563 401775
401882 401994
402069 402265
402271 402675
402756 403043
403082 403191
403194 403298
403309 403621
403759 403834
403838 404116
404319 404375
404393 404594
404597 404991
405066 405225
405284 405620
405654 406006
406175 406252
406315 406400
406403 406676
406753 406901
406949 407279
407338 407580
407700 407921
408028 408218
408270 408466
408504 408563
408566 408703
408810 409155
409219 409645
409725 409904
409948 410167
410173 410273
410322 410606
410609 410691
410929 410931
410934 410976
410985 411081
411091 411434
411499 411587
411590 411876
411938 412022
412025 412058
412111 412245
412269 412405
412553 412663
412666 412737
412744 413045
413185 413395
413399 413558
413742 413796
413852 414075
414112 414477
414556 414772
414777 414813
414816 415022
415080 415333
415375 415534
415545 415652
415758 415999
416008 416156
416187 416368
416434 416637
416644 416714
416875 417077
417080 417301
417360 417553
417614 417722
417839 417955
417966 418142
418198 418396
418489 418969
418972 419141
419274 419649
419680 419815
419851 420248
420368 420568
420572 420735
420890 420986
420990 421155
421282 421527
421645 421768
421891 422173
422186 422632
422884 422971
422977 423125
423190 423633
423699 423872
423875 424050
424120 424246
424260 424504
424557 424622
424625 425016
425109 425151
425175 425401
425470 425599
425651 425849
425857 426028
426166 426350
426581 426719
426745 426831
426917 427264
427362 427511
427517 427611
427649 427833
427994 428219
428234 428368
428371 428472
428522 428605
428613 428644
428654 428795
428859 429144
429216 429217
429220 429470
429664 429906
429975 430083
430086 430147
430263 430402
430410 430511
430538 430661
430689 430746
430749 430932
431026 431182
431196 431255
431375 431590
431593 431696
431699 431782
431833 432016
432063 432476
432513 432611
432658 432912
432949 433204
433249 433433
433436 433507
433516 433727
433774 434096
434141 434307
434433 434591
434595 434778
434824 434974
435010 435183
435370 435560
435607 435616
435641 435810
435813 435874
435880 435998
436003 436020
436029 436234
436384 436448
436452 436522
436649 436760
436768 436909
436925 437056
437060 437191
437265 437466
437538 437619
437639 437767
437796 437874
437877 437902
437915 438031
438210 438243
438349 438545
438548 438714
438727 439195
439373 439647
439662 439955
440005 440125
440253 440301
440370 440587
440608 440790
440834 441018
441115 441233
441240 441308
441441 441638
441654 441678
441696 441878
441921 442237
442241 442370
442376 442589
442648 442852
442869 443048
443051 443333
443342 443565
443630 443686
443689 444082
444158 444308
444313 444481
444673 444851
444927 444966
445004 445051
445061 445170
445185 445489
445549 445641
445646 445718
445959 446202
446252 446699
446702 446804
446936 447285
447400 447538
447554 447669
447700 447863
447924 448085
448108 448229
448463 448744
448784 449075
449137 449166
449170 449252
449255 449427
449533 449548
449576 449766
449923 449994
450016 450125
450131 450172
450315 450337
450345 450513
450535 450555
450558 450865
451028 451237
451310 451427
451482 451491
451494 451662
451763 451880
451883 452117
452208 452239
452242 452494
452515 452654
452791 453003
453082 453362
453449 453550
453566 453664
453719 453864
453928 454083
454126 454258
454310 454658
454704 454879
454920 455075
455176 455342
455419 455497
455500 455614
455664 455787
455863 456086
456098 456190
456239 456500
456636 456874
456918 457035
457045 457168
457271 457388
457394 457505
457508 457710
457749 457796
457849 457965
457996 458052
458134 458185
458194 458352
458526 458528
458537 458877
458906 459005
459081 459143
459159 459277
459313 459788
459846 459951
459956 460230
460256 460628
460642 460747
460822 460985
461043 461246
461259 461307
461310 461392
461452 461624
461727 462069
462087 462266
462329 462565
462570 462647
462661 462776
462930 463569
463722 463915
464057 464098
464115 464261
464333 464464
464470 464592
464648 464895
464945 465022
465026 465244
465399 465543
465552 465746
465797 466070
466073 466236
466290 466525
466627 466774
466784 466939
466993 467247
467282 467617
467676 467862
467940 468418
468487 468618
468639 468805
468873 469043
469059 469112
469154 469375
469462 469605
469614 469928
470200 470393
470396 470487
470540 470758
470889 471073
471082 471192
471269 471468
471484 471626
471773 472368
472422 473075
473138 473283
473365 473861
473922 473961
473965 474209
474286 474349
474352 474426
474462 474558
474561 474639
474896 475128
475219 475565
475627 475785
475805 475970
476155 476296
476400 476524
476533 476587
476591 476640
476687 476876
476905 477328
477382 477559
477691 477832
477846 478004
478057 478060
478063 478171
478224 478409
478444 478526
478563 478644
478784 478845
478853 478987
478994 479011
479067 479227
479230 479344
479401 479508
479525 479643
479833 480055
480084 480113
480121 480475
480535 480565
480613 480775
480778 480949
481108 481229
481291 481635
481651 481781
481821 481935
481938 482015
482151 482369
482372 482561
482594 482844
482848 483096
483179 483247
483299 483491
483554 483783
483797 483938
484001 484222
484271 484465
484468 484541
484585 484679
484684 484713
484718 484829
484887 485043
485092 485356
485458 485687
485711 485774
485777 485867
485914 486043
486058 486219
486362 486678
486687 486832
486876 487096
487108 487195
487259 487465
487480 487782
487785 487860
487943 487996
487999 488088
488116 488227
488360 488577
488608 489004
489187 489527
489652 489885
489935 490295
490386 490527
490539 490755
490793 490875
491021 491232
491254 491316
491319 491458
491494 491635
491786 492028
492094 492327
492330 492379
492392 492566
492594 492771
492774 492844
492849 493026
493081 493177
493184 493282
493333 493584
493619 493696
493699 493766
493848 494006
494047 494197
494200 494258
494264 494319
494471 494820
494824 494979
494982 495056
495062 495145
495233 495415
495422 495518
495719 496014
496065 496258
496304 496333
496338 496485
496594 496887
497020 497533
497771 498310
498390 498648
498863 498973
498977 499267
499331 499479
499500 499509
499539 499587
499590 499604
499607 499824
499880 500140
500143 500232
500307 500515
500626 500961
500964 501199
501292 501420
501423 501490
501577 501923
501964 502031
502114 502211
502258 502340
502391 502462
502465 502476
502480 502574
502634 502711
502714 502944
503012 503144
503357 503582
503594 503962
504026 504148
504173 504250
504255 504310
504400 504456
504567 504861
504888 504931
504973 505140
505344 505755
506042 506186
506190 506306
506392 506459
506468 506793
506882 506885
506891 506948
507059 507233
507240 507431
507484 507863
507866 508005
508050 508389
508452 508652
508727 509057
509121 509285
509333 509500
509510 509585
509591 509743
509814 509949
509952 510223
510335 510647
510657 510681
510726 511005
511010 511058
511061 511347
511390 511436
511439 511656
511718 511863
511906 512003
512111 512200
512213 512253
512343 512484
512493 512575
512581 512968
513044 513204
513262 513497
513589 513911
514017 514229
514252 514389
514394 514424
514430 514493
514502 514672
514856 515017
515034 515103
515108 515170
515364 515554
515569 515637
515650 515755
515823 516021
516034 516036
516040 516256
516327 516533
516536 516709
516764 517004
517166 517224
517241 517322
517325 517419
517483 517593
517599 517814
517858 518119
518220 518528
518534 518712
518752 518934
518937 519167
519185 519301
519370 519406
519418 519465
519491 519638
519682 519972
520050 520163
520167 520341
520416 520428
520431 520566
520616 520743
520828 521041
521055 521165
521300 521466
521469 521668
521721 521892
521895 521926
521929 522087
522090 522110
522114 522261
522318 522407
522417 522486
522490 522619
522676 522833
522900 523120
523141 523202
523258 523480
523485 523566
523586 523595
523598 523731
523751 523927
523979 524054
524060 524188
524339 524707
524760 525038
525165 525387
525433 525542
525545 525573
525643 526084
526091 526458
526462 526569
526572 526787
526921 527168
527174 527231
527336 527338
527345 527547
527683 528054
528148 528298
528354 528636
528641 528735
528855 528956
529060 529133
529137 529442
529469 529663
529741 529792
529799 530082
530156 530310
530536 530773
530784 530800
530806 531148
531175 531198
531204 531485
531544 531579
531585 531746
531749 531855
531974 532297
532366 532516
532530 532762
532971 532997
533001 533099
533169 533231
533248 533294
533297 533384
533396 533609
533624 533992
534008 534091
534094 534336
534401 534510
534776 534849
534921 535218
535222 535428
535509 535608
535611 535896
536081 536233
536251 536564
536615 536789
536908 537114
537392 537782
537835 538010
538016 538060
538123 538326
538334 538422
538471 538604
538730 538912
538967 539121
539124 539189
539192 539239
539289 539478
539498 539722
539765 539849
539855 539955
540009 540310
540354 540396
540399 540434
540562 540949
541113 541130
541134 541238
541271 541454
541461 541559
541568 541624
541702 541988
541991 542047
542052 542161
542207 542254
542257 542405
542542 542682
542685 542928
542968 543245
543334 543443
543452 544179
544295 544553
544606 544713
544717 544845
544980 545159
545163 545543
545548 545569
545579 545664
545787 546124
546197 546306
546309 546495
546548 546693
546706 546721
546728 546822
546846 546919
546922 546978
547188 547317
547330 547410
547465 547745
547870 547993
548039 548314
548317 548551
548554 548619
548634 548743
548776 548952
548955 549011
549136 549270
549322 549502
549588 549847
549897 549898
549906 550149
550152 550416
550612 550717
550779 551146
551152 551411
551522 551759
551841 551959
551962 552083
552089 552294
552338 552432
552443 552662
552736 553246
553333 553733
553799 553898
553907 553999
554002 554134
554180 554225
554228 554360
554609 554611
554624 554890
554912 555267
555369 555495
555499 555779
555906 556099
556102 556360
556363 556495
556573 556633
556636 556739
556805 557034
557037 557405
557471 557472
557480 557560
557563 557679
557686 557757
557928 558018
558131 558132
558145 558253
558257 558321
558386 558477
558489 558672
558721 558953
559118 559190
559196 559265
559340 559520
559523 559720
559799 560152
560190 560483
560619 560892
560981 561026
561034 561386
561391 561393
561403 561530
561533 561566
561569 561709
561848 561981
561994 562227
562315 562413
562481 562756
562854 562903
562911 563127
563180 563297
563322 563356
563362 563531
563544 563769
563858 564048
564053 564089
564092 564441
564480 564530
564533 564752
564834 565046
565129 565161
565165 565388
565517 565593
565596 566021
566137 566362
566503 566904
566907 566961
566965 567364
567367 567506
567708 568206
568279 568407
568543 568722
568777 568955
569001 569291
569314 569455
569564 569794
569819 569837
569851 570219
570292 570509
570623 570884
570887 571249
571349 571822
571853 571856
571934 572197
572312 572570
572607 572821
572885 573113
573121 573295
573368 573549
573556 573624
573640 573874
573877 574089
574160 574623
574744 574860
574946 574948
574954 575078
575081 575108
575111 575295
575354 575507
575532 575688
575873 576067
576114 576379
576382 576519
576573 576772
576871 577050
577055 577320
577444 577771
577774 577903
577954 578138
578159 578267
578270 578486
578540 578821
578824 578945
579011 579196
579253 579496
579707 579837
579840 579964
579999 580117
580121 580207
580210 580290
580329 580889
580911 580955
580981 581046
581052 581215
581327 581479
581483 581735
581840 582002
582038 582159
582171 582511
582747 582982
583019 583233
583330 583392
583403 583437
583675 583908
583968 584252
584255 584285
584395 584597
584621 584673
584854 585164
585186 585255
585288 585413
585417 585488
585544 585642
585650 585814
585817 585933
585940 585983
586070 586223
586226 586367
586448 586681
586919 587064
587103 587223
587375 587466
587539 587794
587813 587871
587874 588030
588164 588603
588661 588957
588965 589059
589175 589591
589660 590069
590189 590316
590328 590605
590636 590776
590842 591206
591332 591496
591499 591709
591842 592029
592041 592330
592409 592635
592653 592810
592815 593133
593137 593293
593300 593404
593516 593606
593618 593620
593624 593742
593958 594398
594484 594636
594671 594715
594824 595136
595222 595235
595246 595254
595257 595407
595453 595627
595652 595681
595684 595983
596024 596103
596115 596373
596447 596643
596648 596841
596844 596951
596955 597382
597490 597689
597712 597758
597763 597879
597983 598051
598055 598209
598332 598776
598809 598928
598934 598977
598980 599119
599189 599228
599231 599408
599490 599579
599584 599801
599914 600175
600180 600281
600338 600440
600455 600530
600610 600693
600698 600852
600893 601270
601513 601515
601526 601725
601728 601966
601969 602146
602195 602313
602382 602611
602668 602950
602953 602994
603106 603223
603236 603267
603280 603282
603309 603342
603396 603648
603697 603733
603745 603840
603919 604364
604370 604470
604599 604913
604917 605082
605093 605095
605280 605574
605579 605653
605680 605789
605813 605974
606118 606566
606715 606845
606911 606978
606981 607183
607308 607398
607418 607635
607644 607893
607950 608014
608022 608272
608386 608822
608836 608962
609019 609237
609240 609353
609486 609550
609561 609783
609958 610225
610315 610480
610486 610575
610589 610590
610598 610822
610902 611160
611271 611466
611479 611563
611746 611904
611907 611962
611994 612216
612299 612491
612494 612624
612642 612861
612935 612976
612982 613071
613162 613396
613453 613609
613655 614129
614193 614531
614624 615103
615229 615516
615521 615709
615723 615775
615841 615975
616020 616285
616534 616676
616735 616859
616868 616988
616997 616998
617001 617220
617237 617413
617431 617655
617812 618108
618152 618342
618446 618698
618828 619013
619016 619062
619071 619212
619283 619531
619535 619611
619614 619672
619864 620065
620068 620226
620277 620531
620568 620660
620664 620761
620876 621187
621203 621296
621343 621532
621641 621749
621824 622004
622007 622181
622224 622433
622577 622856
622865 622967
623101 623332
623375 623770
623773 623903
624038 624203
624281 624434
624470 624781
624784 624946
625055 625185
625188 625472
625575 625943
625946 626094
626257 626407
626417 626592
626597 626657
626660 626757
626762 626800
626956 627051
627058 627105
627110 627213
627291 627665
627803 627853
627859 628216
628271 628356
628361 628523
628662 628995
628998 629106
629229 629445
629592 629994
630049 630152
630158 630215
630225 630429
630436 630525
630604 630924
630936 631093
631273 631837
631922 632079
632114 632283
632287 632555
632558 632663
632721 632863
632867 632935
633024 633163
633180 633266
633276 633458
633525 633685
633690 633737
633903 634079
634104 634309
634350 634447
634450 634515
634621 634706
634853 634946
635121 635123
635128 635302
635309 635431
635497 635741
635807 635876
635911 636030
636061 636148
636288 636457
636460 636571
636575 636637
636825 637000
637012 637267
637272 637325
637328 637513
637517 637581
637722 638023
638039 638080
638156 638314
638317 638455
638481 638633
638745 638747
638869 639247
639344 639825
639937 640090
640093 640252
640291 640534
640567 640859
640928 641148
641152 641170
641173 641176
641182 641603
641635 641764
641804 641969
642133 642135
642139 642336
642339 642408
642412 642668
642785 642786
642800 643136
643207 643231
643331 643438
643441 643499
643577 643763
643785 643955
644056 644203
644313 644487
644494 644696
644710 644744
644747 644753
644833 644989
645212 645458
645499 645562
645565 645597
645676 645903
645980 646103
646139 646642
646654 646944
647059 647082
647086 647199
647205 647313
647452 647653
647666 647787
647861 647959
647962 648066
648096 648322
648330 648416
648459 648672
648759 648780
648791 648881
648884 649116
649260 649518
649536 649641
649645 649750
649753 650020
650074 650142
650145 650198
650203 650273
650327 650438
650443 650598
650704 650833
650845 651097
651227 651483
651486 651503
651546 651702
651771 651933
651948 652057
652098 652203
652209 652330
652461 652514
652548 652629
652650 653044
653050 653189
653329 653445
653471 653567
653576 653722
653725 653905
653952 654253
654280 654282
654293 654497
654661 654846
654872 654907
654934 655128
655247 655440
655581 655698
655729 655972
655977 656145
656158 656245
656312 656413
656431 656483
656488 656611
656670 656850
656918 657145
657201 657551
657586 657971
657977 658199
658284 658320
658323 658686
658766 658935
658942 659028
659037 659363
659378 659551
659605 660078
660196 660561
660647 660990
661044 661300
661397 661666
661672 661733
661813 661887
661890 662161
662282 662392
662406 662442
662469 662634
662764 663098
663162 663345
663349 663457
663519 663728
663792 663809
663827 663990
664054 664060
664099 664255
664260 664662
664758 665068
665120 665436
665541 665923
665928 666194
666259 666294
666303 666532
666535 666633
666748 666911
666971 667405
667470 667672
667686 667825
667947 668070
668178 668429
668433 668614
668777 668967
669005 669047
669051 669366
669453 670078
670081 670210
670253 670605
670729 670925
670941 671283
671376 672005
672049 672178
672246 672285
672291 672366
672389 672613
672722 673011
673186 673188
673191 673586
673589 673657
673660 673832
673907 674026
674029 674100
674103 674336
674339 674422
674425 674586
674681 674801
674865 674931
674936 674956
674963 675003
675006 675080
675150 675415
675469 675661
675715 675809
675815 676213
676278 676535
676538 676651
676693 676859
676952 677018
677122 677609
677669 677898
677975 678292
678326 678595
678722 679161
679171 679246
679250 679451
679611 679763
679934 680245
680254 680443
680489 680733
680738 680824
680827 681053
681125 681197
681205 681451
681454 681563
681684 681711
681720 681884
681889 681924
681927 681994
681997 682083
682206 682315
682319 682398
682605 682778
682853 683027
683032 683384
683528 683718
683765 684129
684271 684476
684506 684852
684856 684918
685054 685602
685767 686087
686124 686349
686352 686406
686538 686580
686583 686666
686669 686684
686687 686780
686783 686826
686829 686902
687002 687078
687082 687240
687247 687310
687350 687392
687401 687560
687565 687783
687924 688400
688534 688638
688651 689115
689169 689438
689493 689692
689695 689871
690058 690463
690471 690578
690583 690660
690663 690681
690704 690801
690925 691247
691290 691385
691395 691479
691483 691529
691532 691593
691598 691884
691973 692152
692157 692237
692303 692551
692640 692813
692819 693087
693295 693379
693382 693518
693672 693891
693952 694020
694134 694386
694449 694471
694480 694525
694531 694636
694748 695190
695196 695243
695331 695405
695419 695576
695766 695810
695857 696200
696215 696342
696422 696527
696530 696706
696709 696918
696921 697046
697170 697313
697360 697556
697622 697710
697752 698103
698143 698436
698439 698845
698962 698995
699003 699248
699252 699350
699355 699588
699735 700071
700147 700556
700570 700619
700622 700758
700803 700905
700909 701136
701292 701428
701480 701764
701772 701829
701833 702058
702145 702329
702343 702483
702548 703023
703063 703543
703665 703849
703877 704191
704326 704587
704761 704989
705086 705168
705175 705329
705374 705558
705635 705860
705863 706016
706020 706246
706291 706387
706390 706631
706763 706798
706801 707095
707150 707161
707168 707254
707302 707536
707566 707808
707927 708349
708432 708512
708515 708694
708875 709099
709124 709284
709372 709666
709698 709829
709849 709956
710008 710021
710024 710079
710082 710329
710411 710468
710475 710537
710771 710881
710884 711243
711304 711629
711693 711892
711900 712000
712037 712220
712346 712644
712697 712915
712954 713038
713053 713243
713282 713390
713397 713436
713479 713505
713517 713621
713641 713869
713899 713985
714034 714291
714363 714619
714751 714896
714900 714963
715001 715244
715247 715315
715431 715442
715454 715637
715640 715801
715832 716236
716247 716308
716322 716337
716340 716548
716653 716845
716849 717103
717107 717194
717306 717569
717641 717741
717749 717776
717779 718101
718125 718264
718323 718533
718586 718623
718630 719156
719340 719432
719442 719664
719778 719780
719786 719897
719900 720084
720089 720280
720387 720650
720677 720993
720996 721181
721231 721285
721420 721594
721601 721992
722053 722327
722403 722815
722862 723207
723278 723359
723379 723737
723826 724031
724184 724441
724501 724503
724684 725110
725371 725372
725386 725467
725471 725589
725601 725892
725924 726198
726344 726572
726648 726784
726801 726895
726910 727154
727218 727363
727374 727616
727757 727907
727975 728221
728280 728342
728369 728371
728375 728585
728885 728988
728991 729076
729085 729371
729419 729554
729564 729623
729670 729933
729989 730302
730466 730788
730880 731275
731303 731621
731741 731914
731928 732048
732100 732249
732256 732459
732539 732752
732755 733202
733208 733400
733427 733657
733741 733782
733786 733946
733949 734094
734358 734393
734508 734879
734894 734908
734968 735142
735211 735597
735653 735797
735805 735938
735992 736195
736302 736348
736351 736504
736550 736703
736716 736787
736829 737116
737279 737569
737576 737642
737646 737955
738028 738432
738445 738571
738597 738691
738697 738811
738814 738948
738953 739109
739304 739306
739311 739392
739395 739505
739545 739706
739914 740078
740182 740240
740253 740317
740457 740783
740788 740890
740936 741052
741060 741285
741288 741353
741409 741838
741880 742430
742562 742650
742733 742954
742982 743332
743419 743896
744038 744371
744452 744453
744459 744680
744759 744851
744905 745444
745534 745619
745622 745888
745901 745912
745926 746240
746399 746406
746409 746551
746556 746873
747003 747154
747157 747561
747568 747721
747727 747826
747952 748107
748115 748132
748137 748588
748639 748783
748786 748870
748948 749108
749311 749352
749400 749716
749884 750045
750169 750417
750557 750800
750803 751140
751187 751199
751205 751393
751396 751625
751727 751765
751783 751839
751855 752208
752211 752489
752539 752664
752667 752878
752926 753042
753047 753306
753436 753490
753511 753655
753659 753734
753856 753981
753985 754139
754427 755222
755381 755718
755814 755978
756044 756280
756299 756568
756657 757193
757257 757417
757571 758102
758225 758564
758632 758854
758888 759069
759115 759218
759230 759283
759298 759553
759801 759843
759860 759980
759986 760252
760373 760694
760723 760723
760727 760790
760833 761006
761112 761251
761343 761852
761943 761999
762047 762218
762291 762414
762417 762506
762510 762525
762528 762847
762861 763191
763226 763322
763325 763480
763579 763640
763649 764015
764018 764283
764287 764435
764523 764576
764589 764632
764680 764740
764743 764806
764811 764912
765044 765152
765155 765161
765195 765389
765501 765629
765636 765782
765785 765871
765957 766057
766067 766112
766115 766236
766326 766542
766632 766887
766909 767002
767013 767180
767256 767486
767540 767722
767761 767819
767826 767979
768069 768299
768415 768816
768819 768872
768921 769332
769475 769572
769583 769653
769661 769925
770004 770160
770202 770407
770410 770514
770574 770694
770705 771002
771077 771324
771356 771491
771633 771908
771946 772136
772253 772585
772695 772695
772740 772855
772859 772966
772973 773106
773271 773487
773490 773694
773697 773776
773822 773869
773873 774025
774114 774387
774392 774484
774585 774915
774918 775045
775102 775415
775473 775791
775801 775976
776191 776508
776538 776854
776857 776942
777094 777351
777354 777471
777834 777978
778072 778234
778238 778252
778255 778637
778677 778942
778960 778980
778985 779085
779162 779205
779236 779334
779380 779664
779796 780101
780148 780339
780345 780699
780864 781066
781069 781144
781147 781189
781196 781227
781384 781557
781567 781737
781792 781957
781960 782132
782261 782449
782554 782797
782819 783315
783490 783536
783556 783871
783921 784220
784313 784405
784417 784441
784444 784664
784802 785129
785166 785284
785301 785303
785316 785374
785379 785422
785425 785610
785648 785735
785739 785910
786055 786403
786411 786754
786842 786954
786957 787089
787115 787376
787483 787537
787540 787677
787683 787735
787785 787929
788017 788470
788575 788934
789019 789170
789186 789274
789292 789454
789606 789852
789855 789914
789951 790099
790102 790208
790406 790502
790534 790692
790736 790845
790849 791012
791075 791378
791515 791883
791995 792255
792442 792445
792448 792735
792746 792848
792852 792862
792868 792887
792892 792929
792934 793044
793094 793249
793274 793376
793467 793598
793621 793749
793787 794043
794153 794543
794625 794783
794786 794848
794859 794964
794986 795080
795174 795176
795179 795510
795625 795841
795972 796157
796251 796487
796547 796558
796568 796614
796656 796871
796993 797100
797138 797278
797299 797558
797705 798464
798467 798523
798582 798905
799097 799315
799331 799407
799465 799495
799533 799841
799975 800169
800212 800341
800381 800589
800627 800660
800663 800724
800739 801013
801161 801294
801330 801515
801520 801555
801561 801803
801973 802194
802205 802531
802610 802836
802839 803109
803225 803361
803364 803481
803507 803619
803702 803896
803923 804235
804297 804361
804372 804490
804538 804777
804841 805024
805082 805317
805323 805644
805663 805730
805765 805969
806029 806208
806327 806679
806682 806815
806888 807193
807202 807441
807526 807640
807643 807801
807866 808158
808229 808513
808582 808632
808636 808817
808930 809167
809205 809327
809330 809454
809528 809692
809729 809816
809844 810041
810095 810163
810166 810307
810310 810366
810376 810575
810636 810763
810781 810992
811053 811186
811250 811252
811263 811399
811429 811618
811696 811828
811831 812010
812089 812308
812344 812522
812582 812626
812767 813027
813149 813609
813670 813787
813805 813974
813982 814327
814370 814507
814519 814665
814725 814846
814937 815016
815033 815071
815161 815276
815322 815505
815527 815681
815782 815967
815970 816087
816208 816396
816505 816688
816691 816821
816881 817025
817080 817129
817132 817311
817416 817518
817526 817651
817656 817799
817885 818192
818241 818543
818636 818770
818774 818897
818900 819210
819252 819456
819530 819627
819630 819760
819772 819808
819933 820317
820331 820715
820884 821091
821094 821169
821174 821399
821480 821693
821781 822090
822256 822387
822393 822493
822534 822863
822866 823057
823115 823192
823250 823649
823770 823858
823863 823894
823912 824025
824034 824284
824431 824611
824631 824633
824636 824837
824885 824970
824988 825115
825157 825256
825423 825645
825667 825949
826117 826424
826477 826629
826747 826897
826916 827198
827249 827506
827547 827725
827732 827842
827853 828019
828102 828105
828108 828198
828201 828239
828242 828312
828356 828548
828670 828729
828732 828954
829036 829259
829362 829590
829597 829724
829857 829960
829967 830111
830143 830171
830178 830451
830454 830497
830500 830534
830598 830670
830682 830973
831121 831319
831438 831544
831555 831571
831578 831671
831678 831681
831687 831784
831846 832139
832148 832309
832415 832565
832568 832742
832811 832897
832912 833087
833113 833135
833141 833451
833520 833719
833897 833939
834128 834348
834354 834545
834584 834735
834781 834909
834912 835140
835238 835414
835429 835678
835723 835872
835944 836146
836275 836562
836670 836807
836812 836948
836975 837483
837488 837582
837604 837898
837937 838202
838324 838467
838629 838896
838949 839330
839333 839441
839468 839936
840025 840130
840293 840420
840423 840677
840745 840867
840870 841023
841038 841234
841289 841445
841451 841588
841851 842073
842080 842187
842219 842673
842701 842853
843004 843006
843013 843245
843278 843484
843654 843656
843672 843926
844088 844208
844273 844750
844848 845132
845198 845479
845511 845683
845687 845752
845761 845814
845873 846058
846172 846542
846575 847046
847129 847299
847303 847401
847606 847721
847732 847803
847832 848056
848154 848509
848520 848679
848916 849017
849069 849297
849314 849535
849576 849973
850054 850252
850310 850591
850836 850923
850985 851291
851370 851547
851694 851841
851877 852032
852037 852233
852239 852295
852300 852429
852475 852683
852777 852968
853039 853315
853362 853722
853897 854012
854050 854067
854098 854235
854281 854290
854298 854571
854574 854662
854753 855163
855268 855447
855499 855514
855520 855566
855623 855969
856111 856288
856291 856402
856425 856465
856523 856671
856675 857331
857396 857577
857714 857822
857859 858020
858077 858189
858227 858530
858637 858759
858762 858986
859135 859314
859334 859336
859474 859483
859491 859765
859800 859858
859876 859922
859969 860231
860250 860549
860679 860773
860790 860832
860911 861104
861117 861300
861389 861419
861457 861564
861570 861739
861856 862126
862130 862277
862307 862416
862426 862489
862657 863290
863410 863568
863645 863848
863853 864218
864264 864461
864467 864597
864682 864710
864731 864924
864927 865045
865181 865240
865421 865698
865815 866230
866276 866451
866454 866579
866679 866887
866891 867015
867200 867275
867296 867376
867473 867618
867626 867863
867912 868047
868085 868266
868418 868440
868471 868720
868902 869042
869221 869344
869361 869452
869458 869708
869740 870150
870288 870543
870571 870735
870777 870971
870993 871220
871389 871502
871576 871801
871838 872136
872274 872466
872485 872614
872655 872820
873001 873251
873258 873566
873619 873949
873997 874110
874233 874497
874586 874617
874626 874742
874775 874934
874942 874986
874989 875101
875149 875414
875540 875542
875582 875660
875663 875864
875968 876109
876267 876555
876558 876754
876758 876936
877046 877390
877411 877497
877508 877655
877772 878069
878140 878393
878440 878717
878821 879027
879032 879235
879273 879313
879316 879373
879451 879744
879747 879812
879864 880039
880171 880438
880515 880682
880685 880889
880937 881121
881134 881315
881430 881751
881763 882016
882048 882086
882090 882291
882307 882606
882610 882651
882731 882879
882943 883170
883183 883365
883379 883427
883612 883905
884064 884261
884278 884400
884448 884897
884939 885422
885473 885529
885532 885906
885980 886035
886038 886159
886177 886312
886407 886453
886457 886541
886560 886600
886604 886656
886735 886950
887027 887045
887058 887265
887326 887508
887677 888078
888196 888430
888536 888568
888571 888812
888864 888927
888930 889037
889154 889362
889408 889652
889908 889996
890056 890201
890204 890327
890441 890470
890473 890739
890778 891242
891351 891608
891611 891848
891851 891902
892043 892292
892296 892348
892415 892617
892633 892714
892721 892780
892895 893029
893032 893211
893296 893486
893593 893623
893629 893735
893742 893783
893890 894016
894020 894339
894342 894426
894437 894585
894748 894827
894830 894904
895230 895231
895236 895485
895517 895658
895672 895701
895756 895939
895975 896129
896148 896423
896527 896875
896931 897242
897301 897503
897664 897840
897844 898056
898061 898071
898074 898166
898237 898411
898453 898507
898514 898521
898528 898676
898753 898800
898812 898934
898953 899093
899098 899143
899231 899403
899410 899732
899851 900246
900249 900346
900458 900713
900719 900816
900957 901011
901074 901299
901356 901493
901505 901848
901885 902009
902202 902409
902428 902500
902544 902623
902678 902882
903031 903033
903045 903124
903130 903359
903429 903586
903647 903829
903845 903961
903964 904112
904243 904245
904394 904548
904585 904722
904781 905057
905177 905451
905519 905750
905855 905951
905968 905995
906004 906055
906082 906232
906284 906456
906489 906680
906782 906968
907036 907279
907287 907312
907315 907365
907447 907990
908071 908280
908348 908568
908610 908818
908848 908999
909033 909211
909220 909361
909482 909735
909830 909832
909843 910087
910114 910339
910376 910647
910720 910841
910904 911448
911643 911754
911763 911881
911917 911987
911990 912087
912130 912341
912344 912478
912518 912762
912883 913002
913005 913099
913283 913285
913298 913566
913641 914077
914203 914261
914266 914413
914433 914545
914553 914670
914715 914826
914829 914859
914925 915131
915268 915292
915297 915298
915312 915526
915623 915634
915637 915862
916037 916038
916048 916195
916198 916369
916422 916652
916658 916812
916821 917008
917011 917149
917313 917478
917627 917968
917973 918001
918119 918152
918155 918485
918557 918595
918611 919143
919216 919340
919344 919403
919465 919481
919484 919717
919856 920007
920013 920128
920136 920360
920366 920709
920753 920893
920897 921052
921145 921450
921613 921815
921850 922000
922050 922378
922381 922750
922756 922887
922890 923060
923195 923327
923335 923602
923700 923796
923833 923910
923913 924119
924220 924450
924453 924785
924800 924857
924882 925026
925199 925260
925291 925600
925768 925935
926092 926363
926366 926618
926676 926823
926827 927020
927062 927347
927493 927721
927724 927891
927998 928358
928586 929020
929111 929230
929377 929507
929587 929852
930006 930223
930232 930244
930247 930274
930279 930311
930318 930462
930602 930818
930865 930900
930908 930960
930988 931051
931054 931129
931194 931429
931432 931612
931754 931951
931957 932160
932182 932333
932359 932445
932448 932583
932587 932757
932882 933073
933076 933231
933235 933313
933387 933427
933435 933544
933682 933898
933926 934422
934509 934649
934654 934927
934981 935010
935017 935084
935237 935574
935623 935738
935767 936067
936073 936120
936164 936346
936380 936483
936497 936560
936563 936572
936652 936658
936720 936875
936934 937061
937064 937122
937132 937135
937165 937419
937422 937505
937600 937761
937805 938020
938041 938174
938183 938336
938398 938451
938461 938633
938706 938915
938918 939065
939084 939415
939599 939760
939828 940181
940191 940302
940309 940390
940574 940778
940839 941061
941172 941514
941562 941607
941615 941671
941704 941938
941941 941969
941972 942351
942354 942582
942658 942798
942808 942881
942949 943123
943234 943371
943374 943402
943408 943462
943473 943812
943815 943931
943965 944141
944206 944224
944227 944256
944267 944425
944482 944644
944658 944711
944716 944950
944953 945089
945172 945423
945526 945817
945866 946124
946127 946231
946334 946455
946493 946582
946607 946610
946616 946762
946834 947109
947182 947433
947475 947702
947719 947829
947844 947854
947858 948048
948360 948473
948573 948686
948689 948939
948942 948960
948963 949034
949095 949237
949251 949404
949564 949772
949808 949832
949841 949878
949957 950160
950166 950265
950283 950325
950332 950376
950409 950645
950778 950801
950811 951105
951144 951220
951235 951438
951559 951953
952039 952101
952152 952252
952262 952287
952298 952597
952654 952678
952690 952722
952879 953253
953449 953574
953580 953591
953594 953685
953712 953777
953813 953868
953880 953907
953913 954136
954247 954551
954573 954945
955093 955153
955159 955241
955251 955287
955290 955372
955432 955726
955784 955916
955968 956176
956241 956282
956286 956399
956431 956677
956691 956952
957045 957204
957207 957359
957417 957582
957605 957938
957990 958384
958505 958841
958997 959145
959148 959223
959226 959366
959383 959721
959724 959930
960031 960365
960398 960418
960424 960653
960656 960832
960873 961105
961219 961352
961365 961577
961650 961817
961826 962049
962133 962581
962584 962889
962928 963475
963641 963797
963849 964132
964238 964388
964391 964421
964426 964494
964530 964582
964591 964771
964780 964917
964920 965012
965073 965268
965414 965564
965624 965940
965965 966007
966010 966086
966156 966303
966336 966604
966632 966675
966718 966857
966956 967042
967172 967406
967499 967664
967678 967884
967894 968041
968201 968454
968562 968771
968810 968975
969058 969204
969207 969568
969571 969726
969735 969789
969801 969854
969896 970192
970311 970417
970522 970658
970673 970958
970990 971348
971419 971737
971740 971902
971990 972402
972505 972602
972615 972845
972911 972968
972972 973155
973182 973384
973489 973643
973724 973811
973815 974145
974215 974281
974287 974344
974347 974491
974567 974893
975002 975505
975522 975525
975528 975581
975692 975847
975890 975949
975952 976074
976177 976262
976416 976865
976869 976956
977004 977080
977087 977090
977099 977233
977236 977446
977492 977588
977825 977866
977869 978020
978134 978353
978397 978454
978458 978821
978985 979151
979171 979336
979390 979628
979665 979971
980124 980310
980315 980485
980567 980897
980965 981276
981294 981570
981576 981880
981937 982229
982233 982317
982320 982658
982728 982846
982881 983025
983093 983250
983253 983312
983330 983578
983581 983714
983783 983887
983890 984164
984230 984426
984464 984644
984784 984818
984829 985186
985264 985546
985630 985697
985713 985976
986043 986242
986409 986713
986757 986919
986948 986970
987027 987027
987053 987125
987178 987178
