33 202
205 296
299 629
761 1037
1061 1063
1101 1141
1144 1628
1677 2067
2094 2096
2108 2264
2269 2713
2762 3115
3118 3244
3285 3286
3337 3981
4050 4164
4203 4206
4258 4918
4998 5031
5034 5329
5397 5455
5466 5641
5685 5686
5745 6220
6223 6450
6494 6875
6916 6918
6968 7391
7467 7594
7703 7846
7853 7975
7978 8154
8199 8201
8255 8370
8373 8425
8428 8671
8689 8766
8789 9520
9563 9565
9619 9959
9962 10294
10366 10806
10831 10832
10866 11270
11320 11703
11843 11975
11978 12391
12435 12437
12497 12733
12782 12988
13012 13015
13062 13443
13561 13874
13886 13992
14021 14022
14049 14399
14485 14615
14632 14633
14687 14961
15034 15761
15781 15783
15808 15853
15856 16019
16111 16386
16430 17121
17139 17336
17381 17383
17438 17543
17566 17854
18029 18129
18132 18273
18279 18337
18462 18678
18681 18800
18811 18813
18835 19469
19510 19511
19566 19914
19920 19922
19975 20013
20016 20163
20304 20533
20595 20642
20647 20812
20815 20888
20914 20916
20952 21390
21398 21551
21558 21615
21652 22315
22358 22360
22416 22582
22611 23119
23124 23489
23501 23502
23521 23678
23695 23845
23849 24050
24216 24477
24557 24716
24765 24818
24821 24937
24961 24963
24988 25160
25163 25197
25200 25280
25307 25636
25676 25678
25726 26185
26193 26842
26860 27316
27356 27358
27407 27643
27853 28215
28229 28231
28246 28440
28504 28951
28955 29011
29060 29062
29116 29323
29326 29473
29542 29802
29807 29922
29943 30212
30215 30251
30286 30288
30331 30458
30461 30667
30672 30719
30723 31169
31268 31635
31680 31682
31735 32131
32143 32239
32339 32442
32445 32530
32539 32541
32567 33218
33245 33343
33362 33525
33594 34049
34081 34082
34127 34220
34236 34334
34340 34392
34477 35018
35074 35257
35360 35582
35585 35626
35651 35653
35693 36211
36246 36621
36673 37094
37115 37117
37147 37329
37415 37724
37757 37758
37804 38029
38149 38524
38565 38733
38776 38876
38879 39222
39270 39272
39329 39402
39410 39803
39827 39917
39920 40110
40225 40355
40358 40394
40397 40560
40583 40585
40614 41071
41170 41316
41338 41506
41614 41846
41854 41856
41885 42578
42611 42772
42775 42827
42837 42952
42955 43082
43089 43090
43108 43476
43570 43892
43973 44404
44408 44608
44630 44632
44649 44901
44913 45096
45146 45334
45377 45838
45868 45870
45902 46218
46235 46399
46434 47023
47060 47240
47272 47466
47484 47486
47496 47843
47882 48249
48258 48689
48708 48710
48735 49082
49106 49288
49317 49631
49634 49767
49781 49782
49803 50318
50345 50465
50468 50499
50502 50579
50654 50892
50895 50949
51006 51170
51179 51181
51191 51547
51692 51820
51823 52143
52146 52221
52245 52290
52293 52419
52422 52549
52557 52558
52570 52630
52635 52739
52746 52904
52958 53088
53091 53276
53290 53470
53484 53616
53619 53851
53876 53984
53989 54192
54271 54746
54794 55097
55111 55112
55129 55622
55721 55732
55735 56257
56296 56687
56702 56703
56722 56905
56965 57135
57245 58052
58074 58077
58100 58325
58386 58514
58517 58868
58879 59055
