15 84
211 470
473 475
529 952
1077 1177
1226 1496
1563 1716
1741 1742
1770 2097
2149 2390
2519 2840
2845 2927
2972 3159
3198 3200
3249 3385
3452 3744
3819 4010
4014 4265
4338 4390
4420 4581
4650 4718
4747 4748
4785 5055
5112 5352
5378 5605
5710 5901
5929 6003
6063 6277
6298 6300
6332 6676
6679 6884
6958 7211
7269 7395
7437 7457
7469 7562
7590 7591
7626 7830
7906 8267
8383 8474
8567 8687
8719 8969
8996 8998
9030 9221
9291 9365
9392 9643
9649 9870
9939 10514
10523 10526
10537 10648
10652 10703
10783 11110
11167 11499
11552 11807
11839 11840
11886 12495
12562 12676
12725 12726
12769 12935
12943 13020
13073 13280
13285 13515
13567 13787
13790 14037
14136 14277
14324 14326
14377 14599
14602 14732
14739 14808
14890 15027
15041 15146
15232 15780
15822 15825
15851 16014
16058 16145
16156 16223
16281 16425
16428 16496
16522 16638
16641 16687
16711 16783
16837 16975
17040 17156
17160 17341
17353 17493
17520 17663
17700 17815
17852 17891
17895 18052
18096 18247
18252 18532
18600 18792
18819 18821
18853 18906
18935 19148
19156 19234
19244 19281
19352 19412
19465 19512
19517 19666
19732 19833
19836 20017
20094 20383
20401 20403
20413 20794
20819 20874
20880 20909
20915 20956
20978 20980
21032 21395
21438 21724
21788 22300
22313 22315
22347 22594
22602 22690
22748 22896
23006 23177
23199 23432
23487 23497
23503 23593
23603 23681
23684 23750
23776 23981
23995 23996
24031 24120
24124 24167
24174 24266
24334 24581
24623 24775
24780 24905
24910 25237
25310 25366
25369 25414
25455 25521
25570 25572
25596 25939
25956 26231
26333 26691
26694 26741
26760 26762
26798 27263
27356 27828
27911 27953
27973 27975
27995 28388
28392 28427
28430 28495
28524 28561
28576 28601
28680 29233
29259 29260
29277 29397
29407 29612
29615 29650
29720 29836
29840 30027
30132 30305
30308 30485
30488 30833
30861 30863
30903 31152
31157 31390
31419 31741
31764 31766
31784 31879
31964 32124
32127 32716
32766 32767
32818 33021
33038 33041
33079 33329
33363 33486
33543 33738
33741 34019
34059 34060
34078 34271
34332 34810
34900 35085
35141 35174
35177 35424
35491 35664
35709 35711
35760 35789
35797 35865
35868 36006
36082 36198
36233 36405
36452 36501
36505 36616
36699 37043
37058 37060
37096 37381
37485 37558
37600 37764
37782 37847
37929 38420
38436 38437
38474 38548
38633 38729
38770 38846
38883 38885
38907 39391
39492 39569
39603 39727
39760 39762
39803 40488
40499 40748
40752 40910
40946 40947
41001 41092
41109 41231
41278 41566
41663 42017
42021 42151
42242 42450
42462 42465
42521 42586
42603 42642
42663 42841
42915 43113
43125 43126
43170 43275
43278 43421
43426 43597
43627 43628
43648 43811
43968 44072
44081 44083
44132 44520
44601 44876
44903 45048
45162 45406
45487 45577
45586 45587
45609 46056
46113 46329
46412 46456
46545 46663
46739 46876
46892 46895
46946 47195
47201 47335
47403 47567
47641 47704
47779 48026
48103 48305
48384 48489
48496 48497
48515 48847
48850 49059
49154 49641
49644 49775
49832 50103
50119 50121
50163 50310
50399 50457
50496 50636
50698 50870
50926 51243
51247 51395
51432 51433
51482 51931
51984 52050
52070 52231
52309 52825
52860 52862
52909 53422
53561 53720
53774 53916
53955 53957
53999 54165
54170 54300
54306 54573
54618 54739
54795 54996
55082 55157
55204 55319
55336 55338
55367 55666
55732 55955
56019 56095
56180 56438
56504 56610
56622 56840
56874 56876
56922 57069
57097 57235
57301 57444
57487 57603
57667 57789
57797 57884
57968 58338
58347 58348
58368 58479
58483 58588
58669 58864
58874 58975
59011 59013
59060 59272
59353 59461
59488 59607
