15 236
250 509
553 802
810 812
829 992
1007 1186
1203 1267
1280 1449
1452 1508
1547 1647
1684 1832
1850 1851
1871 1949
1972 2075
2093 2239
2271 2289
2294 2457
2487 2560
2565 2722
2770 2998
3027 3190
3210 3212
3240 3333
3338 3418
3430 3533
3564 3670
3677 3819
3863 4028
4031 4077
4115 4270
4317 4381
4385 4414
4418 4523
4552 4655
4660 4707
4716 4717
4741 4811
4835 5092
5119 5483
5512 5740
5773 5918
5939 6195
6211 6341
6356 6557
6575 6973
6989 7194
7228 7387
7429 7746
7798 7858
7865 7922
7925 7927
7940 8168
8182 8183
8195 8314
8349 8463
8478 8554
8576 8638
8648 8717
8720 8776
8820 8945
8982 9123
9150 9314
9335 9481
9498 9740
9755 9758
9777 9995
10039 10127
10140 10291
10334 10433
10436 10529
10562 10772
10800 10933
10943 11107
11128 11168
11190 11394
11403 11405
11422 11704
11758 11894
11921 12149
12198 12459
12471 12472
12494 12698
12727 12915
12949 13261
13272 13406
13410 13525
13573 13799
13811 13813
13831 14022
14032 14188
14199 14393
14404 14543
14548 14551
14569 14732
14745 14937
14976 15190
15217 15364
15402 15630
15642 15805
15861 15993
15996 15997
16021 16162
16165 16265
16313 16453
16462 16576
16616 16747
16756 16836
16875 17037
17054 17056
17080 17433
17444 17582
17589 17696
17739 17835
17841 17924
17952 18062
18070 18157
18195 18380
18415 18493
18496 18575
18598 18598
18630 19006
19027 19197
19220 19222
19235 19490
19501 19569
19590 19753
19786 19937
19974 20165
20221 20387
20400 20576
20614 20680
20696 20698
20716 20816
20824 20972
20977 21082
21111 21222
21243 21538
21544 21546
21560 21800
21863 22055
22068 22070
22093 22219
22256 22542
22572 22704
22719 22720
22742 22900
22925 23101
23140 23318
23359 23516
23545 23713
23742 23835
23843 24111
24129 24281
24301 24302
24316 24467
24484 24729
24765 25068
25121 25231
25242 25265
25273 25387
25430 25707
25743 25745
25767 25820
25833 25908
25934 26064
26068 26350
26388 26441
26450 26554
26557 26614
26654 26827
26836 27031
27073 27212
27255 27385
27402 27403
27418 27482
27542 27774
27844 27992
28028 28110
28155 28225
28287 28343
28353 28474
28553 28641
28668 28792
28816 28818
28848 28946
28949 28963
28975 29032
29043 29046
29069 29134
29137 29378
29415 29565
29602 29618
29632 29914
29958 30253
30285 30480
30494 30495
30539 30648
30657 30724
30762 30776
30779 30864
30910 31087
31101 31244
31262 31263
31288 31338
31343 31683
31754 31985
32026 32115
32121 32174
32208 32406
32439 32503
32517 32593
32603 32769
32786 32788
32802 32913
32916 33045
33078 33162
33203 33327
33357 33411
33414 33484
33508 33645
33678 33733
33791 34011
34014 34092
34146 34264
34273 34275
34287 34469
34472 34545
34548 34609
34661 34794
34876 35049
35088 35164
35189 35281
35297 35515
35553 35672
35693 35695
35721 35779
35785 35864
35872 35907
35927 35999
36064 36266
36294 36381
36402 36505
36572 36711
36714 36794
36837 36916
36938 37049
37073 37075
37103 37193
37196 37232
37244 37331
37360 37446
37460 37681
37697 37743
37757 37828
37887 38068
38096 38161
38207 38290
38298 38298
38328 38646
38655 38743
38792 38994
39032 39092
39096 39272
39305 39540
39543 39616
39648 39651
39704 39857
39873 39937
39996 40133
40168 40544
40582 40724
40728 40809
40851 40974
40984 40985
41006 41189
41196 41247
41250 41340
41370 41391
41398 41529
41583 41671
41692 41875
41893 41895
41909 41934
41941 42002
42034 42210
42216 42339
42370 42513
42521 42589
42597 42735
42784 43016
43054 43258
43268 43270
43289 43557
43560 43724
43797 43874
43879 44007
44044 44152
44163 44378
44393 44554
44635 44756
44765 44864
44883 44885
44905 45052
45096 45113
45123 45271
45282 45361
45391 45619
45649 45829
45879 45884
45887 45980
46009 46278
46310 46312
46325 46488
46546 46598
46632 46789
46900 46954
46957 47066
47078 47174
47180 47261
47296 47448
47543 47652
47660 47767
47780 47782
47802 47875
47911 48218
48247 48476
48513 48751
48800 48873
48906 49154
49163 49165
49178 49429
49461 49636
49696 49987
49994 50032
50097 50290
50326 50450
50458 50523
50534 50536
50579 50737
50812 50942
50949 51057
51126 51176
51179 51320
51323 51388
51396 51457
51485 51583
51621 51726
51753 51753
51769 52009
52015 52184
52230 52321
52366 52386
52398 52642
52670 52757
52797 53070
53118 53172
53183 53293
53317 53320
53360 53625
53663 53678
53687 53753
53756 53886
53911 54035
54069 54271
54303 54445
54450 54616
54655 54874
54887 54888
54916 55001
55013 55030
55037 55102
55125 55176
55184 55186
55199 55536
55544 55592
55622 55731
55759 55761
55780 55974
56052 56274
56305 56480
56515 56733
56741 56842
56884 56951
56961 57197
57226 57320
57347 57348
57382 57546
57552 57582
57613 57673
57710 57818
57880 58071
58080 58165
58226 58367
58415 58644
58681 58789
58811 58813
58843 58910
59002 59177
59229 59317
59330 59521
59620 59882
