205 313
316 658
668 787
796 821
836 838
847 1037
1043 1169
1216 1430
1472 1519
1546 1684
1820 1900
1907 2100
2146 2226
2235 2250
2255 2323
2388 2407
2421 2606
2677 2867
2879 3073
3092 3154
3159 3224
3289 3318
3335 3394
3399 3563
3576 3642
3746 3812
3818 3863
3867 3886
3890 3952
3999 4093
4096 4195
4232 4258
4261 4438
4442 4612
4648 4650
4669 4678
4704 4706
4714 4745
4820 5417
5466 5691
5744 5993
6068 6230
6233 6336
6339 6346
6381 6712
6715 6800
6813 6897
6915 6916
6919 7055
7058 7490
7510 7616
7665 7710
7715 7761
7813 7988
8066 8186
8257 8408
8422 8599
8639 8642
8726 9065
9079 9130
9156 9227
9244 9373
9411 9583
9630 9743
9750 9875
9911 9969
10053 10090
10094 10178
10195 10240
10248 10357
10366 10410
10430 10469
10516 10619
10671 10818
10864 10882
10914 11280
11323 11376
11386 11392
11396 11402
11418 11501
11512 12307
12359 12411
12421 12557
12602 12612
12669 12806
12853 12989
13092 13177
13257 13364
13373 13563
13600 13626
13634 13937
13941 13975
14005 14015
14035 14087
14142 14278
14337 14501
14513 14798
14849 15056
15085 15275
15301 15499
15502 15553
15582 15634
15643 15756
15787 15965
16002 16470
16541 16611
16620 16736
16773 16992
17018 17039
17045 17098
17112 17141
17178 17311
17328 17367
17413 17574
17581 17798
17817 17909
17923 17981
17996 18166
18169 18191
18204 18258
18307 18352
18360 18442
18492 18713
18747 18871
18883 19121
19164 19340
19354 19391
19394 19603
19636 19753
19756 19834
19859 20163
20177 20279
20312 20431
20466 20533
20742 20800
20808 20842
20873 21370
21397 21434
21441 21583
21599 21686
21723 21798
21856 22099
22127 22264
22355 22431
22494 22842
22845 23009
23019 23142
23182 23261
23332 23431
23449 23509
23519 23553
23556 23623
23650 23826
23868 23949
24023 24136
24184 24338
24383 24460
24464 24719
24768 24943
24947 25102
25106 25520
25542 25545
25563 25782
25873 25996
26005 26165
26177 26320
26328 26378
26597 26728
26739 26883
26888 27045
27072 27137
27144 27329
27344 27502
27531 27590
27615 27697
27702 28353
28422 28547
28668 28714
28748 28793
28796 28979
29011 29061
29107 29159
29172 29598
29625 29841
29874 29996
30002 30106
30112 30263
30319 30400
30437 30566
30577 30675
30727 30837
30848 30871
30907 31206
31278 31496
31543 31678
31758 31816
31819 31992
32027 32245
32249 32353
32368 32702
32707 32956
32998 33245
33268 33306
33335 33446
33503 33708
33793 33968
33971 34195
34259 34319
34322 34394
34397 34400
34407 34489
34509 34588
34641 34761
34801 34852
34881 34935
34973 35138
35186 35382
35401 35539
35586 35696
35732 35815
35826 36029
36066 36187
36210 36246
36258 36552
36608 36667
36670 36971
36982 37047
37051 37110
37153 37240
37265 37401
37404 37461
37476 37533
37536 37920
37923 38114
38121 38166
38230 38333
38381 38950
39124 39270
39299 39447
39533 39610
39657 39801
39862 39917
39970 40000
40010 40286
40292 40525
40597 40688
40693 40744
40747 40892
40895 41076
41079 41085
41088 41152
41158 41333
41361 41587
41590 41716
41864 41942
41970 42024
42031 42216
42235 42450
42460 42485
42498 42548
42587 42726
42740 42796
42936 42994
43086 43237
43257 43521
43560 43741
43759 43835
43991 43993
43999 44078
44150 44275
44307 44458
44492 44846
44859 44870
44876 45163
45167 45311
45341 45576
45579 45887
45901 46230
46267 46438
46463 46605
46623 46762
46795 46991
46994 47096
47099 47230
47291 47408
47475 47823
47904 48142
48165 48255
48270 48456
48470 48795
48827 48939
48942 49054
49135 49282
49384 49502
49565 49980
50013 50315
50375 50500
50549 50682
50753 50905
50963 51051
51058 51162
51185 51458
51469 51563
51576 51718
51726 51790
51796 51907
51934 52017
52051 52057
52062 52214
52225 52387
52423 52607
52804 52806
52818 53358
53397 53530
53573 53726
53789 53831
53948 54219
54225 54305
54365 54691
54694 54754
54812 54879
54882 54971
54974 55152
55209 55241
55260 55509
55594 55652
55665 55863
55915 55990
56053 56159
56244 56247
56301 56409
56445 56552
56555 56658
56661 56922
56967 57095
57145 57183
57195 57295
57304 57441
57492 57687
57693 57755
57812 57855
57871 58078
58117 58545
58594 58929
58983 59324
59404 59508
59517 59546
59551 59801
59969 59971
59974 60274
60362 60428
60433 60647
60650 60704
60707 60864
60870 61035
61086 61175
61217 61675
61721 61781
61790 61971
62056 62096
62151 62259
62319 62518
62714 62717
62720 62764
62772 63038
63080 63156
63161 63218
63241 63624
63751 64032
64035 64047
64203 64359
64370 64518
64627 64861
64872 65026
65109 65374
65385 65558
65588 65712
65724 66003
66065 66218
66226 66262
66297 66343
66351 66410
66428 66566
66569 66627
66669 66734
66745 67003
67069 67071
67079 67110
67113 67221
67237 67335
67338 67441
67444 67600
67609 67702
67780 67797
67800 67971
68030 68183
68234 68264
68272 68318
68380 68381
68457 68558
68561 69095
69118 69354
69363 69460
69488 69554
69562 69601
69614 69768
69805 69835
69851 69911
69921 70004
70016 70089
70124 70173
70179 70276
70282 70336
70339 70383
70436 70444
70450 70525
70557 70619
70642 70718
70790 70931
70979 71052
71065 71183
71203 71294
71348 71750
71765 71966
72021 72154
72158 72239
72245 72375
72386 72587
72630 72668
72676 72695
72710 73206
73210 73257
73266 73412
73486 73636
73640 73746
73797 74147
74184 74404
74418 74439
74504 74653
74657 74696
74701 74902
74962 75271
75382 75556
75575 75707
75830 75832
75846 76013
76027 76168
76214 76251
76287 76567
76600 76677
76813 76849
76872 76955
76982 77048
77069 77222
77237 77238
77395 77581
77594 77671
77755 77756
77762 77827
77859 78110
78117 78164
78192 78193
78361 78426
78430 78617
78736 78738
78754 78861
78964 79081
79136 79465
79468 79622
79635 79805
79844 80033
80038 80137
80140 80214
80259 80498
80557 80558
80571 80619
80647 81129
81161 81260
81274 81312
81337 81432
81477 81651
81721 81936
81943 82039
82120 82271
82373 82375
82379 82451
82480 82659
82684 82750
82790 82907
82923 83079
83084 83194
83216 83395
83451 83530
83533 83572
83584 83632
83644 83687
83744 83959
83975 84001
84006 84042
84055 84090
84117 84213
84249 84474
84566 84907
84912 84923
84985 85082
85154 85483
85490 85849
85852 85873
85876 85901
85907 86112
86141 86212
86259 86300
86303 86319
86378 86565
86615 86849
86852 86974
87045 87191
87194 87350
87380 87425
87472 87593
87596 87702
87736 88072
88265 88455
88497 88863
88866 89057
89109 89134
89153 89155
89158 89390
89393 89689
89698 89775
89886 90110
90113 90197
90288 90541
90551 90649
90680 90945
90960 91076
91079 91150
91193 91324
91347 91386
91396 91452
91459 91520
91691 91725
91728 91815
91819 91947
92008 92398
92482 92684
92736 92775
92783 92850
92854 92905
92947 93309
93321 93392
93416 93453
93500 93516
93519 93539
93573 94050
94080 94185
94196 94777
94783 94828
94852 94887
94914 95311
95329 95563
95577 95699
95702 95940
96014 96031
96041 96136
96177 96323
96355 96531
96566 96625
96641 96852
96899 97005
97064 97360
97363 97687
97729 97798
97894 98056
98210 98211
98214 98251
98267 98348
98364 98522
98530 98628
98671 98728
98812 99121
99174 99236
99243 99499
99546 99673
99687 99751
99802 99997
100082 100198
100204 100259
100273 100377
100381 100526
100573 100871
100881 101015
101049 101166
101178 101352
101360 101417
101427 101673
101714 101968
102009 102230
102267 102403
102416 102432
102435 102444
102602 102702
102710 102757
102763 102948
102951 103015
103049 103051
103106 103248
103309 103524
103539 103568
103605 103606
103615 103879
103925 103989
104066 104115
104151 104442
104510 104644
104647 104754
104794 104910
104941 105025
105196 105377
105436 105665
105672 105725
105771 105907
105967 106054
106057 106272
106275 106320
106356 106536
106545 106573
106576 106667
106683 106861
106900 107310
107344 107513
107534 107583
107587 107733
107737 107812
107846 107968
107971 108221
108235 108381
108406 108458
108475 108518
108529 108583
108600 108672
108723 108818
108828 108930
108984 109082
109126 109402
109473 109516
109520 109549
109561 109616
109685 109880
109885 110122
110131 110243
110333 110566
110613 110709
110713 110786
110789 110937
111020 111220
111272 111344
111389 111479
111716 111730
111807 112009
112018 112160
112163 112508
112536 112544
112573 112794
112797 112964
113031 113253
113306 113403
113413 113611
113636 113679
113716 113848
113854 113942
113951 114261
114288 114508
114527 114620
114648 115066
115123 115199
115202 115328
115346 115513
115532 115656
115721 115792
115813 116081
116093 116229
116265 116366
116419 116649
116661 116679
116682 116726
116790 116976
117008 117018
117062 117378
117408 117410
117413 117438
117498 117700
117749 117783
117818 117918
117921 118109
118266 118268
118293 118337
118359 118564
118567 118688
118704 118739
118786 118833
118840 118947
118974 119122
119160 119171
119177 119278
119513 119516
119541 119547
119557 119558
119657 119992
120042 120162
120170 120357
120360 120447
120459 120499
120557 120710
120746 120862
120922 121028
121038 121171
121233 121298
121302 121419
121471 121793
121833 122074
122106 122235
122241 122389
122455 122542
122583 122654
122664 122728
122776 122880
122900 122980
122983 123074
123077 123149
123156 123270
123276 123306
123331 123659
123715 123933
123941 124089
124174 124248
124459 124673
124740 125014
125077 125227
125279 125440
125632 125803
125877 126013
126064 126379
126478 126633
126664 126721
126787 126903
126918 126926
126929 127124
127161 127390
127396 127471
127538 127723
127771 127802
127809 127973
127984 128247
128277 128312
128341 128503
128597 128731
128736 128981
129005 129125
129167 129325
129347 129906
129909 130043
130179 130294
130334 130433
130453 130545
130566 130750
130762 130869
130887 130994
131000 131034
131066 131144
131162 131259
131303 131427
131436 131615
131619 131668
131675 131868
131876 131915
131920 132028
132070 132347
132378 132539
132542 132709
132712 132815
132818 132827
132877 132906
132948 133221
133377 133605
133629 133737
133746 134032
134087 134186
134310 134435
134474 134715
134720 134906
134941 135076
135081 135113
135127 135268
135275 135358
135499 135716
135719 135874
135880 136051
136148 136258
136261 136338
136365 136594
136619 136906
136920 137064
137120 137264
137267 137305
137310 137350
137377 137422
137442 137491
137496 137549
137558 137711
137742 137832
137918 138062
138106 138128
138141 138351
138437 138794
138858 138973
138976 139110
139167 139684
139690 139951
140031 140050
140053 140191
140229 140315
140367 140498
140655 140925
140989 140991
140997 141050
141139 141454
141479 141616
141767 141849
141884 141991
142006 142091
142100 142441
142446 142509
142590 142753
142806 143007
143154 143396
143404 143487
143531 143630
143638 143856
143914 144002
144006 144306
144310 144425
144431 144482
144521 144549
144579 144770
144896 144938
144941 145099
145114 145183
145285 145287
145379 145628
145660 145686
145722 145774
145835 145974
146013 146216
146235 146392
146437 146583
146586 146780
146822 147020
147079 147237
147257 147320
147327 147674
147727 147998
148082 148541
148544 148547
148551 148717
148864 148886
148941 149243
149250 149284
149294 149373
149445 149446
149449 149598
149651 149778
149820 150268
150314 150620
150662 150878
150921 151186
151224 151496
151579 151919
151953 152174
152193 152382
152408 152466
152522 152654
152695 152716
152719 152744
152761 152825
152858 153178
153295 153319
153380 153469
153497 153555
153635 153776
153794 153878
153900 153962
153965 154141
154189 154634
154674 154840
154854 154964
155016 155052
155068 155499
155529 155713
155769 155844
155853 155944
155954 156108
156111 156149
156175 156417
156476 156626
156655 156770
156819 156846
156852 156898
156918 157085
157094 157123
157127 157130
157138 157161
157164 157453
157514 157605
157618 157644
157647 157908
157917 158015
158120 158179
158204 158323
158341 158448
158480 158641
158647 158964
158981 159155
159229 159231
159238 159305
159343 159569
159573 159733
159805 160040
160043 160130
160133 160159
160170 160519
160583 160839
160874 160945
160950 161075
161079 161189
161196 161249
161297 161671
161675 161869
161981 162137
162151 162228
162256 162312
162316 162509
162521 162569
162599 162684
162718 162758
162761 162946
162953 163048
163079 163106
163114 163162
163202 163494
163504 163604
163656 163701
163735 163850
163856 163873
163883 163933
163946 164136
164179 164267
164279 164420
164435 164462
164478 164565
164572 164788
164868 164920
164953 165047
165051 165518
165521 165633
165739 166035
166052 166055
166059 166214
166234 166330
166393 166585
166631 166673
166701 166702
166711 166794
166861 167148
167157 167212
167231 167368
167418 167511
167514 167544
167552 167572
167582 167622
167719 167860
167947 168214
168289 168402
168433 168639
168786 168892
168923 169260
169289 169330
169342 169471
169498 169631
169721 169839
169928 170064
170152 170280
170322 170492
170530 170607
170652 170812
170835 170853
170856 170900
170982 171198
171201 171432
171457 171512
171566 171720
171741 171791
171807 171943
171996 172130
172175 172216
172253 172450
172522 172716
172912 173215
173242 173328
173331 173539
173667 173670
173682 173942
173964 174098
174117 174153
174157 174339
174366 174383
174386 174443
174526 174791
174838 175010
175043 175323
175398 175688
175705 175866
175925 176227
176269 176403
176484 176486
176498 176818
176827 176934
176969 177096
177156 177224
177259 177409
177477 177599
177653 177775
177811 177907
177914 178018
178021 178105
178128 178183
178207 178245
178283 178342
178345 178540
178547 178663
178669 178705
178721 178859
178866 179337
179342 179417
179435 179446
179466 179518
179526 179622
179684 179880
179965 180272
180324 180554
180639 180696
180726 180780
180810 180893
180921 181002
181079 181509
181560 181641
181689 181928
181959 182083
182209 182238
182249 182295
182298 182408
182411 182522
182525 182568
182574 182683
182695 182838
182863 182958
183050 183503
183518 183554
183599 183667
183670 184006
184009 184111
184202 184203
184217 184342
184345 184662
184700 184801
184813 184871
184879 185076
185161 185162
185165 185237
185245 185412
185415 185648
185828 185830
185841 185955
185985 186302
186307 186345
186373 186547
186560 186646
186659 186725
186805 187011
187019 187152
187156 187216
187247 187382
187483 187485
187500 187754
187764 187923
187957 188193
188260 188356
188410 188763
188795 188974
188980 189015
189022 189163
189198 189222
189248 189398
189404 189457
189462 189582
189658 189732
189756 189841
189856 189910
189938 190023
190059 190086
190093 190264
190303 190453
190473 190593
190598 190626
190644 190968
190971 191017
191069 191105
191150 191214
191217 191730
191759 191860
191996 192077
192130 192413
192502 192950
192982 193156
193162 193216
193219 193253
193328 193602
193636 193661
193704 193712
193723 193747
193751 193814
193820 193889
193938 194027
194050 194106
194150 194167
194174 194269
194275 194364
194372 194422
194648 194675
194722 194786
194789 194827
194870 194910
194938 195144
195191 195192
195244 195268
195274 195350
195360 195575
195626 195740
195765 195870
195873 196044
196059 196165
196215 196265
196306 196325
196330 196458
196472 196737
196787 197087
197274 197295
197304 197400
197428 197552
197609 197970
198005 198049
198055 198439
198442 198443
198449 198756
198764 198790
198840 198866
198899 198902
198931 198985
199006 199171
199240 199359
199392 199393
199400 199537
199587 199809
199820 200096
200113 200525
200566 200696
200730 201252
201266 201377
201395 201457
201470 201510
201557 201683
201713 201855
201867 201923
201945 202001
202042 202150
202153 202404
202446 202579
202584 202731
202745 202747
202757 203029
203083 203219
203222 203451
203476 203743
203810 203811
203816 203835
203839 203917
203965 204236
204265 204267
204270 204524
204567 204729
204768 204867
204895 204968
205030 205139
205186 205330
205381 205455
205465 205539
205575 205607
205610 205763
205766 205886
205890 206071
206084 206273
206287 206425
206454 206628
206661 206947
207045 207146
207153 207205
207220 207316
207346 207731
207760 207972
208067 208081
208099 208183
208230 208442
208536 208757
208760 208815
208868 208953
208964 209146
209197 209323
209376 209606
209653 209803
209842 209891
209927 210173
210210 210613
210681 210784
210800 210881
210902 210968
211000 211067
211199 211437
211440 211562
211606 211898
211901 211946
211996 212249
212286 212466
212470 212618
212623 212708
212747 212796
212811 212866
212870 212969
213003 213104
213130 213372
213405 213465
213468 214122
214150 214345
214429 214533
214542 214564
214591 214671
214675 214860
214863 214967
214992 215270
215305 215431
215447 215524
215640 215728
215760 215842
215921 216015
216020 216105
216154 216448
216494 216708
216723 217080
217083 217157
217216 217406
217457 217588
217632 217731
217737 217842
217900 217940
217943 218013
218039 218109
218112 218261
218292 218544
218547 218632
218661 218869
218919 219050
219053 219260
219264 219328
219333 219427
219478 219571
219577 219808
219845 219862
219865 220232
220269 220328
220333 220381
220435 220457
220466 220522
220544 220564
220629 220771
220774 220861
220864 221018
221026 221177
221198 221467
221586 221857
222018 222063
222227 222503
222557 222768
222803 223032
223059 223093
223117 223159
223162 223285
223299 223452
223475 223477
223488 223572
223580 223639
223680 223897
223919 224103
224209 224264
224318 224362
224434 224882
224928 225154
225185 225338
225343 225417
225484 225586
225646 225791
225854 225909
225927 225984
225988 226041
226123 226308
226319 226569
226642 226670
226678 226760
226819 226890
226932 227087
227096 227326
227361 227658
227725 227808
227811 227920
227965 228021
228094 228178
228234 228276
228279 229463
229516 229628
229643 229816
229831 230105
230108 230156
230173 230227
230277 230604
230729 230877
230908 231099
231143 231206
231250 231309
231312 231393
231397 231423
231427 231456
231496 231810
231898 231908
231911 231977
231986 232029
232034 232077
232225 232280
232366 232773
232818 233032
233082 233903
233940 234058
234092 234267
234276 234391
234428 234552
234625 234904
234914 234998
235082 235092
235103 235269
235272 235400
235532 235640
235658 235966
236045 236119
236165 236346
236354 236450
236461 236463
236480 236614
236655 236681
236687 236827
236835 236886
236902 237035
237068 237329
237451 237453
237467 237638
237685 237923
237956 238398
238433 238494
238512 238662
238669 238737
238742 238854
238902 239216
239268 239590
239679 240366
240430 240535
240554 240646
240680 240833
240840 240914
240917 240971
241082 241083
241088 241179
241240 241405
241529 241663
241685 241801
241804 241980
241991 242272
242280 242374
242377 242401
242408 242485
242493 242623
242636 242875
242917 243170
243182 243260
243290 243380
243383 243609
243647 243797
243830 243858
243872 243972
244000 244112
244131 244181
244214 244267
244313 244436
244450 244503
244507 244639
244644 244695
244716 244790
244869 245087
245126 245252
245261 245338
245342 245426
245438 245483
245517 245676
245749 245776
245779 245834
245852 246171
246190 246338
246383 246431
246434 246664
246694 246755
246799 247216
247243 247731
247743 247822
247871 248035
248044 248137
248211 248255
248307 248346
248363 248416
248470 248952
249052 249241
249305 249332
249365 249499
249560 249768
249784 249815
249856 249991
249995 250097
250149 250224
250235 250307
250343 250485
250494 250871
250885 250916
250919 251045
251059 251168
251179 251243
251263 251312
251344 251512
251621 251839
251894 252127
252164 252288
252331 252506
252512 252862
252917 252979
253017 253085
253229 253617
253676 254107
254119 254315
254405 254407
254417 254937
254996 255112
255118 255202
255267 255426
255468 255668
255678 255744
255759 255761
255774 255864
255986 256546
256639 256718
256725 256929
256985 257048
257072 257230
257332 257561
257589 257664
257721 257828
257870 258243
258287 258397
258428 258530
258557 258629
258659 258754
258767 258992
259011 259606
259678 259738
259748 259782
259791 259830
259844 259847
259860 259983
259995 260206
260243 260318
260322 260390
260502 260505
260523 260664
260808 261033
261095 261226
261244 261307
261324 261449
261479 261511
261519 261751
261754 261834
261870 262063
262077 262306
262342 262570
262612 262681
262719 262752
262759 262800
262808 262933
262952 263150
263165 263239
263286 263375
263386 263464
263469 263532
263566 263612
263615 263776
263793 264038
264064 264094
264097 264148
264159 264426
264562 264655
264676 264733
264772 264858
264877 264955
265003 265027
265038 265187
265232 265532
265539 265706
265756 265937
265986 266051
266107 266278
266289 266317
266357 266523
266602 266684
266687 266893
266903 266946
266982 267005
267012 267042
267068 267105
267108 267167
267170 267319
267327 267441
267491 267724
267727 267953
268036 268076
268083 268147
268155 268244
268287 268424
268434 268575
268711 268885
268916 268953
269025 269238
269283 269311
269319 269559
269621 269771
269902 270173
270213 270224
270235 270526
270556 270622
270636 270934
270991 271175
271247 271458
271479 271537
271540 271685
271738 271760
271775 271925
271928 272005
272008 272094
272110 272261
272315 272336
272339 272411
272415 272519
272555 272771
272841 272921
272986 273148
273157 273219
273222 273280
273295 273330
273393 273725
273728 273892
273910 274051
274161 274496
274540 274662
274725 275231
275306 275335
275338 275404
275549 275618
275624 275677
275680 275845
275889 275992
276003 276120
276237 276313
276347 276708
276764 276781
276786 277230
277239 277445
277451 277568
277575 278007
278027 278100
278127 278437
278481 278625
278675 278753
278763 279214
279260 279467
279506 279642
279676 279771
279833 280063
280070 280280
280351 280520
280523 280755
280767 281077
281112 281285
281288 281315
281358 281611
281703 281762
281795 282086
282091 282268
282283 282408
282436 282522
282525 282615
282680 282732
282749 282900
282949 283156
283212 283213
283225 283531
283601 283706
283737 283900
283952 283982
283986 284010
284043 284046
284057 284078
284081 284179
284200 284642
284668 284931
284997 285168
285213 285428
285472 285473
285570 285887
285927 286059
286097 286236
286249 286350
286361 286458
286493 286629
286691 286896
286904 287210
287247 287858
287907 288209
288230 288337
288376 288638
288650 288737
288770 289026
289065 289185
289436 289438
289451 289501
289536 289728
289736 289891
289894 290150
290176 290209
290273 290446
290449 290784
290790 290867
290880 290985
291015 291181
291212 291253
291283 291330
291424 291461
291469 291672
291715 291808
291833 291913
291951 292142
292146 292273
292313 292408
292416 292677
292732 292987
292996 293146
293150 293254
293279 293404
293407 293548
293684 293922
293926 294039
294052 294232
294236 294282
294313 294384
294411 294681
294731 294758
294775 294948
294996 295056
295071 295179
295275 295491
295547 295637
295648 295748
295838 295957
296012 296174
296183 296297
296309 296459
296503 296809
296895 296946
296957 296991
297013 297067
297083 297281
297294 297323
297337 297370
297427 297613
297672 297793
297851 297965
298003 298034
298046 298130
298185 298429
298458 298788
298818 298993
299002 299156
299199 299352
299355 299392
299435 299624
299728 299976
300014 300434
300447 300546
300691 300898
300948 301105
301111 301179
301212 301233
301239 301283
301289 301363
301384 301495
301529 301684
301719 301850
301859 301957
301969 302027
302036 302173
302224 302290
302300 302410
302440 302503
302543 302620
302623 302722
302741 302878
302972 302975
302982 303008
303012 303035
303169 303450
303502 303703
303775 304056
304126 304237
304244 304334
304337 304472
304506 304576
304591 304621
304631 304739
304754 304998
305058 305103
305141 305208
305211 305385
305451 305565
305574 305753
305840 305934
305941 306175
306195 306291
306301 306335
306374 306520
306539 306709
306729 306750
306771 306884
307001 307013
307039 307293
307310 307408
307461 307463
307494 307593
307882 307969
308006 308263
308272 308396
308402 308440
308493 308589
308622 308790
308809 308879
308886 309116
309135 309217
309266 309377
309417 309420
309471 309482
309498 309598
309631 309735
309783 309883
309926 309994
310000 310081
310213 310251
310390 310469
310515 310772
310816 310885
310908 311144
311182 311872
311930 312166
312222 312295
312339 312572
312583 312664
312667 312907
312955 313264
313294 313435
313544 313626
313644 313717
313785 313943
313947 314043
314096 314435
314441 314519
314547 314640
314694 314805
314824 314957
314960 315043
315055 315178
315184 315436
315439 315594
315610 315749
315781 315783
315791 315879
315882 316050
316077 316191
316196 316514
316529 316714
316733 316958
317024 317143
317193 317280
317297 317378
317425 317845
317848 317907
317978 318154
318235 318346
318382 318459
318675 318736
318757 319140
319220 319251
319275 319379
319382 319510
319541 319704
319707 319847
319911 320011
320016 320169
320172 320241
320248 320655
320667 320805
320826 320963
321012 321197
321207 321409
321412 321469
321480 321538
321590 321611
321655 321744
321751 322013
322054 322169
322245 322276
322287 322516
322527 322569
322572 322607
322623 322740
322777 323001
323008 323066
323136 323346
323349 323437
323449 323500
323545 323826
323844 324323
324353 324433
324448 324575
324613 324671
324754 324929
324954 325036
325097 325432
325438 325618
325672 325790
325882 325883
325995 326058
326071 326133
326178 326224
326281 326345
326354 326402
326422 326617
326664 326729
326735 327306
327367 327635
327664 327736
327785 327903
327906 328003
328046 328272
328360 328705
328725 329106
329113 329222
329237 329484
329564 329804
329846 329954
329971 330096
330112 330483
330531 330586
330589 330632
330669 330880
330930 331150
331171 331194
331197 331392
331395 331548
331552 332172
332212 332293
332297 332489
332519 332588
332700 332869
332872 333173
333176 333288
333318 333393
333475 334050
334106 334240
334243 334294
334320 334375
334410 334465
334469 334603
334635 334800
334821 335058
335072 335075
335084 335172
335309 335334
335353 335365
335371 335485
335551 335680
335709 335757
335826 336076
336082 336127
336158 336248
336255 336277
336280 336311
336358 336537
336606 336767
336809 337154
337205 337995
338040 338188
338231 338388
338401 338482
338535 338573
338614 338878
338885 339169
339187 339475
339511 339531
339541 339573
339612 339678
339682 339719
339781 339818
339823 339870
339891 339917
339966 340056
340061 340242
340278 340332
340372 340509
340514 340725
340741 340989
341030 341290
341349 341465
341515 341635
341675 341774
341801 341875
341903 342025
342028 342108
342111 342419
342423 342545
342548 342765
342804 342986
343065 343161
343164 343237
343303 343388
343532 343656
343693 343741
343792 343823
343827 343991
344015 344122
344144 344304
344313 344422
344483 344775
344817 345044
345057 345165
345200 345360
345364 345429
345443 345613
345687 345819
345867 345886
345906 346094
346149 346276
346283 346455
346458 346473
346491 346848
346905 347015
347048 347245
347302 347645
347670 347941
347948 348043
348058 348090
348093 348164
348275 348450
348469 348648
348665 348769
348864 348906
349060 349174
349187 349196
349267 349355
349370 349583
349636 349807
349841 349947
349963 350022
350087 350285
350328 350357
350361 350565
350588 350853
350869 350882
350899 350999
351014 351064
351071 351371
351379 351457
351510 351567
351600 351759
351762 351851
351889 351998
352006 352038
352050 352152
352297 352459
352499 352524
352529 352602
352608 352723
352732 352788
352797 352863
352913 353073
353081 353244
353287 353437
353440 353526
353529 353582
353621 353646
353689 353924
353958 354142
354162 354183
354189 354339
354352 354418
354445 354528
354552 354555
354568 354803
354830 354831
354843 355024
355041 355108
355154 355233
355241 355357
355389 355391
355395 355493
355499 355588
355591 355665
355731 355742
355751 355943
355977 356077
356091 356160
356163 356492
356546 356616
356778 356798
356811 356897
357028 357131
357189 357273
357331 357411
357428 357538
357561 357701
357762 357989
357992 358071
358113 358253
358297 358322
358372 358593
358598 358701
358719 358761
358766 358822
358996 359196
359242 359381
359390 359489
359492 359569
359641 359865
359947 360203
360209 360263
360301 360339
360355 360462
360467 360544
360558 360643
360743 360955
360968 361042
361045 361239
361242 361341
361346 361406
361445 361614
361649 361783
361791 361848
361852 361971
362036 362209
362245 362401
362472 362595
362603 362720
362760 362835
362841 362900
362924 362945
362948 362997
363000 363180
363214 363239
363242 363486
363531 363626
363698 363905
363926 364003
364027 364045
364058 364292
364311 364555
364558 364725
364814 364816
364913 365038
365114 365161
365187 365346
365401 365402
365420 365661
365687 365736
365784 365938
365945 366041
366078 366208
366234 366338
366364 366366
366376 366769
366775 366941
366984 367246
367251 367385
367463 367466
367479 367631
367676 367778
367781 367852
367897 367942
367985 368098
368139 368184
368205 368285
368311 368442
368446 368507
368526 368619
368676 369113
369117 369155
369198 369344
369413 369707
369712 369906
370067 370167
370187 370285
370362 370688
370724 370765
370831 370888
370910 370966
370973 371073
371076 371182
371185 371263
371280 371485
371502 371530
371548 371715
371742 371880
371896 371991
371994 372189
372225 372339
372392 372431
372470 372579
372583 372733
372777 372871
372882 373179
373222 373438
373441 373557
373566 373648
373759 373764
373768 374028
374109 374111
374128 374528
374539 374610
374634 374769
374798 374925
374933 375154
375245 375598
375604 375649
375687 375862
375881 375887
375890 375944
375998 376126
376171 376261
376264 376375
376416 376494
376500 376608
376620 376758
376763 376835
376978 377045
377048 377096
377120 377394
377421 377580
377625 377805
377846 377942
377949 378164
378172 378316
378332 378432
378464 378675
378700 378763
378814 378858
378882 378927
379022 379101
379170 379210
379240 379328
379355 379475
379481 379539
379617 379941
379974 380115
380178 380523
380528 380569
380580 380581
380586 380634
380645 380696
380759 380866
380903 381176
381236 381540
381560 381647
381687 381966
382023 382183
382228 382695
382725 382773
382837 382869
382882 382940
382943 382949
382956 383078
383156 383246
383295 383322
383360 383391
383394 383490
383502 383627
383678 383752
383786 383876
383885 383966
384004 384108
384156 384231
384426 384471
384498 384628
384738 384874
384881 384971
385022 385278
385305 385357
385424 385517
385536 385624
385737 385738
385755 385909
386109 386197
386228 386452
386509 386550
386568 386685
386737 386849
386979 387030
387131 387294
387306 387447
387450 387497
387510 387741
387746 387868
387872 388055
388060 388100
388162 388389
388456 388666
388717 388934
389015 389301
389393 389574
389581 389634
389652 389725
389777 389828
389833 389870
389898 389993
390068 390163
390183 390208
390268 390629
390656 390761
390776 390960
390974 391087
391104 391163
391209 391305
391374 391425
391430 391512
391536 391710
391751 391778
391787 392139
392212 392295
392347 392422
392429 392485
392497 392535
392538 392735
392741 392798
392802 392866
392910 392942
392947 393133
393145 393210
393223 393254
393257 393355
393360 393403
393413 393418
393424 393520
393586 393854
393985 394201
394233 394273
394282 394327
394339 394400
394454 394734
394737 394934
394950 394988
395015 395254
395266 395294
395301 395339
395342 395375
395379 395461
395464 395531
395561 395628
395670 395713
395731 395792
395836 395877
395886 395942
395956 396132
396180 396397
396421 396456
396546 396583
396599 396708
396740 396854
396866 396908
397097 397279
397321 397539
397563 397611
397615 397673
397676 397760
397780 397959
397995 398035
398070 398362
398408 398615
398628 398753
398803 398941
398978 399101
399161 399288
399293 399422
399509 399554
399562 399684
399733 399804
399838 400054
400062 400084
400097 400214
400269 400359
400369 400456
400513 400544
400561 400589
400595 400706
400771 400920
400942 400987
401037 401138
401172 401237
401262 401283
401287 401466
401475 401656
401676 401763
401767 401839
401845 402122
402187 402268
402276 402434
402456 402630
402679 402754
402767 402926
403003 403221
403257 403371
403374 403636
403645 403723
403807 403937
403940 404031
404081 404300
404406 404527
404575 404642
404651 404751
404767 404910
404959 405001
405055 405363
405404 405432
405436 405623
405627 405749
405762 405861
405908 406165
406190 406397
406457 406458
406504 406721
406733 406939
407020 407201
407234 407331
407334 407647
407701 407865
407869 408003
408046 408125
408134 408450
408564 408871
408986 409045
409054 409116
409129 409228
409252 409281
409288 409509
409551 409893
409939 410063
410073 410110
410150 410342
410356 410524
410537 410649
410710 410755
410783 410883
410907 410943
410964 410966
410969 411152
411201 411309
411321 411359
411378 411428
411431 411638
411678 411849
411852 412038
412069 412163
412221 412268
412278 412327
412344 412550
412666 412696
412702 412962
413007 413302
413319 413398
413440 413666
413717 413777
413833 413924
413944 414118
414136 414201
414244 414474
414535 414704
414776 415231
415255 415256
415351 415618
415621 415674
415707 416008
416036 416342
416383 416495
416504 416608
416662 416663
416714 416970
416975 417024
417034 417036
417039 417045
417048 417170
417355 417620
417782 417808
417823 417849
417869 418093
418181 418226
418229 418343
418382 418383
418439 418623
418635 418684
418697 418798
418851 418971
419003 419163
419219 419275
419288 419395
419400 419458
419520 419615
419665 419715
419718 419879
419910 420199
420231 420433
420466 420502
420514 420644
420691 421105
421168 421306
421309 421340
421416 421483
421551 421886
421889 421891
422016 422056
422100 422180
422189 422413
422519 422564
422606 422829
422849 422884
422916 423023
423026 423239
423250 423344
423348 423399
423476 423547
423552 423739
423793 423812
423846 424031
424055 424102
424105 424190
424321 424323
424340 424540
424598 424694
424723 424761
424818 424855
424874 424943
424963 425042
425102 425341
425346 425448
425533 425762
425772 425954
425975 426114
426168 426376
426442 426777
426794 426883
427000 427002
427010 427237
427297 427459
427496 427605
427673 427699
427718 427797
427841 427878
427886 427946
428000 428035
428038 428182
428185 428277
428320 428435
428544 428745
428788 428879
428890 428940
428950 428997
429042 429170
429183 429233
429261 429479
429648 429677
429692 430006
430047 430087
430142 430252
430256 430306
430341 430454
430519 430551
430554 430764
430774 430918
430924 431060
431155 431198
431249 431355
431386 431474
431486 431514
431518 431657
431728 431793
431806 431921
431961 432258
432266 432313
432352 432511
432523 432612
432641 432741
432754 432783
432830 432860
432879 432921
432924 432951
432954 432997
433045 433084
433090 433152
433226 433266
433272 433314
433370 433463
433477 433734
433794 433938
433989 434028
434036 434103
434117 434219
434248 434416
434427 434556
434600 434724
434737 434782
434787 434946
434989 435163
435176 435244
435293 435530
435542 435583
435603 435676
435748 435893
435938 436322
436336 436435
436483 436505
436516 436529
436547 436787
436857 436880
436923 436980
436987 437110
437185 437313
437316 437487
437532 437628
437631 437807
437810 438151
438154 438225
438341 438352
438374 438556
438634 438781
438786 438792
438854 439059
439063 439165
439173 439287
439394 439480
439487 439574
439602 439671
439674 439729
439767 440011
440018 440038
440079 440222
440242 440336
440346 440400
440444 440589
440597 440765
440774 440819
440925 441011
441019 441083
441164 441699
441705 441864
441868 442144
442225 442461
442490 442527
442530 442910
442941 443162
443185 443382
443493 443535
443554 443677
443680 443792
443825 444029
444032 444237
444288 444410
444415 444587
444590 444655
444738 444752
444758 445009
445030 445133
445165 445300
445330 445522
445556 445558
445752 446188
446196 446391
446403 446424
446429 446462
446486 446488
446521 446640
446654 446819
446842 446885
446916 447227
447250 447334
447403 447555
447642 447645
447652 447762
447807 448012
448077 448259
448321 448573
448579 448886
448964 448966
448974 449036
449129 449308
449364 449412
449415 449502
449525 449622
449694 449696
449706 450084
450132 450153
450158 450160
450257 450333
450378 450380
450392 450519
450542 450716
450808 450810
450822 451038
451059 451157
451279 451343
451402 451572
451623 451768
451819 451901
451994 452204
452237 452329
452345 452502
452540 452804
452847 452850
452931 453326
453416 453418
453429 453534
453580 453839
453860 453862
453869 453943
453986 454224
454319 454633
454684 455077
455114 455296
455402 455405
455414 455549
455606 455895
455982 456041
456051 456282
456338 456417
456422 456465
456475 456541
456584 456709
456745 456779
456821 456860
456872 457023
457076 457292
457299 457366
457379 457461
457474 457518
457529 457619
457696 457810
457817 457826
457833 457875
457898 457993
457996 458056
458089 458232
458270 458288
458291 458335
458347 458473
458507 458685
458696 458828
458860 459122
459136 459229
459244 459315
459357 459420
459424 459571
459651 459808
459868 460077
460122 460441
460451 460478
460484 460569
460615 460677
460683 460813
460830 460871
460904 461012
461063 461172
461188 461284
461305 461462
461549 461727
461730 461784
461804 461858
462017 462042
462045 462163
462168 462285
462344 462451
462485 462658
462693 462711
462716 462886
462923 463198
463246 463449
463575 463700
463713 463807
463881 463883
463899 464007
464180 464425
464483 464621
464690 464789
464804 464977
465073 465158
465218 465278
465307 465354
465370 465531
465591 465795
465798 465853
465882 466264
466346 466408
466416 466462
466517 466518
466553 466729
466739 466797
466802 466857
466915 467078
467200 467321
467328 467406
467438 467517
467668 467746
467797 468024
468057 468136
468145 468180
468186 468227
468233 468280
468300 468371
468422 468620
468636 468695
468716 468935
468969 469159
469181 469339
469383 469650
469669 469700
469718 469767
469785 469858
469864 470169
470228 470333
470397 470552
470567 470730
470791 470876
470901 470953
471138 471196
471205 471448
471497 471564
471583 471635
471671 471767
471774 471878
471902 471991
472061 472062
472082 472130
472139 472248
472252 472404
472408 472540
472584 472647
472654 472813
472816 472850
472853 472973
472989 473200
473250 473757
473797 473808
473811 473824
473869 473937
474014 474054
474075 474146
474160 474219
474286 474530
474593 474615
474622 474680
474683 474826
474868 475048
475106 475145
475157 475203
475215 475295
475327 475415
475429 475475
475479 475631
475648 475707
475778 475965
475977 476098
476101 476267
476300 476405
476420 476746
476790 476885
476933 477135
477250 477391
477394 477426
477465 477583
477595 477808
477820 477858
477861 478048
478108 478214
478223 478518
478560 478640
478657 478733
478793 478830
478889 478970
479083 479592
479595 479702
479705 479757
479801 480033
480062 480156
480162 480260
480300 480351
480354 480454
480470 480546
480600 480753
480761 480881
480892 480922
480956 481075
481086 481182
481190 481277
481317 481462
481513 481823
481849 481946
481999 482185
482189 482222
482252 482292
482325 482384
482408 482495
482511 482993
483036 483152
483155 483315
483329 483344
483354 483381
483388 483432
483490 483652
483655 483685
483718 483739
483742 483743
483754 483897
483924 484145
484221 484343
484450 484452
484463 484499
484544 484716
484750 484786
484818 484855
484866 484912
485010 485051
485108 485190
485203 485323
485328 485513
485552 485585
485614 485681
485739 485800
485841 485873
485886 486028
486038 486207
486238 486511
486546 486639
486654 486656
486669 487108
487111 487223
487345 487499
487502 487582
487623 487674
487678 487811
487818 487853
487860 487963
487974 488097
488136 488205
488214 488214
488219 488278
488281 488351
488354 488399
488520 488633
488676 488791
488795 488863
489020 489029
489034 489158
489192 489482
489487 489663
489709 489797
489867 489870
489873 489912
489918 490033
490095 490173
490249 490387
490479 490481
490488 490584
490667 490749
490770 490888
490964 490997
491010 491162
491282 491516
491553 491606
491623 491629
491632 491806
491809 491976
492002 492058
492094 492284
492334 492391
492396 492490
492510 492830
492871 493005
493032 493231
493234 493305
493388 493555
493561 493726
493737 493955
493958 494070
494127 494336
494383 494667
494670 494906
494947 495106
495162 495254
495355 495723
495728 495803
495927 495933
495936 496146
496150 496215
496246 496318
496367 496466
496515 496674
496743 496909
496912 497033
497080 497217
497246 497321
497430 497634
497643 497691
497716 497745
497802 497815
497854 498042
498046 498305
498453 498485
498489 498602
498608 498672
498762 498929
498954 498999
499048 499121
499124 499329
499332 499384
499391 499558
499605 499788
499820 499876
499904 500086
500122 500167
500236 500327
500366 500409
500463 500679
500739 500863
500967 501114
501117 501234
501237 501523
501529 501603
501615 501669
501699 501812
501823 502022
502028 502167
502193 502223
502286 502480
502486 502656
502659 502706
502748 502878
502894 503126
503132 503212
503216 503302
503344 503433
503448 503522
503549 503651
503676 503961
503971 503973
503982 504113
504129 504333
504362 504398
504401 504488
504570 504697
504727 504740
504743 504802
504825 505183
505226 505517
505638 505886
505928 506122
506205 506301
506338 506513
506524 506676
506679 506984
507025 507249
507299 507447
507450 507527
507590 507778
507794 507892
507897 507967
508024 508069
508079 508196
508217 508270
508288 508468
508506 508670
508700 508769
508873 509128
509131 509227
509237 509458
509461 509523
509534 509736
509760 509912
509928 510027
510043 510201
510238 510350
510375 510763
510805 510985
511027 511239
511272 511461
511480 511497
511527 511571
511602 511883
511886 511986
512023 512101
512118 512237
512269 512388
512423 512600
512605 512650
512668 512794
512846 512876
512925 513018
513028 513134
513137 513273
513400 513402
513419 513498
513518 513554
513590 513702
513867 513901
513904 514179
514224 514263
514283 514523
514582 514731
514830 514942
514951 515033
515088 515209
515256 515290
515293 515344
515347 515557
515653 515667
515721 515842
515883 516065
516072 516177
516188 516242
516269 516342
516382 516476
516494 516601
516640 516741
516768 516832
516840 516970
517078 517081
517091 517219
517229 517378
517383 517452
517465 517549
517582 517711
517746 518214
518396 518704
518784 518883
518886 519058
519126 519305
519374 519636
519658 519689
519697 519829
519849 519982
520022 520115
520138 520171
520184 520214
520218 520441
520460 520481
520487 520540
520629 520853
520935 521220
521234 521275
521280 521468
521518 521727
521797 521929
522008 522135
522200 522286
522326 522612
522634 522724
522741 522914
523000 523295
523298 523353
523356 523522
523528 523672
523687 523878
523972 524200
524205 524359
524370 524403
524406 524620
524648 524984
525024 525252
525255 525390
525487 525722
525767 526035
526083 526212
526219 526248
526261 526423
526461 526764
526768 526912
526948 527123
527137 527168
527174 527216
527323 527506
527542 527753
527761 528024
528081 528083
528090 528185
528297 528704
528902 528941
528946 529049
529052 529203
529209 529312
529318 529352
529355 529516
529521 529610
529655 529882
529975 529977
529984 530119
530139 530319
530382 530496
530499 530601
530624 530741
530763 530864
530913 531009
531021 531114
531152 531252
531280 531379
531427 531528
531534 531716
531752 531832
531873 531915
531925 532057
532066 532117
532122 532210
532249 532351
532518 532599
532603 532778
532781 532927
532983 533196
533222 533250
533278 533378
533419 533474
533477 533646
533680 533704
533726 534001
534040 534148
534276 534460
534475 534700
534703 534755
534758 535009
535045 535122
535144 535295
535356 535575
535623 535751
535807 535851
535854 535905
535909 536038
536080 536338
536344 536488
536498 536596
536711 536885
536895 536971
536974 537090
537096 537155
537269 537385
537388 537407
537462 537520
537524 537706
537723 537759
537822 537871
537900 537966
537978 538022
538025 538183
538195 538317
538361 538454
538492 538523
538537 538826
538891 539093
539175 539458
539466 539495
539513 539549
539552 539624
539640 539837
539981 539983
539993 540154
540175 540338
540362 540418
540421 540657
540712 540738
540746 540795
540862 541179
541187 541236
541281 541516
541577 541698
541701 541860
541891 541911
541916 542035
542045 542283
542286 542376
542403 542527
542565 542807
542894 543242
543267 543535
543651 543868
543894 544176
544197 544295
544302 544340
544363 544434
544589 545303
545338 545434
545466 545561
545604 545691
545867 546005
546062 546157
546165 546251
546262 546285
546303 546321
546324 546458
546461 546635
546662 546776
546790 547034
547042 547062
547085 547170
547349 547406
547423 547980
548039 548305
548309 548407
548438 548489
548530 548992
549032 549305
549319 549322
549337 549418
549429 549497
549500 549564
549616 549739
549762 549765
549777 550111
550238 550341
550344 550489
550549 550624
550631 550659
550670 550703
550707 550740
550743 550788
550791 550874
551003 551005
551011 551323
551354 551612
551659 551794
551836 552092
552148 552247
552250 552560
552641 552757
552761 553005
553009 553113
553192 553313
553333 553568
553573 553621
553683 553912
553915 553933
553936 554084
554159 554353
554457 554495
554522 554568
554573 554624
554650 554721
554753 554845
554857 554904
554924 555047
555117 555284
555307 555379
555433 555526
555721 555722
555729 555893
555911 555964
556014 556264
556267 556385
556398 556995
557023 557161
557195 557372
557390 557499
557509 557551
557560 557585
557600 557640
557766 558008
558053 558082
558086 558339
558361 558438
558444 558444
558468 558468
558472 558535
558538 558644
558668 558841
558881 558990
558993 559039
559060 559197
559236 559359
559372 559431
559435 559530
559609 559747
559872 559987
560027 560148
560161 560399
560443 560602
560610 560857
560879 560989
560993 561255
561317 561542
561583 561938
561976 562325
562364 562604
562630 562738
562750 562752
562860 562903
562907 562944
562947 563089
563136 563159
563169 563226
563235 563285
563350 563390
563398 563455
563470 563582
563592 563663
563674 563791
563798 563816
563822 563956
563995 564145
564148 564317
564368 564368
564371 564535
564676 564801
564978 565049
565058 565219
565224 565283
565309 565412
565454 565531
565539 565577
565580 565723
565729 565767
565894 565896
565899 565949
565982 566098
566150 566736
566763 566789
566813 566819
566877 566960
566990 567257
567405 567489
567536 567885
567958 568088
568095 568139
568227 568538
568542 568577
568580 568637
568674 568761
568812 569048
569089 569121
569124 569240
569251 569318
569322 569549
569587 569772
569806 569908
569943 570110
570130 570256
570279 570466
570477 570570
570613 570872
570875 570976
571003 571050
571073 571241
571255 571376
571420 571473
571476 571485
571489 571570
571608 571743
571748 571851
571939 572022
572025 572244
572305 572448
572476 572627
572643 572738
572789 573057
573066 573123
573169 573197
573201 573303
573314 573444
573476 573509
573524 573564
573614 573771
573840 573916
573962 574190
574231 574486
574511 574737
574806 574877
574904 575015
575037 575038
575049 575205
575211 575403
575412 575526
575629 575698
575734 575751
575758 575999
576079 576223
576321 576461
576476 576616
576668 576776
576781 576883
576939 577061
577086 577234
577250 577280
577292 577421
577487 577549
577591 577662
577695 577857
577866 578025
578043 578074
578077 578132
578166 578275
578312 578353
578356 578395
578434 578478
578560 578745
578768 579152
579190 579637
579697 579729
579733 579916
579929 580161
580175 580498
580529 580808
580815 581091
581136 581190
581242 581515
581557 581791
581820 582041
582126 582202
582206 582267
582429 582445
582479 582692
582703 582826
582831 582887
582988 583196
583210 583296
583301 583344
583387 583705
583752 583988
584000 584148
584226 584380
584498 584690
584728 584821
584831 584974
585055 585157
585395 585604
585645 585754
585797 585798
585803 585835
585846 586013
586096 586133
586136 586261
586308 586443
586461 586514
586549 586706
586742 586749
586819 586862
586900 587025
587028 587167
587179 587191
587218 587648
587657 587939
587964 588017
588031 588077
588145 588222
588225 588297
588302 588406
588498 588553
588603 588697
588724 588745
588748 588860
588929 589214
589263 589675
589685 589818
589841 590059
590072 590209
590212 590352
590355 590481
590484 590592
590648 590755
590765 590790
590800 590830
590834 590878
590882 590965
591048 591086
591115 591207
591237 591392
591409 591445
591453 591619
591658 591709
591716 591948
591975 592000
592090 592251
592264 592429
592449 592472
592481 592566
592616 592893
592899 593005
593008 593113
593152 593410
593426 593635
593638 593799
593840 593966
594020 594071
594074 594156
594178 594513
594519 594591
594613 594696
594727 594847
594934 595126
595156 595337
595371 595417
595433 595568
595605 595694
595706 595810
595826 595896
595934 596067
596106 596138
596143 596182
596185 596256
596287 596439
596526 596528
596536 596587
596601 596689
596697 596858
596893 596962
596973 597080
597083 597213
597300 597365
597427 597606
597669 597709
597713 597781
597809 597918
597950 598266
598307 598368
598383 598525
598591 598783
598797 598965
599161 599163
599169 599473
599517 599603
599677 599816
599857 600013
600018 600218
600260 600519
600543 600724
600831 601016
601023 601075
601113 601174
601178 601309
601349 601547
601617 601670
601689 601877
601890 602076
602120 602203
602212 602324
602353 602738
602784 602920
602977 603083
603107 603352
603361 603483
603596 603907
604000 604013
604041 604075
604078 604266
604511 604569
604614 604663
604686 604849
604869 604933
604951 604961
605033 605195
605199 605319
605322 605349
605360 605430
605436 605471
605545 605591
605594 605672
605878 605948
605994 606020
606066 606161
606228 606302
606359 606433
606469 606520
606557 606584
606587 606737
606775 607285
607293 607314
607324 607376
607379 607440
607468 607526
607535 607721
607764 607862
607879 607948
608001 608269
608310 608382
608400 608531
608578 608653
608704 608738
608743 608788
608848 609068
609113 609165
609186 609214
609270 609374
609557 609795
609802 609893
609903 610019
610096 610242
610245 610454
610465 610471
610516 610693
610696 610903
610939 611062
611069 611110
611129 611271
611376 611521
611524 611850
611862 611989
612002 612030
612039 612087
612100 612368
612387 612551
612562 612637
612739 612913
612950 613130
613228 613364
613490 613714
613778 613902
613932 613965
613994 614058
614090 614293
614337 614468
614547 614569
614573 614630
614676 614753
614832 615026
615048 615147
615157 615219
615291 615346
615394 615556
615561 615727
615730 615798
615828 615901
615937 616023
616056 616217
616221 616247
616253 616848
616851 616914
616960 617074
617078 617154
617192 617315
617343 617411
617472 617796
617842 617873
617880 618017
618056 618194
618204 618332
618383 618416
618435 618443
618446 618587
618598 618601
618650 618817
618853 618919
618931 619277
619333 619584
619589 619650
619653 619737
619788 619807
619832 619976
620030 620062
620066 620173
620190 620413
620420 620550
620556 620599
620618 620759
620807 620906
620911 621208
621263 621265
621324 621409
621459 621534
621541 621673
621705 621731
621745 621851
621878 621992
622027 622211
622278 622450
622459 622863
622916 623057
623072 623312
623359 623481
623522 623648
623675 623784
623876 623962
624005 624094
624274 624663
624697 624888
624948 625022
625025 625170
625232 625515
625575 625984
625989 626030
626039 626127
626135 626194
626227 626617
626624 626801
626843 627453
627500 627671
627751 628008
628024 628217
628288 628331
628393 628585
628604 628789
628792 628963
628981 629105
629170 629236
629263 629500
629506 629555
629605 629758
629771 629922
629959 630035
630043 630163
630166 630221
630271 630337
630344 630371
630374 630508
630556 630709
630712 630900
630974 631041
631058 631075
631078 631247
631286 631476
631554 631625
631683 631750
631754 631866
631899 631971
632047 632127
632143 632329
632333 632389
632395 632441
632470 632605
632658 632724
632771 632879
632918 633175
633178 633267
633297 633374
633432 633447
633497 633522
633526 633647
633699 633955
634033 634186
634218 634296
634334 634438
634459 634608
634633 634757
634764 634841
634909 635023
635029 635070
635117 635307
635355 635565
635591 635780
635807 635886
635889 636025
636028 636120
636159 636228
636231 636268
636273 636344
636383 636496
636504 636620
636623 636718
636724 636787
636862 636984
636987 637129
637221 637319
637364 637438
637455 637626
637673 637773
637814 637943
638017 638090
638163 638548
638559 638562
638573 638705
638722 638784
638813 638855
638879 638900
638907 638954
638986 639094
639124 639196
639209 639261
639274 639409
639491 639521
639524 639589
639608 639883
639929 640028
640083 640315
640356 640383
640392 640441
640463 640534
640584 640680
640683 640919
641045 641149
641201 641340
641345 641534
641541 641567
641573 641613
641625 641731
641764 641842
641881 641991
642027 642028
642032 642056
642059 642181
642213 642442
642447 642471
642534 642643
642691 642932
642962 643012
643067 643106
643109 643348
643391 643439
643456 643520
643564 643776
643840 643901
643917 644072
644137 644366
644372 644379
644382 644902
644910 644964
645130 645149
645168 645275
645313 645550
645565 645567
645597 645768
645772 645944
645979 646096
646170 646215
646233 646647
646653 646817
646852 647062
647124 647374
647428 647698
647701 647942
647974 648115
648142 648245
648374 648417
648460 648630
648642 648792
649116 649602
649638 649880
649953 649961
649964 650125
650179 650282
650467 650606
650671 651035
651038 651200
651216 651308
651321 651513
651532 651575
651719 651736
651754 651879
651986 652086
652094 652267
652277 652409
652413 652476
652482 652643
652708 652797
652882 652883
652888 652979
652984 653015
653032 653048
653052 653096
653109 653132
653136 653240
653258 653370
653373 653486
653527 653560
653583 653771
653783 653785
653788 654015
654038 654255
654278 654360
654413 654606
654682 654977
654991 654992
654996 655125
655139 655191
655288 655560
655601 655845
655881 655900
655903 655948
656029 656126
656300 656319
656325 656431
656437 656565
656573 656685
656688 656778
656828 656989
657025 657101
657105 657208
657267 657446
657499 657552
657656 657739
657767 658186
658290 658292
658303 658363
658378 658445
658525 658527
658532 658673
658753 659041
659054 659099
659105 659251
659296 659711
659779 659916
659923 660144
660234 660296
660336 660389
660431 660659
660699 660701
660714 660793
660825 660996
661000 661101
661181 661316
661324 661401
661410 661607
661692 661823
661831 661905
662029 662233
662278 662426
662452 662508
662555 662699
662710 662763
662769 662832
662839 662874
662886 663042
663075 663111
663122 663182
663232 663257
663262 663299
663355 663643
663661 663732
663745 663824
663882 664144
664185 664350
664368 664555
664591 664756
664762 664984
665035 665231
665255 665344
665386 665509
665512 665572
665608 665637
665671 665783
665786 666092
666096 666134
666154 666273
666300 666461
666464 666513
666516 666774
666778 667015
667044 667076
667114 667560
667643 667645
667654 667663
667685 668125
668163 668195
668198 668477
668482 668544
668554 668628
668786 668915
669108 669140
669147 669192
669212 669386
669425 669531
669571 669643
669649 669699
669704 669833
669848 669910
669941 670071
670113 670317
670358 670601
670605 670692
670785 670929
670950 671164
671227 671317
671368 671540
671586 671682
671701 671869
672005 672115
672195 672332
672336 672453
672457 672511
672524 672634
672672 672755
672758 672853
672857 672950
672956 673301
673339 673362
673365 673521
673528 673585
673619 673676
673735 673759
673762 673822
673844 674013
674088 674180
674183 674244
674278 674619
674669 675242
675282 675446
675475 675751
675816 675895
675927 676086
676109 676111
676186 676197
676215 676242
676328 676387
676410 676514
676601 676690
676725 676763
676768 677189
677207 677354
677408 677437
677440 677769
677812 677977
677984 678057
678062 678201
678253 678300
678310 678570
678603 678806
678866 679033
679048 679143
679247 679421
679427 679622
679676 679759
679775 679856
679872 679966
680025 680079
680084 680467
680537 680747
680760 680984
680997 681168
681236 681308
681316 681512
681534 681790
681830 681879
681882 682110
682121 682209
682224 682226
682273 682316
682332 682349
682352 682457
682503 682575
682578 682622
682632 682847
682899 682962
682967 683096
683099 683165
683182 683200
683242 683248
683251 683348
683351 683471
683518 683774
683777 683827
683835 683933
683987 684114
684149 684178
684212 684315
684371 684448
684471 684495
684514 684731
684734 684781
684814 684990
685036 685086
685144 685188
685193 685243
685287 685478
685529 685548
685594 685748
685781 685955
686018 686100
686137 686303
686320 686352
686356 686497
686527 686621
686629 686708
686749 686828
686902 686991
686996 687025
687061 687062
687069 687281
687284 687379
687418 687490
687526 687585
687588 687660
687685 687792
687814 687895
687962 688035
688115 688256
688259 688385
688427 688503
688516 688582
688585 688644
688650 688716
688741 688751
688762 689009
689081 689188
689244 689428
689452 689559
689574 689660
689701 689741
689753 690096
690189 690344
690365 690612
690615 690661
690688 690734
690737 690955
691057 691349
691355 691804
691845 692055
692063 692125
692161 692282
692325 692541
692544 692695
692743 692889
692937 693411
693447 693490
693512 693684
693687 693970
693994 694126
694276 694310
694332 694526
694560 694754
694802 694984
694987 695046
695078 695121
695134 695331
695418 695592
695625 695876
695891 695951
695987 696125
696180 696271
696275 696552
696595 696862
696901 696979
696989 697074
697114 697403
697434 697618
697644 697723
697733 697859
697864 697904
697933 697935
697972 698007
698010 698165
698320 698371
698428 698490
698494 698577
698580 698779
698782 699042
699047 699133
699185 699257
699305 699332
699365 699397
699415 699477
699627 699971
700080 700082
700093 700132
700135 700142
700250 700269
700272 700378
700407 700685
700740 700819
700829 701099
701102 701177
701182 701254
701257 701349
701397 701446
701468 701576
701590 701599
701602 701730
701781 701848
701854 702002
702017 702051
702104 702106
702158 702467
702519 702660
702737 702789
702792 702818
702834 702961
702974 703080
703107 703339
703382 703461
703471 703594
703655 703777
703838 703866
703936 704021
704100 704138
704162 704308
704372 704605
704617 704871
704875 705009
705028 705332
705336 705434
705481 705582
705589 705967
706055 706153
706160 706437
706448 706727
706782 707171
707177 707301
707304 707689
707739 707820
707829 708127
708179 708248
708296 708368
708436 708508
708511 708951
709000 709345
709391 709663
709688 709785
709790 709855
709899 709943
709961 710127
710177 710216
710231 710273
710323 710397
710405 710563
710617 710837
710855 710991
711032 711117
711126 711185
711238 711306
711313 711322
711326 711414
711419 711550
711553 711637
711677 711744
711761 711762
711765 711774
711777 711920
711929 711987
711990 712085
712130 712199
712217 712355
712478 712513
712539 712662
712704 712884
712901 713050
713117 713118
713126 713405
713431 713462
713470 713546
713549 713635
713645 714071
714112 714142
714148 714223
714246 714434
714518 714930
714985 715201
715228 715336
715339 715473
715515 715804
715844 715964
715968 716068
716074 716160
716205 716337
716381 716433
716452 716531
716552 716690
716693 716779
716783 716860
716885 717031
717167 717496
717499 717702
717706 717803
717834 717955
717965 718092
718095 718129
718146 718348
718489 718595
718611 718833
718837 719000
719036 719443
719473 719764
719800 720061
720074 720100
720107 720274
720371 720372
720402 720575
720643 720692
720743 720867
720880 721118
721125 721221
721286 721431
721437 721552
721672 721691
721725 721812
721834 721917
721927 722053
722121 722340
722362 722382
722386 722444
722486 722567
722571 722665
722669 722905
722929 723061
723067 723145
723165 723208
723217 723276
723303 723454
723509 723687
723696 723840
723847 723995
723998 724128
724174 724262
724288 724288
724297 724431
724469 724639
724713 724813
724823 724826
724848 725010
725099 725102
725141 725145
725169 725471
725483 725508
725511 725556
725566 725617
725636 725734
725765 725810
725897 726083
726117 726161
726167 726362
726379 726453
726522 726650
726669 726739
726817 726948
726994 727317
727377 727447
727493 727713
727767 727842
727961 728039
728180 728522
728566 728866
728881 728966
729004 729527
729571 729691
729710 729712
729730 729751
729759 729971
729974 730134
730150 730210
730213 730250
730285 730541
730557 730560
730640 730789
730806 731049
731054 731087
731097 731128
731140 731399
731465 731631
731797 731962
731965 732013
732024 732112
732120 732221
732238 732488
732494 732552
732564 732635
732694 732929
732945 733041
733077 733310
733329 733465
733471 733602
733610 733676
733732 733817
733823 733845
733856 733944
733951 733969
733979 734061
734165 734281
734312 734449
734459 734501
734504 734601
734645 734875
734890 735009
735012 735080
735091 735167
735240 735391
735396 735558
735566 735589
735602 735740
735799 735959
736023 736052
736112 736147
736153 736278
736328 736457
736462 736503
736507 736757
736808 737002
737006 737094
737109 737214
737261 737522
737576 737808
737814 737891
737919 738042
738105 738126
738137 738250
738433 738486
738489 738619
738679 739121
739279 739336
739353 739425
739435 739558
739694 739699
739706 739807
739836 740029
740067 740256
740380 740382
740509 740656
740704 740776
740783 741053
741083 741157
741160 741361
741365 741441
741503 741675
741841 741873
741876 741946
742017 742286
742290 742429
742432 742435
742540 742705
742789 742867
742932 742958
742970 743256
743259 743372
743426 743478
743494 743539
743582 743607
743612 743795
743799 743868
743874 743912
743915 743916
743924 744041
744049 744102
744142 744431
744435 744462
744467 744511
744559 744665
744682 744813
744860 745461
745550 745595
745614 745682
745733 745856
746004 746069
746124 746148
746152 746291
746307 746423
746479 746564
746581 746707
746813 746815
746819 747008
747067 747189
747208 747277
747350 747371
747394 747422
747441 747570
747610 747666
747674 747765
747770 747916
747927 747993
748030 748317
748342 748577
748603 748632
748659 748700
748725 749266
749284 749320
749336 749505
749598 749837
749869 750001
750018 750303
750340 750424
750526 750527
750613 750956
751022 751035
751038 751120
751142 751385
751443 751538
751544 751738
751749 751882
751912 752040
752091 752132
752175 752307
752324 752327
752339 752612
752685 752733
752739 752760
752766 752837
752841 752979
753055 753198
753301 753432
753475 753552
753602 753735
753738 753840
753883 754115
754168 754193
754199 754293
754299 754689
754692 754696
754735 754894
754986 755402
755440 755726
755892 756022
756070 756299
756336 756488
756508 756623
756633 756745
756755 757041
757075 757151
757163 757181
757214 757343
757464 757582
757665 757759
757773 757913
757918 758256
758314 758781
758952 759381
759395 759396
759412 759671
759674 759719
759731 759825
759866 760059
760065 760176
760188 760287
760316 760451
760471 760536
760540 760651
760678 760822
760848 761077
761080 761293
761330 761414
761439 761556
761663 761674
761742 761816
761819 761844
761847 762206
762225 762242
762288 762352
762355 762520
762534 762854
762857 762958
763018 763333
763385 763579
763600 763859
763908 764080
764092 764159
764207 764470
764520 764657
764678 764758
764781 764963
764966 765062
765134 765566
765573 765765
765821 766063
766141 766301
766307 766382
766405 766457
766496 766609
766619 766702
766803 766831
766834 767191
767200 767366
767427 767583
767606 767795
767850 768095
768130 768354
768397 768741
768768 768867
768881 768958
768972 768993
769038 769164
769217 769241
769245 769328
769353 769500
769633 769694
769697 769922
770003 770129
770135 770182
770232 770349
770366 770429
770470 770509
770536 770550
770559 770602
770605 770633
770642 770692
770709 770809
770888 770970
771010 771240
771268 771297
771300 771446
771455 771969
771973 772115
772147 772607
772637 772802
772852 772867
772870 772879
772901 773014
773037 773233
773285 773364
773372 773412
773427 773568
773621 773718
773821 773823
773834 774091
774192 774210
774263 774526
774550 774754
774763 774797
774971 774972
774979 775338
775344 775397
775413 775472
775514 775835
775852 776031
776054 776215
776231 776263
776266 776564
776597 776600
776802 777233
777290 777307
777358 777459
777492 777600
777667 777875
777882 777982
777985 778084
778097 778315
778364 778686
778741 779046
779050 779181
779184 779303
779310 779390
779445 779705
779793 779835
779860 780299
780302 780391
780436 780721
780849 780962
780965 781200
781236 781501
781555 781637
781674 781876
781881 782051
782067 782085
782118 782247
782250 782504
782507 782542
782645 782715
782731 782928
782959 783001
783037 783107
783110 783191
783261 783400
783404 783520
783540 783586
783594 783629
783705 783870
783884 784090
784093 784570
784586 784595
784598 784647
784689 784807
784899 785034
785043 785117
785165 785189
785198 785283
785332 785358
785416 785509
785516 785600
785622 785709
785740 785853
785906 786139
786295 786297
786435 786725
786745 787073
787114 787161
787214 787362
787369 787440
787479 787591
787599 787745
787748 787834
787843 787961
787964 788070
788121 788184
788337 788612
788667 788695
788700 788724
788791 789131
789155 789279
789315 789528
789532 789583
789688 789808
789811 789853
789862 790024
790047 790200
790223 790415
790428 790461
790471 790520
790584 790645
790648 790964
791021 791307
791331 791531
791534 791631
791651 791784
791815 791817
791827 792152
792171 792272
792280 792393
792427 792477
792516 792666
792705 792812
792827 793023
793046 793267
793327 793403
793407 793519
793536 793579
793592 793808
793859 793982
793992 794051
794089 794330
794341 794469
794546 794567
794577 794794
794819 794919
794922 795070
795185 795188
795191 795338
795346 795409
795457 795531
795534 795628
795665 795751
795882 796171
796197 796488
796514 797031
797103 797332
797344 797477
797487 797669
797828 797987
798022 798047
798065 798355
798376 798580
798628 798826
798839 798928
799029 799114
799161 799496
799499 799529
799532 799562
799587 799800
799837 800005
800012 800151
800157 800210
800223 800273
800294 800329
800350 800477
800485 800529
800532 800558
800561 800759
800762 800802
800831 800930
800947 801052
801095 801375
801384 801416
801628 801780
801860 801995
802044 802219
802257 802345
802352 802396
802465 802685
802704 802746
802751 802801
802807 802913
803008 803260
803267 803345
803350 803426
803482 803611
803634 803911
803965 804236
804249 804432
804486 804597
804662 804713
804749 804892
804985 804987
805046 805055
805058 805190
805363 805366
805369 805391
805396 805447
805532 805839
805874 805920
805973 806073
806131 806201
806221 806691
806711 806888
806891 806980
807002 807081
807093 807164
807169 807356
807384 807914
807943 808094
808117 808561
808576 808587
808596 808728
808789 809044
809147 809154
809162 809193
809315 809693
809715 809812
809887 810495
810515 810658
810669 810830
810834 810876
810882 810964
811060 811251
811254 811308
811315 811377
811440 811513
811589 811770
811801 811821
811825 812043
812053 812097
812107 812266
812311 812545
812615 812683
812696 812907
812971 813035
813044 813273
813367 813589
813602 813979
814037 814040
814044 814379
814392 814418
814590 814960
814973 815273
815312 815381
815396 815397
815491 815528
815566 815799
815836 816026
816071 816143
816221 816253
816341 816468
816501 816568
816592 816665
816668 816801
816806 816871
816904 816994
817009 817108
817134 817190
817201 817278
817297 817514
817552 817762
817817 818330
818334 818490
818515 818556
818589 818829
818933 818993
819020 819238
819243 819456
819460 819857
819873 820203
820255 820331
820336 820387
820428 820494
820502 820582
820624 821057
821168 821257
821263 821336
821380 821577
821593 821648
821664 821890
821900 821953
821975 822202
822237 822393
822398 822697
822728 822830
822845 822915
822994 823205
823292 823486
823543 823658
823669 823670
823712 824007
824010 824226
824233 824263
824275 824511
824545 824651
824678 824862
824894 825148
825188 825289
825363 825365
825383 825536
825579 825673
825678 825926
825946 826026
826039 826173
826185 826554
826628 826630
826635 827004
827072 827179
827238 827380
827463 827707
827712 827743
827761 827856
827895 828020
828031 828116
828180 828460
828508 828510
828522 828855
828978 829424
829464 829513
829526 829760
829870 829950
829988 830047
830050 830310
830360 830386
830396 830500
830512 830570
830580 830671
830702 830781
830787 831050
831081 831103
831108 831186
831212 831308
831381 831383
831510 831544
831554 831576
831580 831699
831733 831872
831881 831888
831901 831970
831973 832138
832154 832194
832254 832458
832498 832572
832575 832711
832726 832748
832752 832880
832926 832937
832940 833199
833238 833637
833641 833687
833730 833944
833950 833991
833994 834023
834032 834158
834171 834242
834309 834487
834506 834631
834675 834948
834982 835029
835093 835128
835133 835326
835340 835464
835503 836006
836091 836256
836260 836358
836411 836508
836511 836561
836603 836687
836690 837049
837052 837115
837180 837249
837275 837381
837443 837651
837710 837755
837767 837812
837815 837945
838045 838150
838165 838193
838196 838358
838410 838487
838525 838646
838650 838666
838669 838702
838705 838764
838952 839219
839233 839312
839344 839391
839398 839473
839476 839619
839661 839742
839746 839888
839928 840047
840064 840187
840192 840262
840268 840587
840596 840608
840630 840686
840699 840732
840735 840953
840961 840967
840998 841086
841119 841249
841294 841361
841377 841433
841437 841553
841563 841639
841677 841950
841977 841980
842020 842062
842091 842135
842149 842286
842289 842310
842335 842468
842493 842606
842647 842827
842831 842847
842850 842869
842876 843073
843218 843220
843238 843285
843379 843655
843658 843780
843827 843975
843978 844160
844163 844213
844223 844309
844348 844368
844405 844565
844578 844814
844846 844922
844928 845016
845072 845248
845303 845675
845683 845969
845972 846015
846040 846478
846500 846626
846685 846832
846848 846971
847008 847043
847076 847325
847360 847389
847398 847450
847465 847467
847478 847550
847645 847758
847795 847845
847907 848201
848204 848689
848840 848928
848934 849053
849091 849235
849243 849321
849347 849404
849440 849487
849491 849533
849546 849790
849804 849833
849912 849975
850033 850139
850242 850245
850260 850394
850399 850500
850504 850948
850969 851007
851034 851251
851264 851292
851303 851444
851524 851813
851823 851903
851935 852067
852072 852473
852516 852709
852733 852801
852855 852989
853015 853038
853042 853136
853163 853364
853456 853645
853717 853918
853921 854255
854261 854374
854434 854451
854488 854653
854744 854994
855034 855200
855250 855598
855648 855979
855988 856048
856051 856197
856362 856420
856438 856503
856603 856873
856880 857368
857445 857474
857483 857682
857698 857727
857730 857894
857959 857991
858247 858271
858355 858558
858631 858779
858809 859002
859068 859088
859093 859176
859204 859227
859235 859258
859266 859355
859398 859590
859596 859673
859761 859850
859855 859943
859981 860047
860053 860166
860179 860215
860283 860300
860310 860351
860359 860455
860460 860646
860715 860748
860789 860964
860986 861015
861026 861093
861146 861294
861339 861479
861488 861683
861724 861920
862088 862136
862165 862276
862280 862369
862422 862528
862533 862579
862635 862705
862746 862770
862774 862886
862937 862957
862962 863014
863027 863512
863542 863632
863676 863736
863778 863831
863852 863928
863935 863983
864005 864007
864013 864071
864138 864140
864153 864399
864458 864543
864565 864632
864689 864742
864745 865054
865095 865298
865322 865373
865415 865645
865648 865774
865808 865874
865945 866201
866265 866377
866386 866423
866427 866499
866545 866662
866668 866729
866733 866816
866844 866990
867034 867058
867061 867320
867335 867430
867476 867525
867536 867874
867882 867956
867991 868188
868208 868289
868292 868885
868939 869060
869096 869253
869259 869383
869395 869456
869461 869553
869595 869894
869933 870558
870609 870642
870673 870682
870695 870841
870883 870922
870965 871293
871332 871504
871514 871612
871644 871771
871821 871944
871947 872146
872152 872222
872241 872283
872297 872449
872469 872565
872621 872646
872680 872939
873004 873007
873017 873035
873038 873351
873356 873642
873694 873876
873986 874104
874146 874275
874309 874385
874433 874436
874454 874495
874547 874875
874916 874943
875004 875207
875235 875259
875266 875393
875540 875675
875678 875814
875851 875922
875970 876156
876192 876313
876363 876533
876536 876658
876673 876858
876903 876968
876972 877152
877183 877277
877285 877327
877343 877438
877479 877719
877723 878278
878428 878503
878625 878711
878740 878789
878849 879023
879077 879124
879129 879132
879322 879366
879419 879528
879571 879823
879831 879832
879843 879950
879976 880043
880095 880232
880239 880403
880406 880460
880513 880656
880677 880839
880878 881046
881056 881205
881213 881216
881221 881244
881292 881345
881380 881501
881507 881816
881867 881905
881908 881996
882016 882572
882575 882625
882670 882992
882995 883055
883092 883117
883123 883194
883258 883370
883386 883481
883490 883577
883581 883603
883608 883848
883904 883927
883934 884153
884262 884430
884434 884924
884953 885015
885020 885055
885058 885147
885159 885194
885243 885802
885805 885988
886045 886060
886105 886179
886235 886326
886330 886564
886567 886782
886835 886899
886904 886982
887078 887144
887167 887364
887389 887429
887439 887496
887518 887541
887544 887894
887909 888080
888090 888210
888217 888309
888346 888413
888418 888448
888452 888561
888567 888687
888747 889000
889033 889121
889142 889145
889208 889302
889358 889528
889605 889674
889722 889794
889831 890057
890067 890142
890148 890189
890245 890392
890403 890459
890470 890663
890698 890761
890936 890938
890949 891017
891080 891373
891406 891853
891874 891991
891995 892101
892131 892308
892367 892650
892683 892727
892766 893018
893022 893062
893065 893142
893147 893495
893498 893889
893932 893933
893947 894234
894271 894399
894493 894663
894668 894732
894781 894827
894830 894990
895013 895217
895258 895478
895485 895803
895856 896131
896190 896347
896383 896422
896428 896601
896609 896808
896854 896883
896949 897568
897632 897716
897770 898349
898393 898601
898655 898751
898756 898945
898971 898995
899163 899224
899258 899530
899649 899686
899694 899810
899814 899917
899999 900105
900139 900461
900473 900520
900571 900736
900762 900806
900849 900917
900944 901071
901078 901097
901108 901180
901237 901295
901334 901597
901715 901931
902082 902085
902096 902510
902513 902551
902554 902732
902735 902843
902880 902959
902965 903371
903462 903539
903552 903680
903829 903879
903885 903984
903992 904071
904100 904190
904272 904273
904293 904353
904373 904433
904477 904669
904759 904971
905010 905247
905292 905375
905384 905463
905474 905708
905760 905896
905901 905946
905956 906032
906042 906099
906117 906318
906372 906491
906524 906662
906691 906783
906786 906857
906881 906926
906929 906998
907023 907235
907240 907275
907326 907388
907396 907921
907954 908042
908112 908227
908236 908237
908240 908313
908372 908565
908715 908828
908859 909051
909156 909202
909235 909496
909580 909626
909649 909733
909745 909812
909838 909951
909962 910030
910052 910168
910188 910244
910249 910347
910377 910432
910454 910508
910526 910683
910689 911045
911057 911117
911149 911334
911386 911554
911563 911585
911588 911680
911795 911821
911866 911929
912002 912095
912121 912309
912396 912456
912508 912806
912911 913029
913033 913078
913083 913206
913304 913349
913391 913420
913432 913559
913602 913603
913652 913937
913996 914046
914062 914204
914207 914389
914403 914608
914649 914887
914901 914911
914933 914973
914979 915084
915096 915238
915241 915296
915312 915347
915365 915442
915459 915674
915686 915917
915941 915960
915963 916036
916080 916122
916130 916372
916408 916411
916427 916572
916635 916766
916774 916853
916886 916989
917033 917183
917221 917277
917312 917381
917388 917527
917551 917684
917724 917871
918006 918084
918087 918300
918353 918386
918413 918466
918505 918629
918637 918760
918820 918915
918922 919029
919101 919177
919183 919291
919325 919597
919614 919839
919920 920027
920066 920068
920114 920195
920207 920291
920412 920666
920804 920890
921034 921036
921046 921256
921341 921343
921433 921657
921721 921744
921805 921948
922061 922230
922265 922330
922336 922458
922474 922591
922808 923021
923074 923096
923099 923178
923193 923506
923531 923594
923605 923761
923806 923955
923959 924050
924082 924268
924313 924391
924394 924468
924512 924584
924621 924671
924676 924771
924780 924863
924900 925004
925021 925065
925083 925149
925162 925301
925349 925414
925428 925752
925819 926014
926033 926361
926480 926482
926494 926537
926634 926776
926846 926861
926883 926992
927067 927194
927262 927371
927424 927663
927883 927888
927893 928110
928150 928266
928302 928455
928490 928635
928668 928801
928825 928953
929067 929085
929090 929180
929202 929305
929342 929394
929397 929511
929518 929746
929779 929936
930005 930232
930341 930450
930477 930591
930599 930656
930762 930804
930871 930942
930982 931248
931304 931398
931424 931521
931535 931752
931922 931923
931932 931967
932024 932299
932307 932429
932537 932893
932945 933093
933124 933239
933301 933505
933536 933538
933541 933628
933676 933819
933880 933916
933926 933974
934061 934460
934511 934557
934565 934594
934619 934700
934704 934788
934792 934994
935032 935371
935404 935545
935548 935584
935592 935807
935856 935940
935960 936161
936215 936216
936231 936415
936495 936564
936579 936606
936730 937034
937085 937203
937207 937230
937247 937304
937308 937418
937461 937564
937650 937673
937676 937858
937898 938000
938057 938136
938183 938276
938296 938498
938606 938607
938616 938832
938856 938935
938988 939027
939066 939098
939101 939139
939147 939402
939463 939543
939600 939601
939625 939665
939708 940038
940058 940166
940212 940781
940833 941012
941067 941080
941088 941142
941149 941158
941174 941204
941207 941225
941251 941599
941690 941698
941701 941748
941867 941938
942060 942090
942098 942138
942150 942188
942203 942246
942262 942341
942362 942394
942415 942511
942547 942567
942604 942671
942674 942689
942694 942900
942903 942993
943053 943253
943308 943421
943469 943472
943477 943763
943801 943899
943954 944074
944098 944481
944521 944621
944652 944957
944983 945109
945113 945152
945163 945226
945229 945292
945378 945420
945450 945606
945664 945893
945901 946038
946043 946223
946252 946417
946460 946730
946772 946943
946962 947547
947590 947785
947851 947909
947931 948085
948136 948186
948192 948387
948401 948624
948652 948878
948983 949152
949224 949356
949490 949568
949615 949696
949819 949821
949824 950003
950019 950185
950226 950335
950362 950419
950446 950484
950487 950784
950799 950831
950834 950902
950973 951037
951151 951521
951553 951577
951587 951687
951719 952025
952051 952105
952169 952281
952284 952360
952385 952524
952623 952862
952876 952921
952993 953168
953197 953309
953321 953458
953517 953865
953871 953904
953907 954033
954039 954121
954272 954275
954306 954409
954464 954723
954731 954778
954781 954920
954968 955075
955083 955172
955240 955321
955479 955646
955663 955740
955758 956032
956081 956179
956185 956348
956460 956525
956585 956830
956856 956932
957067 957119
957153 957288
957297 957386
957396 957499
957502 957557
957567 957593
957623 957742
957754 957842
957916 957978
958054 958056
958060 958291
958294 958340
958343 958415
958469 958519
958563 958765
958775 958801
958810 958938
958961 959093
959215 959267
959289 959407
959464 959581
959617 959816
959871 960043
960088 960222
960343 960373
960376 960505
960572 960848
960886 961095
961132 961189
961192 961446
961517 961649
961686 961851
961863 961999
962037 962234
962276 962511
962539 962639
962743 962779
962810 963128
963158 963291
963313 963400
963405 963555
963587 963746
963751 963822
963847 963866
963871 963941
963977 964136
964161 964265
964351 964669
964714 964743
964746 964976
964991 965311
965341 965460
965572 965759
965788 965907
966042 966156
966186 966368
966376 966425
966428 966480
966515 966633
966658 966850
966870 966915
966945 966959
966984 967168
967172 967315
967336 967559
967625 967702
967821 967937
967997 968227
968258 968369
968400 968468
968477 968568
968573 968785
968798 968949
968980 969021
969040 969114
969118 969158
969185 969221
969232 969233
969249 969334
969343 969584
969587 969765
969875 969947
969977 970058
970061 970236
970275 970395
970499 970501
970513 970774
970809 970908
971015 971170
971211 971281
971401 971560
971603 971652
971683 971874
971877 971935
971965 972071
972228 972878
972923 973049
973078 973173
973184 973278
973294 973376
973440 973628
973637 973661
973681 973986
974008 974051
974054 974213
974219 974263
974303 974512
974522 974608
974628 974630
974703 975127
975136 975246
975307 975350
975365 975615
975622 975705
975731 975787
975796 975943
975998 976182
976215 976341
976347 976423
976426 976521
976562 976685
976688 976760
976813 976886
976890 977025
977065 977257
977310 977468
977520 977741
977757 977901
977912 977997
978044 978101
978125 978167
978210 978481
978529 979010
979048 979080
979095 979138
979195 979570
979610 979634
979650 979772
979781 979876
979879 980042
980054 980065
980092 980127
980141 980143
980161 980320
980323 980326
980334 980756
980802 980916
980945 981016
981031 981140
981187 981471
981541 981632
981637 981686
981739 981803
981817 982100
982124 982327
982394 982504
982550 983166
983210 983280
983350 983610
983613 983729
983762 983839
983845 983968
984026 984160
984179 984363
984390 984421
984432 984490
984574 984710
984744 984771
984776 985304
985432 985481
985514 985607
985646 985858
985882 985950
985978 986151
986156 986358
986388 986446
986472 986753
986778 987056
987090 987149
987152 987210
987220 987368
987371 987417
987426 987462
987496 987564
987610 987643
987680 987711
987724 987756
987767 987823
987871 988054
988078 988241
988258 988466
988501 988653
988685 988703
988711 988735
988748 988791
988798 988854
988872 989125
989146 989182
989188 989279
989303 989457
989474 989731
989738 989811
989814 989867
989902 990264
990298 990390
990567 990832
990986 991125
991162 991196
991199 991281
991286 991339
991370 991402
991410 991453
991456 991521
991656 991668
991674 991745
991789 991950
992009 992169
992196 992253
992256 992298
992302 992342
992365 992578
992712 992729
992744 993003
993035 993302
993305 993532
993609 993683
993686 993724
993771 993902
993943 994105
994130 994346
994417 994465
994485 994556
994612 994690
994694 994932
994936 995166
995169 995592
995728 996070
996077 996193
996211 996409
996498 996653
996719 996870
996922 997022
997054 997401
997407 997498
997514 997647
997725 997746
997863 997958
997962 998066
998085 998277
998341 998476
998497 998647
998824 998975
998981 999137
999152 999166
999170 999235
999332 999470
999688 999709
999712 999801
999814 999940
999978 1000169
1000232 1000233
1000308 1000514
1000534 1000555
1000559 1000618
1000665 1000838
1000851 1001054
1001057 1001293
1001356 1001374
1001404 1001506
1001558 1001987
1001996 1002023
1002041 1002077
1002080 1002276
1002325 1002407
1002410 1002482
1002498 1002579
1002598 1002645
1002725 1002823
1002826 1002932
1003136 1003137
1003160 1003288
1003295 1003334
1003337 1003414
1003420 1003527
1003593 1003620
1003625 1003791
1003852 1004098
1004110 1004195
1004198 1004303
1004351 1004527
1004548 1004752
1004790 1004901
1004933 1005020
1005071 1005247
1005299 1005389
1005438 1005466
1005470 1005476
1005532 1005601
1005629 1005770
1005776 1005798
1005808 1005907
1005928 1006089
1006092 1006161
1006164 1006275
1006335 1006535
1006574 1006618
1006621 1006757
1006768 1006802
1006810 1006946
1006949 1006997
1007006 1007139
1007143 1007249
1007310 1007358
1007374 1007391
1007400 1007420
1007424 1007460
1007491 1007695
1007700 1007890
1007983 1008212
1008215 1008888
1008910 1009060
1009127 1009216
1009246 1009355
1009439 1009447
1009450 1009594
1009637 1009659
1009663 1009882
1009906 1009908
1009956 1010294
1010331 1010580
1010602 1010702
1010804 1011102
1011134 1011229
1011235 1011281
1011297 1011379
1011416 1011517
1011525 1011663
1011686 1011745
1011756 1011998
1012055 1012190
1012231 1012282
1012294 1012370
1012398 1012566
1012569 1012670
1012679 1012765
1012805 1012828
1012852 1012889
1012894 1012919
1012922 1012964
1012972 1013012
1013015 1013114
1013125 1013201
1013205 1013241
1013253 1013318
1013340 1013409
1013480 1013602
1013612 1013709
1013738 1013800
1013875 1013896
1013938 1014332
1014392 1014470
1014473 1014676
1014732 1014786
1014793 1014835
1014884 1015027
1015031 1015105
1015108 1015130
1015139 1015260
1015304 1015363
1015366 1015507
1015531 1015646
1015664 1015704
1015722 1015750
1015789 1015964
1016008 1016046
1016069 1016134
1016146 1016188
1016233 1016425
1016483 1016559
1016583 1016611
1016621 1016816
1016829 1016993
1017038 1017200
1017229 1017247
1017259 1017298
1017321 1017366
1017394 1017430
1017442 1017493
1017533 1017571
1017576 1017657
1017718 1017822
1017856 1018136
1018195 1018289
1018307 1018434
1018580 1018783
1018809 1019145
1019158 1019212
1019217 1019383
1019393 1019559
1019567 1019594
1019607 1019696
1019728 1019876
1019904 1020116
1020179 1020221
1020228 1020638
1020808 1020929
1020933 1021051
1021099 1021340
1021377 1021585
1021626 1021777
1021852 1022325
1022378 1022471
1022486 1022582
1022632 1022661
1022740 1022906
1022989 1023021
1023068 1023101
1023107 1023507
1023557 1023699
1023718 1024018
1024068 1024154
1024170 1024256
1024286 1024435
1024440 1024554
1024670 1024862
1024865 1024940
1024998 1025235
1025287 1025430
1025529 1025729
1025740 1025776
1025785 1026035
1026043 1026115
1026133 1026259
1026276 1026329
1026435 1026551
1026579 1026773
1026839 1026881
1026962 1027204
1027210 1027251
1027318 1027366
1027380 1027568
1027621 1027872
1027940 1027991
1028134 1028136
1028147 1028409
1028462 1028523
1028534 1028627
1028652 1028730
1028771 1028844
1028897 1028942
1028954 1029049
1029075 1029526
1029548 1029628
1029690 1030048
1030110 1030247
1030252 1030255
1030264 1030477
1030480 1030535
1030547 1030607
1030611 1030869
1030918 1031072
1031075 1031370
1031378 1031497
1031535 1031570
1031581 1031584
1031605 1031691
1031694 1031713
1031716 1031808
1031891 1032232
1032283 1032352
1032427 1032430
1032445 1032563
1032618 1032671
1032723 1032829
1033016 1033017
1033023 1033306
1033309 1033366
1033369 1033415
1033555 1033785
1033831 1033996
1034006 1034160
1034211 1034310
1034317 1034512
1034545 1034806
1034917 1034920
1034926 1035183
1035309 1035640
1035651 1035841
1035920 1036152
1036156 1036186
1036203 1036530
1036561 1036703
1036721 1036795
1036831 1036840
1036844 1036879
1036888 1037070
1037079 1037151
1037163 1037414
1037417 1037530
1037563 1037742
1037751 1037868
1037871 1037927
1037930 1038018
1038065 1038131
1038143 1038230
1038246 1038408
1038520 1038522
1038537 1038557
1038560 1038638
1038694 1038785
1038788 1038949
1039004 1039053
1039063 1039135
1039158 1039242
1039255 1039293
1039317 1039445
1039465 1039512
1039637 1039799
1039815 1039840
1039847 1039925
1039990 1040086
1040089 1040236
1040314 1040454
1040464 1040585
1040601 1040630
1040633 1040704
1040728 1040748
1040752 1040807
1040929 1040931
1041073 1041437
1041518 1041554
1041571 1041736
1041774 1041942
1042057 1042217
1042355 1042379
1042382 1042388
1042522 1042582
1042643 1042837
1042840 1043140
1043205 1043507
1043529 1043607
1043655 1043765
1043802 1044140
1044213 1044513
1044585 1044762
1044834 1044885
1045004 1045127
1045180 1045933
1046079 1046228
1046280 1046428
1046475 1046564
1046597 1046645
1046709 1046711
1046789 1046963
1046976 1047057
1047106 1047435
1047488 1047553
1047571 1047757
1047763 1047826
1047885 1048066
1048146 1048470
1048534 1048752
1048757 1048822
1048825 1048954
1048960 1049117
1049171 1049417
1049421 1049546
1049580 1049624
1049627 1049829
1049852 1049961
1049968 1050345
1050352 1050392
1050409 1050627
1050657 1050796
1050813 1050956
1050987 1051097
1051135 1051486
1051489 1051602
1051644 1051694
1051725 1051731
1051780 1051782
1051792 1051902
1051906 1051970
1051996 1052163
1052270 1052272
1052280 1052386
1052389 1052703
1052741 1053159
1053200 1053267
1053288 1053396
1053444 1053636
1053639 1053681
1053693 1053766
1053841 1053842
1053852 1053946
1053949 1054217
1054260 1054262
1054274 1054505
1054600 1054602
1054614 1055021
1055071 1055319
1055369 1055602
1055656 1055898
1055902 1056029
1056066 1056275
1056292 1056351
1056383 1056528
1056539 1056839
1056906 1057263
1057334 1057466
1057501 1057734
1057768 1057907
1057949 1058346
1058355 1058437
1058440 1058522
1058542 1058675
1058727 1058777
1058809 1058958
1059047 1059094
1059098 1059190
1059193 1059447
1059477 1059651
1059683 1059940
1060033 1060148
1060181 1060449
1060490 1060587
1060594 1060742
1060745 1060795
1060883 1061078
1061112 1061228
1061251 1061411
1061455 1061999
1062076 1062144
1062187 1062578
1062612 1062684
1062727 1062970
1062973 1063203
1063206 1063327
1063390 1063679
1063696 1063917
1063929 1064137
1064185 1064360
1064401 1064483
1064493 1064617
1064656 1064739
1064755 1064796
1064801 1064910
1064920 1065189
1065224 1065258
1065277 1065663
1065668 1065891
1065908 1065968
1066017 1066280
1066287 1066585
1066588 1066639
1066713 1066864
1066924 1067160
1067187 1067660
1067690 1067894
1068048 1068123
1068128 1068321
1068367 1068426
1068429 1068496
1068499 1068556
1068579 1068665
1068670 1068750
1068794 1068910
1068940 1069036
1069078 1069216
1069241 1069377
1069380 1069671
1069691 1069831
1069841 1069940
1070057 1070261
1070294 1070329
1070332 1070377
1070400 1070700
1070708 1070869
1070916 1071160
1071220 1071261
1071311 1071376
1071396 1071565
1071582 1071605
1071629 1071695
1071742 1072047
1072097 1072117
1072164 1072165
1072233 1072472
1072503 1072804
1072812 1072856
1072859 1072897
1072935 1073215
1073232 1073534
1073587 1073777
1073786 1073870
1073902 1074511
1074562 1074653
1074714 1074781
1074790 1074824
1074839 1074863
1074867 1074952
1075033 1075275
1075307 1075527
1075536 1075664
1075712 1075753
1075806 1075968
1075982 1076113
1076121 1076160
1076169 1076323
1076392 1076736
1076739 1076776
1076831 1076948
1076960 1077071
1077074 1077130
1077166 1077439
1077467 1077956
1077966 1078021
1078072 1078207
1078228 1078313
1078451 1078500
1078591 1078830
1078871 1079197
1079218 1079366
1079378 1079463
1079467 1079841
1079900 1079936
1079943 1079998
1080023 1080071
1080164 1080403
1080414 1080521
1080526 1080621
1080655 1080807
1080810 1080957
1080982 1080983
1080986 1081049
1081052 1081184
1081361 1081363
1081384 1081393
1081523 1081649
1081658 1081864
1081904 1081906
1081913 1081956
1082004 1082318
1082321 1082402
1082437 1082493
1082501 1082507
1082510 1082592
1082761 1082844
1082947 1082956
1082959 1083006
1083043 1083142
1083213 1083268
1083297 1083315
1083330 1083427
1083564 1083586
1083642 1083785
1083788 1083888
1083905 1084056
1084059 1084154
1084221 1084296
1084307 1084429
1084432 1084501
1084517 1084673
1084686 1084819
1084857 1084874
1084891 1084954
1084966 1085318
1085413 1085446
1085512 1085583
1085637 1085707
1085725 1085888
1085908 1086013
1086053 1086146
1086151 1086225
1086229 1086264
1086267 1086614
1086658 1086790
1086807 1086836
1086841 1086982
1087016 1087133
1087252 1087577
1087603 1087660
1087670 1087795
1087829 1087857
1087860 1087936
1087949 1088029
1088079 1088097
1088103 1088143
1088154 1088193
1088209 1088514
1088563 1088653
1088674 1088740
1088773 1088809
1088819 1089029
1089087 1089242
1089292 1089435
1089463 1089679
1089771 1089880
1089922 1090157
1090166 1090172
1090183 1090275
1090278 1090335
1090340 1090455
1090493 1090609
1090647 1090830
1090835 1091339
1091350 1091411
1091424 1091548
1091559 1091695
1091715 1091823
1091856 1092142
1092223 1092231
1092234 1092316
1092363 1092677
1092699 1092983
1093017 1093088
1093172 1093250
1093275 1093343
1093347 1093373
1093376 1093454
1093563 1093899
1093951 1094143
1094164 1094208
1094221 1094512
1094527 1094620
1094629 1094706
1094757 1094801
1094814 1095250
1095255 1095410
1095449 1095474
1095485 1095547
1095561 1095717
1095727 1095760
1095763 1095794
1095807 1095903
1096035 1096036
1096047 1096258
1096280 1096446
1096465 1096722
1096746 1096910
1097060 1097300
1097306 1097496
1097516 1097628
1097637 1097677
1097681 1097781
1097839 1098175
1098186 1098228
1098310 1098419
1098442 1098551
1098615 1098737
1098749 1098946
1099012 1099276
1099330 1099332
1099341 1099460
1099514 1099585
1099640 1099666
1099686 1099800
1099817 1099853
1099857 1099948
1100046 1100100
1100105 1100144
1100147 1100553
1100637 1100807
1100920 1101175
1101228 1101449
1101500 1101560
1101574 1101651
1101770 1101827
1101840 1101893
1102015 1102106
1102114 1102431
1102434 1102589
1102592 1102674
1102719 1102808
1102837 1102840
1102854 1103225
1103241 1103620
1103693 1103889
1103897 1104021
1104028 1104168
1104211 1104498
1104550 1104830
1104878 1105222
1105229 1105298
1105377 1105452
1105480 1105629
1105759 1105761
1105764 1105857
1105886 1105971
1105982 1106040
1106044 1106097
1106113 1106197
1106207 1106208
1106268 1106528
1106634 1106743
1106757 1106900
1106953 1107045
1107079 1107479
1107522 1107597
1107608 1107610
1107772 1108093
1108109 1108130
1108141 1108176
1108182 1108374
1108423 1108537
1108540 1108598
1108601 1108721
1108725 1108834
1108844 1109030
1109067 1109343
1109439 1109521
1109573 1109859
1109887 1110114
1110175 1110289
1110355 1110417
1110461 1110732
1110736 1110748
1110758 1111207
1111211 1111293
1111338 1111475
1111540 1111587
1111590 1111834
1111881 1112321
1112374 1112625
1112672 1112830
1112833 1112947
1112983 1113221
1113224 1113304
1113332 1113369
1113403 1113527
1113583 1113703
1113766 1113942
1113952 1114138
1114206 1114500
1114584 1114657
1114701 1114775
1114778 1114811
1114814 1114853
1114856 1115007
1115020 1115164
1115167 1115345
1115440 1115469
1115475 1115518
1115522 1115810
1115858 1116230
1116258 1116264
1116279 1116487
1116490 1116582
1116684 1116732
1116742 1116765
1116772 1117071
1117113 1117183
1117218 1117246
1117300 1117542
1117586 1117799
1117907 1117908
1117920 1118221
1118286 1118451
1118454 1118833
1118877 1119160
1119188 1119231
1119325 1119513
1119525 1119778
1119848 1120091
1120094 1120241
1120290 1120490
1120502 1120587
1120595 1121006
1121040 1121149
1121196 1121484
1121497 1121592
1121596 1121699
1121702 1121758
1121790 1121947
1121958 1122076
1122113 1122236
1122278 1122520
1122523 1122815
1122865 1122899
1122903 1122947
1122964 1123088
1123223 1123226
1123230 1123321
1123324 1123375
1123388 1123404
1123407 1123466
1123504 1123773
1123777 1123822
1123825 1123896
1124019 1124077
1124127 1124276
1124284 1124915
1124940 1125094
1125139 1125318
1125324 1125372
1125467 1125563
1125581 1125682
1125700 1125751
1125844 1125922
1125973 1126191
1126232 1126233
1126413 1126631
1126685 1126915
1126918 1126936
1126947 1127048
1127070 1127136
1127152 1127286
1127325 1127527
1127569 1127612
1127653 1127811
1127844 1128225
1128250 1128280
1128288 1128316
1128319 1128331
1128337 1128402
1128435 1128600
1128634 1128664
1128667 1129040
1129053 1129137
1129155 1129441
1129505 1129768
1129771 1129881
1129919 1130031
1130077 1130323
1130428 1130933
