31 164
172 425
434 448
453 582
657 927
947 948
977 1212
1251 1429
1467 1644
1693 1859
1876 1950
1999 2165
2176 2234
2278 2281
2330 2525
2560 2654
2689 2805
2835 2939
2963 3069
3106 3277
3325 3626
3643 3893
3935 4334
4382 4489
4544 4821
4833 4835
4886 5013
5042 5137
5165 5167
5211 5291
5294 5348
5353 5497
5531 5758
5792 5922
5960 6221
6225 6264
6303 6509
6526 6527
6548 6643
6648 6695
6717 6832
6835 7016
7053 7264
7300 7357
7380 7434
7453 7519
7626 7702
7728 7891
7899 7957
7997 7998
8041 8204
8209 8397
8460 8811
8853 9082
9116 9247
9256 9373
9385 9470
9498 9501
9512 9608
9648 9915
9948 10152
10196 10260
10264 10775
10806 10808
10840 11124
11130 11205
11256 11637
11696 11880
11887 11983
12032 12165
12169 12234
12271 12272
12310 12431
12463 12508
12511 12771
12813 12859
12862 13110
13113 13184
13226 13545
13557 13560
13577 13856
13894 13941
13944 14039
14070 14203
14286 14407
14427 14637
14704 14784
14849 15030
15038 15038
15047 15200
15236 15537
15599 15674
15687 15830
15861 16003
16007 16188
16201 16203
16226 16251
16254 16397
16400 16731
16786 16829
16832 16925
16930 17151
17182 17289
17293 17393
17412 17545
17560 17562
17579 17940
17953 17955
17983 18434
18437 18481
18533 18970
18991 18992
19003 19145
19179 19316
19320 19431
19461 19792
19878 19936
19963 20354
20379 20481
20511 20513
20526 20860
20874 20926
20945 21044
21076 21253
21300 21302
21321 21466
21474 21565
21572 21635
21638 21710
21754 22051
22090 22403
22445 22539
22550 22651
22655 22776
22794 22796
22818 23250
23288 23413
23448 23675
23721 23949
23956 24149
24196 24423
24437 24438
24455 24565
24568 24855
24913 24956
25000 25103
25122 25354
25358 25498
25540 25680
25713 25944
25952 25984
26006 26008
26030 26058
26062 26134
26212 26384
26434 26669
26702 27172
27203 27440
27489 27491
27541 28157
28190 28292
28325 28779
28803 28805
28830 29073
29104 29232
29262 29468
29483 29485
29497 29616
29722 29792
29795 30023
30077 30313
30343 30643
30732 30819
30828 30937
30948 31046
31062 31063
31081 31288
31340 31575
31579 31693
31718 31721
31745 31889
31893 32017
32057 32231
32268 32348
32365 32425
32517 32696
32728 33043
33046 33213
33239 33240
33272 33397
33432 33521
33524 33681
33716 33795
33832 34228
34247 34248
34265 34322
34344 34464
34498 34501
34515 34663
34720 34869
34884 34886
34904 35082
35175 35394
35430 35687
35721 35819
35845 36070
36109 36247
36276 36347
36352 36490
36517 36518
36543 36840
36868 37010
37013 37015
37035 37149
37152 37211
37247 37406
37442 37589
37613 37764
37796 37927
37969 38136
38139 38255
38258 38363
38374 38438
38441 38471
38487 38637
38681 38683
38697 38917
38955 39158
39243 39352
39372 39542
39569 39695
39698 39856
39879 39881
39922 40270
40316 40401
40421 40494
40527 40528
40548 40619
40657 40847
40850 40917
40951 40953
40991 41252
41268 41358
41397 41532
41570 41655
41662 41796
41829 41831
41851 42064
42090 42212
42258 42371
42419 42551
42620 42697
42716 42879
42926 43095
43167 43414
43428 43430
43443 43606
43673 44019
44087 44301
44344 44621
44638 44640
44664 44705
44709 44863
44866 44933
44941 45006
45016 45081
45211 45330
45364 45555
45559 45662
45696 45795
45798 46018
46021 46083
46100 46102
46118 46247
46270 46331
46334 46558
46643 46841
46845 46912
46940 47060
47065 47348
47419 47592
47597 47598
47613 47802
47814 48013
48056 48194
48222 48513
48518 48595
48598 48729
48799 48905
48910 49049
49077 49080
49110 49302
49346 49524
49564 49744
49769 49934
49969 50251
50274 50375
50416 50497
50510 50641
50673 50673
50697 50904
50921 50995
51153 51311
51325 51328
51348 51570
51604 51692
51719 51848
51870 51997
52003 52083
52113 52146
52149 52394
52425 52689
52729 52731
52754 53011
53015 53206
53229 53231
53252 53296
53299 53402
53442 53602
53605 54098
54155 54633
54645 54646
54662 55074
55109 55262
55307 55579
55651 55702
55726 55971
55995 56191
56202 56205
56222 56242
56246 56373
56402 56662
56730 57007
57129 57357
57402 57467
57472 57473
57485 57655
57693 57824
57828 57993
58028 58222
58261 58413
58444 58495
58498 58566
58587 58651
58664 58869
58875 58915
58921 58983
