19 132
271 383
390 613
652 834
860 1083
1106 1302
1307 1308
1322 1596
1599 1692
1715 1893
1917 2088
2112 2204
2264 2558
2577 2631
2634 2755
2788 2944
2951 2953
3003 3215
3228 3231
3245 3332
3354 3543
3608 3724
3743 3916
3924 4066
4105 4106
4116 4394
4468 4530
4533 4596
4643 4733
4751 4855
4987 5256
5269 5335
5412 5505
5537 5610
5625 5626
5642 5884
5889 5970
6034 6245
6267 6366
6381 6383
6402 6496
6527 6955
7025 7118
7125 7300
7310 7311
7362 7493
7508 7590
7656 7697
7703 7834
7852 7947
7994 8067
8083 8130
8143 8415
8462 8780
8793 8795
8815 8940
8963 9072
9106 9168
9171 9343
9351 9353
9382 9547
9601 9703
9754 9834
9837 9903
9909 10128
10162 10419
10427 10428
10442 10546
10569 10676
10679 10942
10966 11118
11140 11329
11413 11450
11477 11555
11572 11704
11719 11836
11852 11974
11981 11983
11995 12298
12307 12310
12326 12456
12475 12596
12630 12730
12743 12743
12764 12903
12906 13057
13105 13338
13375 13575
13616 13780
13803 14043
14064 14407
14427 14430
14452 14672
14681 14901
14922 15035
15053 15229
15287 15386
15390 15578
15621 15751
15779 15781
15822 15885
15891 16193
16225 16330
16354 16572
16607 16690
16709 16946
16962 17115
17159 17161
17211 17339
17346 17436
17458 17607
17626 17739
17796 17970
17997 18166
18211 18296
18299 18367
18393 18564
18622 18679
18683 18685
18697 18797
18829 18943
18946 19008
19011 19164
19207 19368
19400 19572
19597 19758
19765 19814
19828 19884
19930 19932
19985 20320
20331 20462
20488 20655
20695 20762
20783 20937
20986 21138
21152 21271
21278 21387
21392 21393
21406 21488
21491 21598
21662 21718
21751 21819
21863 22126
22137 22140
22162 22235
22245 22395
22400 22583
22634 22787
22878 23153
23176 23299
23317 23465
23489 23570
23573 23710
23724 23726
23745 23945
23957 23958
23984 24017
24036 24159
24180 24530
24533 24620
24650 24687
24712 25044
25087 25231
25238 25240
25252 25415
25431 25557
25584 25668
25691 25898
25925 26042
26052 26307
26348 26580
26592 26593
26606 26708
26712 26789
26796 26891
26952 27147
27173 27298
27311 27351
27384 27574
27599 27756
27774 27955
27960 28048
28063 28066
28084 28455
28459 28629
28682 28888
28925 29003
29007 29128
29148 29383
29420 29499
29505 29506
29515 29612
29624 29738
29767 29907
29921 30048
30072 30266
30318 30356
30383 30469
30487 30580
30605 30928
30936 30938
30950 31035
31038 31125
31176 31283
31304 31451
31483 31590
31601 31767
31795 31855
31863 32060
32070 32071
32081 32209
32215 32326
32395 32477
32499 32655
32667 32711
32727 33002
33005 33106
33110 33253
33283 33355
33360 33524
33534 33536
33551 33597
33605 33683
33704 33912
33934 34265
34338 34442
34467 34571
34579 34615
34639 34924
34964 35035
35047 35048
35070 35199
35224 35337
35353 35482
35527 35568
35582 36064
36074 36076
36091 36264
36283 36382
36430 36676
36699 36948
36978 37081
37100 37262
37282 37599
37631 37750
37759 37761
37775 37958
38004 38271
38296 38298
38311 38491
38607 38797
38836 39067
39090 39304
39320 39465
39597 39827
39836 39838
39850 39950
39961 40117
40188 40229
40240 40340
40370 40436
40475 40671
40693 40728
40743 40852
40911 41017
41033 41195
41213 41215
41238 41533
41548 41625
41673 41710
41770 41903
41921 41922
41936 42075
42098 42253
42372 42660
42680 42958
42961 43147
43197 43300
43320 43499
43522 43523
43539 43722
43737 43754
43757 43893
44026 44211
44235 44394
44491 44634
44643 44705
44738 45010
45058 45061
45085 45140
45155 45341
45350 45523
45541 45722
45739 45907
45948 46107
46129 46131
46155 46269
46279 46489
46504 46869
46942 47055
47058 47113
47131 47215
47262 47399
47423 47631
47637 47638
47649 47785
47833 48034
48053 48055
48097 48208
48211 48313
48359 48406
48437 48626
48664 48758
48765 48991
49011 49110
49166 49209
49245 49308
49331 49413
49445 49446
49480 49577
49581 49674
49677 49859
49919 49987
49994 50059
50121 50188
50249 50498
50504 50540
50590 50827
50839 50841
50858 51023
51050 51176
51181 51362
51414 51669
51689 51790
51811 51937
51950 52081
52095 52097
52119 52402
52405 52442
52445 52520
52558 52695
52744 53057
53124 53286
53303 53372
53399 53401
53412 53530
53534 53570
53573 53595
53598 53648
53691 54034
54074 54140
54143 54214
54237 54345
54376 54454
54459 54796
54832 54977
54987 54988
55004 55102
55133 55314
55324 55361
55364 55372
55378 55436
55484 55721
55725 55784
55819 56074
56125 56358
56397 56400
56442 56795
56838 56984
56992 57031
57036 57149
57176 57346
57382 57515
57545 57724
57735 57924
57946 57947
57972 58006
58012 58209
58214 58323
58336 58338
58390 58645
58674 58777
58796 58962
59005 59228
59259 59564
59610 59821
