32 150
199 437
560 639
665 1054
1113 1367
1405 1407
1448 1591
1595 1782
1850 2035
2039 2079
2083 2148
2202 2417
2546 2829
2832 2922
2945 2947
2989 3207
3235 3237
3288 3395
3398 3545
3548 3651
3703 3705
3717 3845
3848 3992
3995 4139
4185 4355
4386 4387
4406 4516
4562 4646
4701 4777
4819 4821
4838 4931
4950 5151
5193 5313
5325 5389
5446 5564
5574 5713
5767 5768
5791 6014
6073 6439
6526 6800
6855 7107
7183 7305
7332 7333
7356 7504
7536 7686
7702 7705
7723 7835
7880 7992
8041 8042
8084 8227
8274 8419
8422 8546
8667 8807
8840 8842
8874 9185
9216 9263
9295 9453
9479 9563
9661 9809
9813 9903
9956 10091
10107 10214
10234 10236
10259 10549
10564 10566
10594 10725
10819 10857
10890 11013
11065 11251
11292 11446
11452 11494
11543 11545
11566 11789
11866 12075
12078 12112
12183 12211
12225 12273
12276 12378
12430 12673
12885 13007
13120 13231
13237 13238
13263 13368
13460 13600
13678 13951
13994 13997
14019 14052
14098 14193
14252 14296
14318 14320
14338 14483
14559 14829
14995 15226
15241 15242
15269 15420
15453 15593
15675 15826
15847 15848
15871 16018
16091 16178
16181 16260
16308 16470
16478 16481
16511 16625
16628 16767
16799 16903
16935 16936
16983 17176
17206 17208
17229 17382
17445 17606
17664 17719
17734 18025
18090 18283
18286 18327
18355 18449
18488 18591
18599 18740
18812 18873
18881 18883
18934 19092
19104 19239
19281 19323
19328 19496
19536 19538
19565 19838
19885 20130
20201 20398
20401 20577
20618 20832
20867 20912
20947 20948
20986 21168
21226 21590
21638 21846
21876 21878
21928 22157
22186 22188
22214 22270
22273 22427
22618 22837
22858 22979
23031 23194
23241 23243
23295 23555
23558 23758
23813 24073
24113 24323
24361 24462
24487 24488
24513 24626
24643 24915
24949 24951
24978 25257
25284 25364
25482 25620
25678 26008
26061 26478
26497 26498
26518 26599
26625 26913
26963 27074
27091 27093
27125 27333
27383 27641
27722 27858
27923 28120
28147 28148
28167 28418
28458 28528
28531 28608
28636 28792
28814 28817
28846 28929
28933 29018
29050 29217
29256 29257
29287 29416
29421 29471
29474 29590
29633 29747
29798 29857
29920 30079
30122 30289
30332 30645
30663 30723
30750 30752
30783 30967
30970 31054
31085 31226
31229 31414
31435 31437
31481 31713
31772 32018
32021 32072
32116 32352
32399 32686
32745 32801
32900 33089
33115 33116
33143 33306
33405 33612
33662 33850
33911 34173
34222 34528
34549 34551
34572 34661
34664 34747
34814 34959
34966 35011
35017 35132
35179 35305
35308 35479
35536 35875
35880 35936
35961 36120
36149 36151
36184 36356
36359 36415
36438 36534
36582 36744
36771 36914
36972 37128
37131 37174
37177 37286
37328 37469
37488 37490
37515 37804
37852 37853
37886 37959
37971 38041
38164 38261
38320 38441
38544 38667
38793 39256
39288 39291
39317 39590
39681 39782
39871 40011
40042 40043
40059 40285
40288 40401
40430 40432
40465 40701
40791 40849
40896 40898
40926 41214
41344 41682
41734 41994
42022 42023
42075 42249
42252 42506
42550 42690
42724 42905
42955 43024
43061 43160
43207 43210
43246 43486
43519 43521
43550 43747
43752 43825
43828 43948
44059 44264
44289 44469
44542 44774
44779 45102
45138 45140
45186 45302
45332 45666
45723 45853
45895 46176
46265 46420
46450 46649
46689 46690
46741 47173
47356 47524
47598 47829
47912 47992
48010 48098
48144 48146
48200 48345
48353 48471
48581 48846
48870 48871
48894 49196
49248 49435
49507 49670
49711 50019
50119 50332
50335 50410
50432 50433
50465 50743
50827 51008
51016 51134
51179 51181
51204 51493
51534 51578
51634 51673
51690 51747
51792 51795
51814 51906
52004 52135
52157 52216
52258 52260
52287 52476
52505 52506
52562 52684
52788 52831
52895 52949
52952 53098
53128 53346
53482 53737
53751 53898
53945 53947
54001 54235
54254 54256
54278 54573
54612 54798
54845 54846
54901 55016
55127 55222
55230 55232
55287 55436
55484 55546
55549 55860
55878 55880
55923 56033
56037 56171
56217 56218
56273 56404
56468 56557
56592 56631
56655 56656
56709 56868
56960 57226
57247 57248
57268 57465
57508 57511
57546 57630
57638 57763
57797 58146
58182 58183
58218 58376
58386 58427
58430 58508
58574 58862
58910 59205
59240 59434
59471 59577
