23 315
345 529
532 602
605 737
823 1099
1123 1312
1334 1336
1363 1679
1709 1924
1930 2147
2214 2390
2412 2547
2550 2741
2774 2832
2843 2845
2859 3107
3236 3320
3357 3514
3542 3673
3702 3818
3869 3998
4010 4011
4026 4086
4090 4207
4218 4351
4354 4524
4527 4667
4842 5159
5174 5176
5195 5325
5363 5461
5492 5625
5681 5834
5859 6101
6159 6376
6412 6677
6685 6686
6699 6960
6999 7146
7153 7156
7167 7335
7369 7438
7468 7607
7629 7764
7777 7899
7954 8052
8055 8281
8309 8714
8760 8761
8795 9055
9116 9476
9539 9638
9664 9848
9872 9873
9901 10054
10057 10395
10424 10533
10537 10852
10886 10967
11005 11115
11152 11155
11178 11311
11317 11502
11520 11670
11717 11878
11892 11893
11945 12119
12133 12172
12180 12308
12324 12326
12346 12544
12642 12690
12693 12786
12817 13221
13263 13471
13502 13505
13544 13820
13842 13936
13939 14121
14206 14409
14419 14631
14669 14884
14922 14923
14946 15264
15287 15311
15319 15492
15533 15600
15666 15768
15829 15941
15992 16140
16167 16168
16198 16532
16572 16765
16788 16992
17145 17272
17279 17366
17371 17435
17476 17531
17547 17601
17615 17617
17637 17759
17789 17895
17960 18029
18032 18285
18302 18379
18382 18424
18448 18568
18580 18582
18622 18690
18713 18788
18840 19236
19288 19539
19703 19759
19763 19827
19834 19836
19885 20156
20185 20312
20382 20442
20475 20745
20756 20757
20792 20850
20853 20962
20992 21103
21135 21300
21430 21660
21701 21799
21830 22048
22069 22071
22097 22227
22241 22598
22601 22663
22721 22979
23010 23254
23287 23629
23680 23681
23732 23810
23834 24184
24187 24234
24237 24272
24287 24290
24329 24390
24413 24545
24627 24903
24924 25010
25013 25102
25122 25241
25269 25446
25468 25468
25480 25651
25659 25776
25809 26018
26037 26041
26062 26513
26534 26536
26563 26755
26788 26927
26955 27045
27071 27241
27245 27332
27526 27768
27800 28041
28064 28065
28090 28146
28149 28219
28271 28343
28347 28432
28522 28680
28683 28838
28866 29066
29087 29380
29407 29408
29441 29496
29499 29562
29565 29763
29781 29949
30167 30358
30376 30378
30399 30558
30610 30764
30767 30860
30891 30980
30983 31093
31250 31333
31339 31445
31479 31779
31794 31796
31814 32179
32228 32230
32260 32543
32581 32735
32792 32921
32924 33184
33255 33392
33428 33582
33603 33605
33640 33819
33894 34130
34168 34349
34417 34511
34536 34652
34655 34783
34794 34796
34846 34923
34948 35041
35070 35245
35250 35345
35533 35593
35598 35788
35815 35993
36021 36102
36115 36211
36229 36231
36285 36462
36465 36654
36686 37096
37151 37378
37409 37639
37658 37658
37677 37749
37752 37936
37940 38037
38165 38687
38698 38783
38850 38916
38923 39056
39066 39153
39168 39171
39185 39418
39466 39791
39846 40055
40159 40376
40395 40537
40554 40693
40708 40710
40726 40953
40996 40997
41023 41252
41288 41477
41510 41744
41772 41931
41973 42121
42156 42367
42377 42474
42489 42491
42511 42662
42709 42926
42964 43106
43142 43184
43253 43381
43404 43526
43559 43780
43785 43955
43981 43982
44012 44116
44139 44202
44216 44276
44319 44521
44561 44653
44689 44691
44705 44821
44824 45030
45067 45260
45291 45503
45534 45775
45835 45992
46004 46052
46076 46077
46098 46337
46386 46553
46556 46722
46752 46753
46790 46807
46810 46908
46943 47017
47020 47134
47152 47155
47184 47259
47262 47411
47474 47566
47581 47780
47814 47981
48080 48139
48145 48322
48357 48430
48435 48505
48583 48680
48707 48708
48736 48840
48889 48955
49000 49102
49105 49168
49206 49329
49353 49436
49500 49584
49622 49756
49815 49912
49940 50122
50148 50151
50182 50288
50324 50515
50568 50650
50679 50726
50772 50839
50864 50943
51040 51138
51153 51155
51186 51566
51629 51736
51760 52024
52068 52190
52193 52653
52695 52696
52746 52847
52898 53063
53066 53315
53319 53359
53362 53428
53478 53843
53849 54124
54145 54147
54183 54297
54346 54582
54592 54664
54693 54773
54789 54863
54866 54919
54956 54958
54984 55212
55297 55752
55800 55802
55859 55987
56014 56260
56322 56507
56538 56719
56734 57001
57029 57314
57329 57331
57353 57688
57736 57835
57838 57969
58002 58175
58228 58516
58526 58781
