21 114
184 304
509 846
942 1059
1062 1432
1453 1455
1473 1600
1663 2190
2234 2423
2455 2673
2676 2866
2901 3025
3037 3038
3053 3234
3325 3645
3711 4146
4172 4186
4193 4431
4435 4701
4718 4720
4742 4901
4927 5061
5104 5464
5497 5719
5866 6226
6249 6251
6281 6478
6517 6996
7080 7243
7247 7389
7472 7667
7683 7685
7705 8228
8260 8406
8479 8502
8505 8660
8702 8881
8887 9207
9235 9236
9270 9369
9397 9598
9633 10121
10172 10413
10452 10453
10498 10807
10846 11034
11037 11175
11205 11563
11570 11689
11696 11951
11964 11966
11979 12250
12346 12539
12546 12616
12642 12788
12823 13080
13090 13093
13108 13363
13366 13614
13641 13833
13909 14017
14020 14061
14065 14235
14291 14366
14369 14596
14618 14620
14636 14803
14883 15285
15317 15725
15803 16005
16016 16187
16234 16236
16288 16463
16485 16704
16753 16954
16981 17192
17303 17428
17507 17665
17687 17688
17712 17863
17893 18005
18025 18268
18356 18405
18497 18799
18917 19342
19391 19393
19445 19520
19562 19960
19993 20207
20315 20500
20632 20750
20765 20766
20818 20975
21024 21200
21216 21389
21412 21516
21543 21688
21814 22004
22031 22033
22066 22707
22815 22996
23022 23194
23310 23408
23454 23456
23508 23559
23567 23627
23632 23886
23996 24221
24250 24415
24457 24627
24673 24820
24885 24952
24987 24990
25015 25215
25326 25443
25454 25691
25811 25884
25893 26058
26112 26215
26333 26403
26450 26451
26503 26560
26663 26733
26915 27194
27330 27647
27667 27787
27811 27813
27840 27997
28057 28230
28332 28512
28527 28636
28697 28889
28916 28978
28998 29001
29030 29433
29508 29865
30000 30166
30171 30172
30187 30701
30777 30924
30947 31062
31094 31222
31231 31460
31509 31511
31561 31848
31884 32323
32364 32981
33028 33031
33083 33170
33187 33360
33365 33410
33448 33873
33958 34068
34087 34484
34527 34528
34574 34972
35007 35481
35484 35633
35773 35936
35939 36037
36062 36065
36096 36619
36680 36939
36972 36973
37017 37417
37420 37500
37503 37688
37753 38138
38169 38402
38417 38418
38443 38745
38826 39022
39083 39118
39121 39306
39311 39429
39462 39852
39898 39900
39949 40449
40452 40600
40669 40808
40811 41071
41106 41348
41353 41470
41479 41481
41494 41833
41882 42632
42710 43098
43125 43126
43160 43236
43268 43522
43591 43880
43930 44179
44182 44530
44533 44656
44704 44706
44757 44809
44813 45069
45138 45400
45471 45826
45862 46015
46048 46051
46076 46318
46329 46525
46682 46996
47035 47330
47355 47609
47658 47660
47712 48088
48092 48152
48199 48581
48681 49073
49105 49106
49143 49462
49514 49728
49790 49931
49939 50090
50178 50386
50426 50427
50472 50493
50496 50699
50711 50896
50967 51095
51108 51196
51238 51561
51682 52033
52052 52055
52081 52467
52541 53043
53105 53383
53393 53395
53409 53461
53464 53526
53529 53598
53605 53915
53962 54205
54295 54801
54830 54958
54975 54976
54997 55116
55120 55192
55195 55327
55364 55605
55608 55720
55842 56040
56078 56462
56497 56498
56535 56763
56794 56864
56867 56981
57051 57177
57232 57452
57523 57806
57809 57922
57941 57943
57959 58058
58087 58167
58237 58336
58345 58587
58632 58674
58712 58741
58745 58809
58843 59146
