54 151
178 311
320 428
487 591
597 738
775 875
884 957
969 998
1001 1086
1120 1186
1189 1247
1293 1295
1318 1352
1355 1437
1442 1479
1483 1566
1576 1655
1658 1797
1810 1812
1829 2019
2024 2038
2042 2190
2249 2397
2411 2430
2433 2559
2584 2725
2730 2785
2788 2902
2964 3050
3055 3159
3163 3247
3252 3394
3415 3416
3444 3520
3523 3632
3635 3757
3814 3954
3960 4019
4022 4072
4075 4143
4166 4267
4270 4344
4380 4454
4484 4635
4643 4713
4813 4887
4908 4911
4936 5076
5082 5185
5190 5324
5420 5528
5531 5661
5673 5729
5806 5870
5877 6026
6058 6249
6314 6419
6437 6438
6459 6496
6499 6585
6624 6675
6679 6745
6749 6852
6883 7040
7116 7230
7278 7328
7331 7460
7535 7683
7702 7703
7725 7770
7773 7893
7896 7952
7959 8000
8004 8194
8232 8357
8386 8434
8453 8585
8721 8806
8817 8942
8947 9062
9066 9079
9082 9195
9216 9218
9243 9353
9358 9463
9569 9718
9722 9817
9823 9932
9973 10050
10053 10124
10182 10388
10391 10499
10531 10708
10745 10747
10789 10872
10888 10958
10961 10977
10981 11042
11045 11113
11196 11249
11254 11295
11298 11392
11409 11411
11421 11556
11587 11913
11986 12057
12060 12133
12136 12187
12190 12238
12281 12301
12304 12403
12413 12534
12537 12624
12659 12733
12772 12878
12886 12990
13028 13030
13080 13269
13277 13375
13420 13548
13551 13590
13597 13708
13881 13985
14026 14044
14050 14128
14164 14345
14385 14488
14499 14500
14513 14525
14530 14768
14809 14932
14939 15125
15189 15344
15347 15394
15397 15478
15548 15703
15740 15948
15965 15967
16005 16080
16084 16150
16280 16351
16392 16533
16570 16631
16666 16792
16824 17010
17013 17080
17152 17197
17213 17215
17233 17300
17303 17441
17453 17614
17663 17758
17762 17905
17930 18067
18124 18253
18268 18384
18535 18584
18612 18613
18645 18742
18745 18897
18901 18981
19067 19160
19163 19283
19286 19395
19508 19562
19565 19622
19625 19663
19666 19757
19803 19905
19908 20022
20047 20050
20079 20103
20106 20289
20335 20390
20395 20462
20472 20528
20540 20606
20646 20807
20841 21115
21139 21212
21215 21339
21410 21498
21508 21508
21520 21665
21675 21812
21816 21885
21921 21949
21952 22056
22059 22141
22221 22325
22330 22481
22512 22539
22542 22607
22632 22752
22768 22789
22792 22885
22890 23139
23180 23182
23234 23288
23294 23380
23383 23463
23467 23567
23606 23730
23737 23813
23958 24165
24204 24249
24283 24342
24348 24418
24424 24576
24610 24692
24703 24705
24721 24808
24927 24982
24986 25090
25136 25187
25270 25349
25364 25464
25608 25702
25747 25796
25832 25954
25990 26079
26126 26228
26276 26277
26330 26402
26405 26426
26430 26470
26473 26532
26576 26636
26716 26808
26822 26904
27002 27087
27091 27112
27118 27169
27190 27258
27292 27347
27406 27505
27552 27630
27666 27668
27712 27791
27794 27856
27878 27956
27960 28064
28069 28108
28112 28168
28173 28262
28316 28367
28437 28508
28536 28605
28733 28876
28883 28989
29014 29016
29051 29107
29112 29138
29143 29189
29262 29297
29313 29313
29350 29451
29559 29598
29640 29700
29703 29762
29772 29927
29977 30028
30087 30217
30298 30346
30392 30526
30567 30784
30795 30798
30811 30967
31040 31196
31212 31317
31352 31353
31386 31552
31555 31633
31693 31739
31787 31900
31918 32019
32025 32122
32126 32231
32287 32411
32451 32527
32570 32572
32608 32754
32786 32906
32972 33013
33066 33146
33151 33333
33380 33441
33447 33549
33580 33662
33768 33831
33834 33922
33946 34007
34022 34064
34101 34210
34224 34226
34254 34339
34395 34433
34479 34531
34534 34607
34669 34719
34753 34809
34900 34950
34998 35100
35150 35201
35261 35400
35463 35523
35551 35674
35729 35783
35806 35808
35836 35891
35898 35991
36011 36072
36147 36181
36232 36330
36348 36403
36460 36513
36559 36649
36676 36733
36793 36841
36904 37008
37011 37081
37120 37173
37249 37305
37322 37323
37346 37441
37499 37550
37608 37652
37655 37707
37711 37761
37850 37915
37937 37940
37975 38042
38108 38156
38160 38235
38275 38326
38422 38479
38544 38643
38702 38768
38831 38910
38917 39021
39024 39110
39200 39269
39305 39451
39493 39493
39542 39599
39638 39686
39689 39747
39761 39821
39927 39995
40052 40186
40189 40284
40342 40398
40426 40428
40461 40530
40599 40681
40701 40776
40855 40929
40946 41003
41006 41080
41136 41218
41252 41302
41305 41356
41359 41432
41493 41557
41584 41681
41875 41965
41971 41973
41986 42049
42077 42173
42206 42288
42309 42383
42551 42651
42698 42746
42756 42877
42893 42996
43053 43116
43155 43158
43181 43284
43365 43399
43431 43516
43586 43634
43694 43774
43778 43857
43860 43995
44065 44111
44145 44147
44188 44237
44316 44527
44611 44668
44740 44896
44952 45004
45057 45143
45156 45209
45212 45269
45274 45356
45359 45414
45490 45528
45565 45627
45640 45642
45660 45711
45784 45830
45878 45920
45964 46008
46174 46235
46238 46298
46339 46375
46378 46477
46494 46577
46652 46713
46733 46735
46767 46858
46945 46982
47062 47124
47128 47308
47326 47436
47444 47537
47574 47644
47647 47750
47761 47803
47815 47827
47830 47886
47954 48003
48042 48095
48168 48218
48243 48243
48268 48359
48385 48439
48488 48527
48533 48606
48626 48701
48807 48922
48934 49030
49075 49078
49098 49170
49251 49468
49474 49597
49658 49803
49806 49878
49882 49993
49997 50059
50120 50169
50172 50341
50430 50520
50541 50543
50570 50685
50689 50834
50886 51022
51102 51223
51270 51389
51413 51540
51543 51612
51698 51806
51809 51908
51913 51941
51944 51987
52011 52012
52031 52158
52194 52289
52316 52410
52426 52544
52556 52603
52652 52765
52806 52872
52890 53035
53114 53199
53202 53248
53251 53438
53456 53541
53555 53557
53574 53632
53635 53650
53653 53740
53745 53798
53801 53866
53878 53963
53996 54070
54074 54172
54310 54379
54392 54426
54433 54498
54509 54623
54629 54661
54664 54729
54737 54791
54794 54893
54939 55044
55048 55167
55218 55220
55272 55368
55374 55472
55510 55564
55576 55680
55731 55822
55828 55958
56014 56150
56153 56202
56205 56275
56279 56331
56408 56467
56471 56537
56563 56644
56658 56713
56716 56799
56815 56816
56835 56911
56919 57046
57079 57235
57238 57313
57353 57462
57515 57653
57662 57746
57756 57780
57786 57863
57866 57939
57944 57998
58075 58200
58205 58333
58379 58381
58435 58578
58608 58693
58719 58773
58776 58795
58798 58861
58914 58937
58940 59106
59135 59296
59346 59419
59426 59570
59581 59645
59655 59799
