53 194
197 280
283 409
436 437
458 625
663 850
890 922
925 1065
1102 1266
1278 1357
1440 1556
1572 1665
1674 1764
1767 1847
1900 2069
2117 2120
2172 2349
2352 2453
2494 2556
2564 2623
2627 2701
2753 3157
3266 3426
3453 3630
3644 3646
3666 3774
3783 4023
4094 4402
4431 4754
4773 4847
4854 4959
4972 5086
5134 5136
5185 5314
5321 5481
5536 5584
5587 5731
5770 5798
5830 6187
6261 6516
6540 6686
6726 6727
6771 6866
6869 6893
6916 7098
7145 7304
7313 7443
7447 7513
7570 7606
7636 7764
7802 7955
7958 7976
7981 8169
8175 8296
8345 8347
8399 8510
8531 8645
8649 8887
8959 9068
9072 9167
9173 9273
9307 9577
9621 9858
9902 9905
9958 10013
10025 10126
10233 10350
10383 10706
10806 11013
11042 11137
11181 11410
11419 11421
11433 11537
11601 11974
12018 12210
12298 12432
12514 12647
12650 12748
12754 13030
13058 13058
13090 13382
13591 13678
13725 13855
13925 14139
14266 14397
14411 14488
14538 14541
14593 14745
14835 14981
14984 15049
15077 15144
15206 15276
15452 15622
15760 15804
15807 16026
16074 16076
16127 16324
16368 16440
16443 16578
16641 16777
16956 17018
17085 17172
17278 17350
17354 17409
17437 17438
17463 17660
17694 17842
17845 17926
18079 18209
18302 18621
18691 18936
18985 18986
19037 19254
19294 19487
19582 19677
19813 19904
19907 19975
20224 20457
20469 20471
20487 20591
20634 20811
20845 21206
21294 21386
21426 21856
21878 21880
21905 22100
22106 22553
22590 22758
22860 22916
22919 22954
22970 23296
23345 23346
23398 23543
23564 23616
23619 23712
23774 23956
24021 24140
24270 24393
24413 24554
24579 24793
24823 24826
24860 25028
25038 25138
25189 25285
25328 25374
25395 25580
25620 25827
25955 26075
26085 26086
26101 26188
26191 26399
26448 26622
26635 26917
26925 26984
27012 27182
27274 27546
27562 27563
27583 27834
27900 28027
28057 28156
28203 28327
28336 28456
28501 28771
28840 28918
28947 29047
29065 29067
29087 29197
29239 29434
29485 29655
29681 29791
29830 30112
30221 30350
30353 30376
30400 30480
30489 30623
30649 30651
30681 30804
30807 30889
30895 31031
31096 31348
31356 31378
31381 31463
31559 31659
31665 31800
31803 32131
32165 32167
32187 32343
32346 32584
32616 32685
32696 32810
32813 32947
32981 33172
33191 33206
33209 33357
33597 33707
33723 33725
33748 33857
33908 34322
34413 34588
34591 34679
34730 34853
34899 34901
34927 35116
35159 35287
35291 35500
35546 35548
35569 35731
35750 35885
36022 36321
36394 36689
36777 36891
36904 36959
36984 36986
37015 37228
37238 37320
37370 37448
37456 37572
37697 37824
37833 37872
37883 37952
38007 38331
38347 38348
38366 38582
38681 38806
38816 38882
38885 38916
38926 39035
39064 39066
39083 39289
39292 39345
39494 39599
39611 39681
39712 39851
39919 39939
39963 40069
40096 40210
40217 40355
40401 40486
40497 40582
40605 40606
40634 40752
40768 40792
40795 40862
40865 40962
40996 41022
41029 41077
41082 41136
41165 41281
41315 41400
41419 41480
41483 41598
41665 41724
41727 41993
42019 42021
42050 42189
42243 42342
42526 42741
42765 42966
43047 43200
43207 43208
43259 43412
43441 43682
43738 43908
43911 43982
44050 44087
44093 44217
44290 44429
44466 44660
44674 44677
44694 44930
45050 45097
45102 45148
45186 45232
45236 45312
45336 45532
45588 45660
45780 46098
46146 46148
46199 46369
46417 46503
46523 46646
46727 46771
46774 46888
46891 46944
46947 47024
47069 47117
47124 47254
47409 47573
47622 47623
47675 47802
47812 47897
47983 48131
48180 48264
48273 48276
48297 48450
48487 48587
48594 48650
48662 48720
48725 48833
48893 49092
49161 49325
49560 49628
49653 49655
49689 49800
49955 50222
50260 50539
50608 50695
50712 50860
50890 51080
51103 51105
51133 51269
51301 51558
51641 51690
51693 51863
51963 52058
52063 52247
52314 52441
52461 52462
52483 52604
52609 52703
52706 52961
52966 53058
53172 53390
53451 53798
53881 54061
54091 54092
54125 54290
54402 54667
54745 55004
55030 55245
55369 55529
55556 55662
55672 55675
55692 55866
55968 56113
56174 56262
56265 56362
56401 56718
56840 57160
57201 57202
57251 57450
57537 57745
57760 57867
57870 58098
58138 58346
58480 58672
58678 58747
