151 326
357 615
640 1018
1047 1115
1121 1187
1206 1281
1284 1554
1604 1766
1769 1892
1917 1935
1938 2040
2051 2185
2238 2425
2481 2610
2615 2914
2946 3141
3144 3440
3479 3560
3591 3740
3777 4039
4055 4163
4213 4493
4524 4686
4707 4883
4912 4967
4970 5246
5282 5369
5384 5616
5681 6014
6030 6182
6212 6392
6438 6548
6563 6686
6837 6931
6934 7111
7205 7206
7209 7254
7273 7451
7478 7590
7608 7717
7720 7862
7921 7922
7926 8311
8455 8632
8658 8847
8890 8965
8968 9086
9089 9189
9222 9243
9259 9321
9352 9612
9672 9889
9917 10217
10249 10563
10596 10678
10681 10725
10728 10826
10866 11387
11432 11455
11458 11485
11490 11530
11535 11742
11787 12051
12054 12129
12155 12386
12410 12683
12714 12803
12806 13067
13123 13271
13281 13504
13523 13744
13747 13980
14016 14052
14062 14313
14346 14711
14742 14814
14819 14937
14972 15238
15280 15383
15409 15487
15490 15592
15638 16018
16054 16138
16143 16399
16431 16705
16708 16899
16928 17016
17108 17407
17411 17417
17445 17787
17799 17983
18008 18194
18207 18244
18268 18343
18355 18516
18600 18664
18723 19166
19200 19847
19877 19918
19921 20038
20064 20368
20407 20433
20474 20673
20692 20869
20889 21106
21136 21448
21476 21728
21743 21772
21810 22093
22117 22132
22149 22186
22215 22381
22386 22426
22451 22730
22759 23031
23057 23264
23311 23448
23462 23515
23550 23835
23838 23939
23975 24125
24129 24204
24209 24283
24297 24336
24339 24513
24527 24912
25000 25178
25280 25608
25645 26053
26084 26462
26494 26972
27039 27303
27341 27481
27542 28006
28023 28125
28128 28374
28424 28771
28854 28910
29039 29151
29155 29202
29205 29313
29378 29484
29571 29572
29690 29727
29730 29780
29783 29868
29944 30069
30088 30372
30401 30586
30618 30782
30785 31118
31144 31319
31345 31449
31452 31673
31699 31931
31959 32074
32100 32218
32223 32366
32391 32533
32592 32708
32724 33153
33192 33471
33503 34093
34147 34362
34373 34499
34560 34717
34780 34807
34833 35008
35125 35274
35298 35701
35798 35939
36063 36129
36142 36225
36257 36277
36285 36329
36384 36449
36453 36668
36700 36884
36902 37027
37112 37229
37232 37329
37373 37448
37465 37762
37833 37870
37894 37961
37992 38168
38277 38363
38383 38883
38909 38976
38994 39243
39277 39560
39584 39678
39681 39771
39774 39862
39885 40017
40022 40203
40206 40280
40303 40353
40356 40466
40520 40591
40614 40760
40790 40990
40993 41228
41277 41537
41540 41616
41652 42125
42155 42242
42245 42282
42304 42591
42633 42851
42913 43150
43155 43251
43280 43465
43494 43611
43614 43769
43772 43940
44005 44124
44225 44302
44305 44681
44712 44988
45043 45312
45315 45590
45597 45749
45754 45888
45989 46346
46373 46546
46573 46696
46739 47201
47235 47332
47336 47398
47417 47640
47683 48055
48087 48285
48288 48465
48495 48605
48631 48720
48726 48941
49002 49037
49040 49120
49208 49446
49456 49575
49608 49769
49842 49903
49908 50134
50141 50190
50196 50379
50469 50536
50553 50739
50783 50920
50924 51068
51110 51297
51352 51393
51396 51438
51470 51640
51669 51731
51734 51814
51822 51936
51980 52236
52248 52251
52315 52346
52354 52494
52525 52737
52749 53073
53086 53123
53126 53285
53330 53453
53456 53546
53552 53731
53735 53855
53891 53981
54004 54225
54310 54392
54408 54550
54591 54678
54682 54770
54846 54989
55038 55276
55298 55493
55534 55777
55824 55976
55988 56044
56068 56226
56255 56517
56527 56548
56557 56653
56693 56890
56893 56940
56957 57192
57257 57276
57284 57620
57643 57828
57866 58023
58047 58750
58808 58848
58865 59164
59200 59320
59362 59453
59480 59566
59569 59641
59717 59961
59964 59992
59996 60098
