21 181
269 320
323 565
589 901
904 960
1019 1052
1055 1139
1179 1290
1322 1428
1466 1531
1549 1623
1628 1630
1662 1950
1953 2203
2271 2556
2674 2876
2879 3052
3068 3068
3085 3379
3422 3425
3453 3478
3484 3722
3782 3984
4034 4194
4370 4625
4655 4717
4727 4898
4926 4927
4958 5199
5332 5509
5550 5589
5593 5722
5746 5791
5799 5897
5930 5963
6002 6003
6020 6135
6207 6338
6341 6602
6629 6712
6740 6742
6794 6833
6836 6899
6977 7156
7218 7383
7412 7490
7596 7888
7931 8043
8074 8076
8112 8264
8268 8431
8517 8596
8616 8700
8735 8785
8789 8914
8917 9002
9005 9058
9113 9286
9301 9303
9331 9396
9400 9451
9460 9554
9564 9566
9616 9886
9995 10134
10138 10453
10496 10684
10687 10813
10841 10843
10896 11020
11023 11178
11216 11332
11387 11514
11532 11533
11547 11661
11665 11959
12053 12255
12298 12500
12597 12785
12799 12802
12826 13167
13215 13289
13294 13384
13455 13615
13682 13849
13870 13871
13916 14119
14179 14255
14306 14452
14475 14593
14640 14849
14908 14953
14957 15004
15009 15114
15156 15174
15180 15323
15326 15429
15459 15461
15493 15588
15605 15669
15675 15687
15690 15771
15929 16154
16158 16251
16303 16557
16621 16741
16746 16758
16766 16936
16968 16970
17005 17220
17282 17495
17505 17623
17628 17824
17855 18063
18197 18348
18351 18455
18466 18546
18577 18578
18625 18716
18719 18866
18964 19121
19124 19244
19268 19271
19292 19373
19407 19583
19586 19626
19740 20040
20063 20168
20235 20475
20656 20763
20771 20772
20784 20983
20988 21125
21174 21390
21442 21640
21690 21883
21941 22173
22222 22223
22272 22625
22668 22787
22839 22942
22945 23036
23100 23273
23276 23385
23404 23476
23502 23503
23533 23769
23804 23932
24015 24154
24185 24310
24326 24359
24442 24612
24657 24826
24841 24843
24862 25013
25023 25091
25097 25286
25352 25506
25509 25677
25706 25882
25925 26336
26377 26380
26424 26566
26606 26764
26780 26963
27022 27224
27263 27547
27634 27783
27808 27810
27839 27873
27877 28048
28079 28213
28250 28360
28393 28475
28482 28483
28513 28845
28922 29035
29117 29196
29201 29286
29313 29523
29607 29793
29800 29883
29906 29907
29936 30078
30097 30191
30217 30371
30426 30906
30962 30985
30988 31234
31268 31271
31310 31558
31660 31693
31696 31741
31745 31807
31820 31993
32054 32487
32558 32685
32694 32695
32713 32807
32812 32889
32918 33054
33076 33192
33332 33491
33505 33632
33652 33768
33802 33957
33961 34022
34059 34195
34218 34220
34246 34415
34520 34625
34631 34825
34877 35021
35088 35240
35258 35335
35358 35415
35519 35550
35553 35570
35573 35692
35700 35701
35714 35835
35874 35944
35962 36065
36127 36241
36280 36502
36551 36647
36650 36881
37003 37264
37271 37273
37291 37421
37449 37588
37661 37885
37903 38063
38095 38310
38358 38399
38403 38593
38614 38785
38815 38817
38852 39180
39251 39506
39632 39757
39776 40012
40041 40120
40124 40225
40228 40283
40295 40297
40313 40545
40599 40942
40952 41282
41332 41391
41432 41792
41820 41821
41853 42027
42045 42111
42126 42206
42222 42333
42405 42555
42559 42670
42677 42719
42798 42959
42987 43103
43119 43331
43348 43350
43386 43480
43502 43642
43651 43653
43700 44110
44163 44480
44516 44764
44798 44936
44949 44951
44968 45362
45395 45484
45487 45776
45831 45993
46052 46372
46390 46391
46415 46611
46638 46774
46832 46963
46989 47304
47416 47554
47557 47702
47727 47801
47807 47854
47865 47867
47883 47928
47933 48023
48132 48209
48232 48303
48310 48404
48554 48808
48853 49055
49073 49146
49153 49225
49228 49326
49335 49336
49350 49525
49528 49598
49638 49934
49970 50173
50236 50359
50407 50590
50653 50829
50848 50851
50872 51105
51141 51367
51530 51806
51843 52078
52106 52277
52308 52308
52345 52483
52619 52753
52777 52874
52877 53047
53124 53386
53412 53631
53662 53700
53735 53826
53838 53913
53947 53950
53986 54188
54222 54553
54589 54881
54899 54988
55077 55432
55448 55450
55472 55588
55591 55698
55735 55902
56002 56056
56066 56183
56223 56521
56577 56722
56726 56788
56793 56945
56970 56971
57002 57232
57275 57572
57611 58000
58047 58322
58328 58454
58502 58503
58533 58682
58700 58797
58838 59112
59225 59400
59409 59518
59526 59570
59705 59768
