15 223
266 427
467 761
812 917
996 1225
1233 1349
1385 1386
1430 1707
1714 1803
1849 1981
2029 2257
2300 2680
2728 2731
2763 3125
3132 3457
3553 3992
4040 4269
4304 4305
4342 4523
4544 4597
4632 4698
4727 4798
4829 4897
4946 5010
5030 5099
5129 5178
5246 5338
5383 5473
5497 5570
5616 5617
5670 5768
5771 6026
6105 6280
6344 6531
6577 6746
6793 7084
7098 7100
7119 7409
7438 7514
7659 7745
7748 7995
8031 8166
8181 8297
8335 8337
8378 8816
8867 9214
9320 9518
9548 9806
9821 9823
9841 9964
10047 10210
10252 10350
10456 10819
10860 11182
11224 11226
11277 11489
11521 11706
11737 12095
12137 12217
12262 12398
12443 12443
12493 12732
12745 12888
12907 13124
13134 13241
13282 13472
13531 13647
13683 13843
13860 13863
13889 13982
14009 14273
14439 14684
14712 14871
14874 15067
15167 15308
15327 15466
15470 15579
15602 15790
15814 15960
16106 16520
16575 16717
16724 16726
16742 16980
17011 17246
17313 17517
17556 17743
17755 17921
17947 18107
18121 18123
18157 18336
18339 18523
18599 18750
18799 18912
18922 19043
19105 19255
19277 19457
19488 19679
19726 19728
19779 19901
19904 20134
20160 20411
20431 20433
20451 20886
20940 21256
21297 21423
21432 21557
21597 21840
21889 21891
21945 22344
22384 22538
22617 22813
22821 22892
22924 23040
23108 23296
23302 23303
23319 23429
23444 23609
23700 24240
24307 24597
24617 24620
24642 24933
24976 25248
25370 25788
25826 25992
26013 26015
26043 26230
26278 26559
26600 26669
26674 26756
26890 27357
27391 27524
27552 27553
27570 27759
27848 28353
28383 28527
28595 28881
28918 28992
29012 29013
29039 29585
29640 29831
29838 30034
30072 30332
30382 30385
30416 30768
30804 31068
31155 31497
31538 31877
31894 31896
31910 32121
32158 32369
32372 32459
32496 32696
32808 33069
33091 33092
33114 33284
33324 33326
33353 33554
33587 33763
33766 33967
34042 34121
34130 34217
34286 34653
34670 34760
34800 34801
34844 35030
35059 35207
35254 35400
35554 35724
35756 35970
35990 36109
36116 36118
36139 36412
36441 36667
36750 37125
37165 37167
37197 37662
37732 37887
37950 38297
38392 38594
38608 38610
38625 39030
39105 39231
39234 39319
39361 39482
39595 39786
39814 40144
40179 40180
40216 40388
40402 40622
40693 40899
40904 41050
41113 41330
41342 41343
41360 41844
41960 42336
42388 42486
42498 42852
42880 42882
42916 43119
43136 43298
43373 43659
43827 44053
44057 44393
44429 44431
44471 44576
44579 44718
44761 45131
45146 45148
45186 45259
45264 45414
45437 45909
45951 46091
46127 46384
46433 46559
46562 46563
46618 46664
46667 46742
46745 46793
46825 46967
47047 47212
47288 47391
47510 47631
47642 47783
47816 47818
47842 48278
48349 48468
48490 48730
48733 48853
48922 49167
49170 49267
49282 49283
49297 49702
49751 49935
49973 50112
50139 50314
50344 50557
50560 50702
50735 50738
50773 50789
50792 50931
50934 51063
51120 51405
51426 51530
51544 51610
51640 51759
51795 51834
51837 51862
51865 52074
52104 52192
52211 52331
52344 52346
52385 52714
52718 52808
52836 53037
53097 53404
53503 53663
53673 53675
53688 53958
53984 54081
54084 54233
54326 54580
54628 55107
55120 55194
55208 55210
55227 55520
55523 55594
55645 55994
55997 56063
56100 56290
56313 56648
56660 56661
56678 56928
56966 57344
57384 57522
57564 57892
57972 58202
58218 58221
58238 58453
58456 58580
58655 58831
58905 59037
59101 59170
59175 59336
59437 59533
