31 110
181 233
244 328
459 724
778 1217
1231 1233
1254 1590
1666 1922
1959 2016
2019 2283
2312 2313
2353 2708
2741 3019
3045 3152
3180 3488
3520 3736
3741 3743
3757 3927
3930 4011
4014 4089
4150 4274
4298 4328
4331 4434
4437 4586
4645 4860
4865 5198
5210 5211
5226 5440
5481 5623
5651 5858
5861 6137
6171 6424
6429 6624
6650 6652
6685 6951
7022 7142
7146 7245
7275 7497
7571 7883
7888 7962
7973 8090
8108 8110
8134 8423
8446 8834
8898 9054
9058 9060
9081 9225
9276 9654
9662 9860
9863 10083
10086 10471
10482 10483
10503 10951
10965 11072
11083 11239
11261 11497
11541 11905
11933 11935
11971 12259
12264 12350
12419 12910
12970 13164
13167 13243
13247 13318
13323 13544
13584 13586
13631 13795
13798 13891
13919 14018
14021 14199
14206 14308
14350 14598
14625 14720
14730 14868
14871 15178
15215 15382
15385 15528
15567 16258
16278 16280
16310 16406
16410 16438
16517 16718
16745 16884
16935 17066
17099 17209
17212 17539
17567 17568
17591 18031
18103 18203
18206 18316
18319 18613
18616 18809
18848 18851
18899 19064
19067 19193
19215 19634
19639 19725
19791 20079
20103 20214
20222 20322
20334 20335
20356 20889
20896 21092
21095 21686
21710 21916
21933 21935
21960 22098
22182 22278
22283 22420
22487 22569
22572 22883
22887 23024
23053 23055
23091 23306
23321 23470
23474 23670
23727 23800
23805 23857
23862 23947
23960 24030
24056 24115
24121 24215
24220 24459
24511 24557
24565 24948
25016 25086
25121 25264
25267 25453
25458 25461
25482 25849
25858 25955
25959 26028
26062 26243
26274 26413
26452 26578
26585 26586
26602 26942
26950 27031
27035 27198
27252 27370
27381 27717
27746 27845
27915 28189
28201 28203
28223 28371
28376 28450
28460 28554
28598 28794
28823 29130
29135 29320
29323 29433
29436 29517
29520 29567
29596 29598
29636 29815
29830 29913
29916 29964
29967 30310
30332 30414
30417 30461
30468 30555
30637 30928
30959 30961
31001 31238
31254 31343
31347 31588
31625 31683
31689 31836
31886 32016
32022 32253
32291 32499
32508 32510
32527 32823
32868 33167
33263 33326
33329 33550
33597 33846
33877 33878
33917 34204
34266 34559
34588 34752
34758 34870
34882 34885
34917 35285
35300 35809
35891 36132
36135 36343
36359 36361
36388 36905
36990 37325
37329 37422
37428 37486
37503 37503
37529 37679
37688 37792
37795 38242
38245 38447
38490 38727
38732 38961
38987 39067
39081 39083
39105 39177
39183 39285
39312 39434
39459 39561
39565 39771
39817 39820
39855 39913
39917 40017
40020 40037
40041 40147
40150 40328
40333 40365
40417 40775
40813 40953
40960 41014
41036 41150
41157 41311
41347 41348
41394 41542
41545 41632
41646 41823
41840 42027
42065 42346
42361 42362
42375 42397
42404 42639
42676 42691
42694 42882
42885 42992
43032 43033
43089 43357
43361 43398
43401 43642
43708 43943
43974 44090
44101 44133
44146 44271
44275 44335
44356 44369
44422 44425
44478 44715
44721 44734
44738 44886
44889 44907
44916 44917
44941 44996
44999 45130
45137 45198
45202 45387
45390 45541
45544 45610
45615 45953
46023 46429
46441 46442
46460 46791
46802 47294
47334 47671
47674 47729
47736 47770
47773 47794
47797 47900
47932 48038
48046 48048
48077 48226
48230 48435
48466 48685
48689 48796
48800 48921
48936 49074
49077 49517
49570 49689
49697 49700
49716 49924
49928 50606
50615 50616
50629 50793
50801 50992
51003 51341
51395 51884
51976 52056
52067 52070
52090 52333
52366 52469
52472 52556
52560 52712
52718 52767
52770 52841
52846 52892
52938 53395
53422 53423
53460 53569
53574 53716
53721 53768
53772 53868
53889 53978
53981 54080
54130 54516
54594 54927
54956 54958
54996 55172
55175 55528
55532 55682
55685 55737
55740 55993
55996 56151
56157 56158
56202 56263
56267 56451
56490 56834
56837 56963
56971 57041
57044 57189
57223 57422
57462 57738
57772 57775
57792 58005
58008 58038
58073 58079
58106 58192
58217 58361
58401 58761
58835 59357
