19 332
351 402
405 462
515 559
569 616
656 759
762 908
971 1426
1447 1448
1474 1631
1635 1856
1875 1984
1993 2207
2246 2393
2465 2791
2794 2831
2847 3125
3131 3225
3238 3276
3312 3413
3447 3683
3712 4011
4016 4274
4326 4619
4622 4822
4825 5005
5047 5050
5102 5116
5119 5375
5416 5591
5609 5753
5770 5960
5963 6031
6052 6196
6200 6340
6371 6372
6412 6530
6538 6832
6835 6901
6911 6913
6953 7103
7106 7249
7281 7559
7565 7566
7583 7850
7866 7889
7913 8017
8137 8548
8562 8565
8578 8710
8783 8988
9012 9249
9285 9465
9500 9997
10009 10403
10425 10575
10636 10838
10845 10847
10880 10924
10984 11156
11216 11313
11319 11670
11783 11896
11921 12163
12166 12269
12277 12278
12295 12538
12572 12869
12891 13013
13074 13371
13384 13591
13624 13788
13804 13911
13914 14133
14183 14262
14269 14396
14405 14624
14674 14692
14696 14981
15012 15148
15154 15328
15341 15343
15364 15651
15735 16191
16202 16386
16421 16664
16672 16673
16708 16828
16831 17087
17122 17619
17622 17726
17746 17937
17949 17951
17986 18277
18367 18786
18848 18937
18940 18989
19009 19196
19222 19493
19505 19604
19715 20065
20068 20101
20104 20231
20291 20505
20520 20662
20667 20668
20720 20789
20797 21029
21060 21344
21404 21773
21792 22090
22109 22112
22142 22385
22458 22514
22517 22592
22651 22760
22788 22936
22942 22943
22999 23129
23132 23271
23275 23352
23371 23373
23385 23531
23574 23703
23770 24001
24008 24122
24128 24130
24152 24276
24324 24517
24541 24782
24833 25092
25116 25328
25346 25460
25487 25722
25745 25773
25776 25995
26000 26092
26143 26285
26313 26567
26617 26871
26897 27102
27110 27111
27127 27386
27406 27463
27498 27648
27651 27780
27825 28051
28082 28346
28377 28552
28570 28572
28601 28706
28716 28862
28865 29077
29108 29300
29390 29506
29526 29626
29683 29878
29903 30136
30157 30158
30172 30362
30395 30712
30755 30814
30830 30930
30933 31066
31078 31092
31095 31269
31306 31534
31594 32005
32036 32219
32273 32493
32522 32523
32565 32740
32779 32984
33001 33173
33261 33491
33507 33510
33532 33728
33752 34015
34073 34082
34085 34245
34262 34263
34285 34564
34580 34581
34616 34693
34718 34763
34766 34981
34986 34988
35019 35270
35273 35400
35435 35646
35793 36040
36066 36287
36300 36302
36334 36621
36624 36738
36743 36912
36936 37084
37107 37313
37374 37488
37501 37700
37703 37757
37774 37776
37802 37850
37853 38107
38122 38294
38312 38364
38369 38610
38645 38840
38874 39261
39279 39281
39324 39570
39596 39813
39818 39942
39947 40015
40048 40050
40065 40219
40222 40367
40499 41280
41352 41555
41581 41736
41745 41746
41761 41897
41947 42412
42436 42667
42671 42740
42797 42967
42971 43049
43084 43086
43138 43194
43200 43401
43417 43708
43753 43849
43852 44092
44095 44367
44434 44523
44537 44703
44709 44711
44729 44925
44961 45202
45205 45290
45300 45702
45768 45829
45848 45995
46015 46177
46184 46186
46203 46472
46507 46703
46717 46998
47035 47077
47080 47183
47188 47190
47205 47475
47558 47693
47734 48075
48110 48545
48548 48605
48626 48627
48656 48972
49046 49239
49260 49557
49589 49750
49785 49968
49973 50051
50054 50152
50195 50197
50245 50459
50507 50612
50633 50708
50714 50893
50899 51009
51012 51221
51252 51296
51306 51488
51503 51505
51545 51601
51604 51730
51776 51778
51799 52182
52249 52565
52584 52682
52685 52764
52827 52963
52966 53235
53271 53273
53324 53702
53723 53913
53918 53966
53976 54070
54088 54129
54132 54206
54259 54692
54721 54722
54760 55337
55379 55736
55764 55941
55944 55998
56001 56111
56147 56365
56401 56664
56732 57018
57096 57488
57537 57846
57852 57853
57869 58013
58031 58156
58175 58388
58447 58635
58645 58839
58842 58930
58973 59251
59257 59258
59274 59502
59551 59620
59623 59939
