20 168
287 758
826 1038
1048 1276
1304 1306
1335 1520
1532 1773
1824 2178
2219 2445
2495 2719
2734 2736
2754 2984
2988 3305
3339 3492
3523 3690
3757 4029
4044 4225
4274 4276
4328 4589
4613 4819
4856 5121
5124 5231
5279 5281
5332 5898
5905 6105
6147 6298
6309 6437
6450 6652
6682 6683
6715 6873
6876 7249
7319 7456
7459 7520
7574 7715
7748 7862
7929 8187
8220 8222
8267 8443
8471 8765
8833 8921
8938 9055
9063 9308
9353 9463
9499 9677
9710 9712
9751 9952
10011 10322
10392 10677
10680 10842
10874 11072
11095 11097
11125 11272
11276 11513
11552 11732
11823 12072
12122 12265
12298 12412
12416 12480
12491 12568
12586 12587
12611 12792
12815 12817
12837 12951
12993 13195
13198 13321
13325 13520
13597 13944
13974 14127
14154 14156
14172 14254
14311 14521
14527 14711
14742 14897
14966 15134
15161 15277
15327 15465
15521 15640
15644 15729
15747 15748
15773 15869
15898 16055
16100 16283
16288 16379
16426 16677
16682 16750
16787 16908
16926 17045
17065 17067
17083 17276
17325 17653
17729 17900
17903 18188
18232 18235
18286 18787
18813 18985
19034 19334
19372 19645
19664 19666
19690 19937
19940 19983
20040 20158
20161 20382
20448 20717
20823 21021
21041 21220
21248 21248
21277 21518
21560 21754
21796 21824
21827 21888
21898 22093
22120 22289
22318 22412
22450 22627
22645 22647
22671 22865
22898 23105
23108 23322
23350 23352
23372 23548
23580 23760
23811 23956
24001 24246
24251 24257
24316 24533
24584 24809
24819 24821
24846 24969
24990 25075
25088 25224
25232 25433
25436 25687
25731 25992
26033 26258
26280 26282
26313 26479
26491 26719
26736 26738
26759 27008
27037 27161
27184 27270
27273 27301
27339 27341
27355 27534
27585 27671
27697 27801
27823 28110
28136 28138
28166 28294
28337 28428
28507 28708
28714 28789
28899 28958
28962 29123
29133 29217
29258 29559
29567 29568
29589 29759
29798 29893
29929 30010
30032 30108
30111 30238
30254 30256
30281 30478
30520 30688
30786 30935
31034 31201
31208 31343
31376 31629
31659 31760
31767 31818
31854 31856
31898 32052
32055 32137
32161 32376
32436 32641
32698 32905
32913 32980
32992 33099
33117 33118
33157 33308
33364 33495
33531 33786
33832 33953
34022 34076
34083 34328
34331 34422
34471 34473
34505 34631
34651 34741
34750 34899
34908 35064
35067 35097
35120 35243
35305 35425
35428 35527
35531 35673
35708 35711
35748 35972
36010 36188
36196 36543
36590 36591
36642 36834
36837 36909
36919 37124
37157 37323
37359 37546
37586 37711
37806 38123
38150 38152
38189 38347
38389 38391
38416 38553
38588 38720
38790 39031
39102 39185
39269 39600
39617 39750
39799 39801
39854 39986
40016 40292
40313 40313
40335 40439
40442 40616
40650 40866
40959 41136
41146 41192
41210 41302
41349 41579
41582 41705
41726 41728
41754 41936
41982 42059
42075 42216
42229 42231
42259 42398
42401 42483
42486 42557
42583 42726
42781 42948
42968 43133
43187 43353
43358 43435
43438 43472
43476 43530
43582 43739
43784 43786
43835 44200
44239 44433
44436 44562
44678 44787
44791 45103
45126 45273
45290 45291
45311 45504
45538 45576
45579 45666
45707 45860
45904 46055
46088 46268
46328 46468
46537 46596
46600 46794
46805 46807
46844 46969
46977 47138
47175 47360
47384 47531
47563 47728
47808 47992
47995 48211
48227 48228
48253 48454
48486 48757
48874 48978
48992 49116
49154 49329
49376 49619
49639 49641
49667 49918
50031 50392
50443 50741
50761 50873
50876 51066
51081 51082
51105 51263
51334 51505
51545 51682
51722 52074
52083 52358
52399 52524
52556 52638
52673 52675
52705 52896
52899 53135
53180 53287
53310 53312
53330 53514
53555 53557
53568 53987
54060 54188
54198 54407
54411 54630
54665 54667
54686 54826
54893 55195
55202 55432
55446 55593
55601 55734
55775 55777
55835 55945
55948 56083
56106 56167
56170 56226
56230 56281
56330 56481
56519 56608
56616 56685
56773 56988
57014 57163
57179 57181
57199 57460
57502 57707
57710 57880
57910 58092
58112 58220
58236 58270
58273 58431
58447 58448
58466 58553
58559 58941
58962 59186
59222 59276
59279 59390
59409 59411
59436 59640
59652 59655
59674 59971
