39 306
309 386
466 840
882 1029
1068 1070
1095 1346
1378 1380
1425 1542
1573 1721
1749 1750
1789 2050
2089 2115
2118 2354
2418 2538
2549 2687
2699 2701
2726 2996
3234 3237
3687 3929
3933 4092
4110 4111
4152 4514
4587 4669
4733 4872
4898 5017
5049 5250
5281 5521
5560 5562
5608 5671
5674 6046
6062 6063
6100 6391
6453 6655
6712 6874
6992 7116
7173 7594
7614 7616
7645 7977
8014 8283
8332 8563
8606 8764
8833 8878
8897 9014
9052 9055
9105 9210
9257 9497
9567 9705
9708 9895
9941 10093
10151 10162
10180 10277
10314 10396
10476 10604
10623 10623
10643 10746
10749 10950
11020 11092
11111 11272
11279 11445
11497 11609
11615 11856
11921 12079
12082 12147
12161 12163
12189 12230
12261 12377
12431 12652
12718 12791
12815 13057
13113 13376
13406 13654
13665 13667
13687 13878
13908 13981
13987 14020
14044 14238
14305 14311
14321 14643
14690 15157
15193 15195
15219 15458
15527 15917
15970 16124
16137 16138
16175 16286
16361 16500
16578 16779
16837 16859
16863 16906
16979 17126
17182 17492
17554 17651
17692 17695
17743 17866
17869 17949
17954 18048
18092 18093
18122 18294
18311 18552
18623 18913
18957 19064
19103 19456
19459 19521
19578 19673
19690 19692
19722 19934
19968 20198
20238 20240
20281 20302
20305 20407
20456 20595
20642 20764
20781 21159
21201 21294
21407 21535
21550 21552
21573 21877
21953 22099
22102 22335
22371 22769
22807 22906
22967 23151
23170 23172
23202 23395
23453 23785
23920 24038
24070 24152
24188 24275
24289 24291
24322 24658
24689 24923
24999 25073
25076 25383
25398 25398
25431 25716
25751 25869
25931 25945
25948 26098
26137 26300
26371 26475
26501 26651
26692 26695
26744 26888
26894 27081
27162 27362
27389 27621
27689 28067
28103 28171
28186 28188
28213 28447
28499 28666
28696 28876
28902 29029
29058 29336
29420 29653
29671 29672
29691 30113
30158 30390
30399 30401
30437 30575
30578 30648
30679 30712
30715 30790
30811 30914
30933 30936
30996 31389
31498 31802
31853 31966
31988 32109
32149 32151
32175 32521
32570 32749
32754 32839
32844 32964
32998 33195
33218 33372
33451 33767
33780 33781
33809 34166
34202 34343
34346 34514
34661 34708
34711 34896
34899 35348
35395 35397
35451 35747
35791 35901
35915 35978
36036 36188
36237 36401
36434 36436
36462 36581
36642 36887
36964 37068
37119 37536
37605 37639
37643 37764
37767 37985
37998 38000
38019 38167
38216 38507
38536 38769
38802 39229
39275 39276
39289 39374
39524 39598
39656 39734
39738 39851
39912 39998
40023 40026
40057 40272
40313 40555
40569 40570
40596 40702
40706 40778
40817 41044
41058 41060
41112 41389
41501 41781
41818 41877
41881 42188
42231 42373
42451 42550
42564 42566
42589 42760
42805 42881
42893 43096
43135 43290
43378 43619
43651 43885
43910 43911
43947 44274
44307 44621
44624 44689
44749 44811
44852 44909
44912 45118
45154 45156
45202 45507
45568 45726
45730 45843
45868 45870
45896 46155
46227 46542
46583 46776
46779 46900
47030 47226
47238 47238
47258 47524
47572 47790
47833 48071
48109 48227
48263 48370
48396 48799
48829 48831
48850 48940
48943 49002
49015 49046
49049 49118
49157 49396
49436 49583
49612 49772
49821 50033
50055 50057
50086 50435
50512 50616
50646 50978
51036 51228
51295 51401
51440 51584
51603 51606
51622 51850
51904 52218
52246 52503
52525 52526
52554 52646
52649 52736
52739 52818
53032 53283
53286 53337
53340 53730
53758 53760
53801 54231
54258 54357
54366 54440
54496 54893
54922 54988
54993 55056
55071 55145
55179 55181
55218 55396
55399 55652
55690 56034
56087 56368
56373 56473
56543 56827
56830 56831
56842 57128
57253 57482
57495 57909
57950 58063
58067 58386
58392 58393
58410 58604
58684 58820
58823 59205
59228 59368
59432 59556
59585 59805
59814 59943
