33 138
238 345
350 414
482 539
542 663
676 718
721 806
809 902
988 1099
1129 1288
1295 1470
1516 1518
1572 1762
1778 1817
1837 1895
1939 1941
1983 2053
2056 2127
2158 2264
2340 2524
2569 2706
2719 2821
2904 3080
3089 3165
3236 3442
3462 3534
3561 3563
3588 3692
3699 3807
3870 3963
3978 4260
4332 4558
4610 4674
4678 4736
4806 4911
4937 4938
4951 5050
5136 5307
5412 5472
5553 5729
5764 5975
6043 6151
6187 6343
6392 6499
6538 6540
6591 6775
6780 6995
7105 7254
7318 7520
7589 7815
7835 7909
7997 8041
8045 8046
8066 8347
8472 8530
8544 8546
8599 8761
8765 8827
8894 9060
9134 9187
9196 9436
9448 9549
9662 9791
9819 10016
10034 10036
10062 10159
10162 10304
10417 10462
10466 10529
10532 10699
10703 10772
10776 10824
10831 10944
10989 10991
11045 11221
11224 11350
11407 11481
11549 11750
11839 11980
12047 12127
12179 12244
12289 12291
12316 12366
12369 12541
12625 12967
13052 13191
13207 13221
13224 13455
13502 13505
13542 13686
13754 13840
13843 13951
14039 14204
14230 14274
14282 14335
14341 14415
14476 14818
14893 15000
15004 15006
15060 15134
15139 15314
15317 15470
15548 15794
15810 15903
15907 15965
16058 16256
16290 16423
16426 16563
16611 16612
16648 16818
16827 16868
16871 17095
17151 17304
17337 17338
17385 17555
17640 17739
17743 17908
17974 18158
18272 18325
18328 18430
18525 18629
18644 18854
18876 18878
18902 19037
19090 19203
19246 19408
19479 19598
19635 19747
19792 19795
19815 19976
20082 20123
20160 20328
20415 20459
20462 20505
20522 20636
20639 20704
20749 21040
21124 21246
21264 21342
21347 21348
21385 21500
21582 21668
21671 21710
21732 21803
21837 21838
21861 22082
22107 22366
22467 22668
22703 22760
22765 22915
22999 23100
23113 23115
23138 23490
23493 23589
23696 23790
23870 23986
24016 24079
24119 24189
24196 24293
24324 24326
24355 24573
24650 24911
25024 25066
25069 25195
25241 25387
25500 25623
25636 25828
25831 25901
25948 25950
25962 26011
26016 26111
26170 26293
26311 26578
26671 26738
26741 26980
27081 27291
27412 27533
27588 27945
27948 28019
28085 28102
28110 28211
28247 28351
28382 28383
28415 28480
28484 28626
28709 28804
28807 28850
28853 28958
29043 29206
29218 29415
29522 29720
29771 29843
29852 29855
29872 29897
29902 30028
30082 30169
30174 30252
30323 30437
30443 30489
30492 30534
30580 30581
30632 30864
30903 31242
31280 31402
31411 31580
31658 31803
31866 31910
31913 32035
32044 32130
32153 32155
32208 32376
32380 32530
32546 32702
32812 32961
32968 33078
33081 33145
33149 33204
33243 33405
33493 33604
33616 33617
33639 33679
33689 33835
33897 34067
34072 34193
34278 34373
34376 34485
34489 34559
34562 34633
34743 34913
34916 35063
35083 35085
35128 35358
35390 35494
35497 35598
35675 35956
36025 36121
36127 36230
36234 36390
36436 36438
36452 36720
36802 37064
37083 37286
37344 37430
37433 37496
37571 37640
37644 37799
37809 38023
38042 38043
38074 38201
38279 38470
38508 38619
38660 38663
38677 38791
38854 38929
38933 39121
39147 39148
39204 39400
39411 39550
39662 39765
39794 39890
39912 39969
40008 40117
40153 40378
40429 40564
40567 40650
40673 40676
40708 40869
40882 41121
41130 41222
41315 41396
41432 41554
41647 41829
41913 42016
42019 42104
42136 42137
42176 42465
42522 42635
42655 42778
42886 42951
42966 43032
43046 43124
43161 43163
43209 43398
43431 43455
43466 43564
43604 43627
43631 43737
43758 43838
43856 43911
43920 44089
44188 44471
44514 44611
44617 44799
44825 44827
44875 44979
45029 45121
45147 45218
45302 45446
45452 45590
45666 45885
45900 46021
46024 46165
46170 46391
46420 46422
46465 46571
46578 46673
46679 46733
46758 46922
47017 47125
47149 47322
47335 47528
47544 47546
47588 47910
47993 48324
48328 48465
48561 48667
48670 48781
48810 48924
48947 49144
49187 49188
49227 49387
49443 49476
49479 49549
49619 49751
49755 49822
49865 50016
50030 50123
50169 50172
50202 50291
50294 50372
50445 50595
50607 50903
50920 51060
51162 51356
51435 51509
51516 51623
51633 51635
51657 51697
51700 51796
51800 51883
51955 52066
52084 52086
52132 52188
52191 52269
52301 52457
52462 52506
52509 52550
52598 52697
52709 52993
53074 53089
53094 53299
53326 53327
53364 53544
53547 53668
53708 53836
53840 53905
53986 54091
54094 54301
54364 54407
54410 54612
54651 54653
54697 54818
54852 55031
55098 55338
55367 55368
55402 55638
55689 55809
55853 55855
55888 56171
56224 56341
56347 56417
56479 56562
56576 56658
56676 56826
56907 56994
56997 57118
57124 57307
57327 57328
57368 57464
57467 57572
57576 57643
57688 57957
58003 58005
58050 58120
58124 58177
58180 58313
58357 58407
58411 58451
58456 58624
58628 58717
58811 59053
59090 59180
59186 59321
59404 59492
59496 59497
59535 59600
59605 59783
