54 288
344 726
765 908
942 1080
1133 1283
1292 1293
1310 1374
1389 1501
1624 1784
1799 1868
1908 2083
2201 2242
2261 2464
2472 2554
2560 2604
2614 2726
2734 2800
2830 2832
2872 2993
3008 3080
3150 3626
3629 3683
3686 3735
3827 3921
3947 4035
4049 4125
4141 4322
4343 4345
4378 4441
4450 4704
4793 4965
4981 5044
5049 5128
5144 5145
5169 5193
5197 5411
5416 5645
5664 5666
5685 5898
5929 6071
6074 6268
6272 6348
6352 6548
6592 6795
6840 6965
7001 7265
7271 7272
7306 7526
7564 7867
7873 7992
8040 8182
8206 8350
8432 8746
8760 8762
8788 8873
8876 8905
8912 9111
9145 9320
9329 9376
9380 9446
9450 9663
9692 9695
9728 10180
10217 10405
10413 10472
10475 10567
10622 10855
10884 11216
11225 11226
11243 11376
11421 11521
11531 11688
11747 11903
11924 12034
12122 12276
12354 12410
12452 12527
12569 12571
12621 12821
12887 12994
13035 13181
13224 13226
13270 13427
13444 13518
13556 13637
13712 13781
13851 13975
13983 14028
14123 14324
14454 14783
14812 14813
14858 14905
14990 15400
15436 15635
15682 15732
15792 15945
16034 16158
16167 16170
16187 16433
16539 16663
16783 16902
16916 16917
16955 17020
17065 17163
17171 17173
17191 17254
17314 17509
17518 17689
17772 17823
17838 17894
17904 18066
18104 18324
18330 18474
18489 18491
18515 18673
18676 18804
18809 18880
18883 19151
19222 19358
19445 19896
19907 19982
19998 20001
20025 20317
20364 20754
20757 20853
20868 21003
21025 21026
21057 21088
21091 21498
21502 21643
21707 22092
22143 22220
22223 22326
22350 22497
22517 22518
22540 22749
22804 23122
23203 23564
23588 23653
23684 23917
23967 24092
24111 24113
24141 24173
24213 24256
24259 24441
24520 24581
24629 24845
24871 25076
25079 25177
25207 25332
25405 25498
25505 25696
25717 25720
25751 25957
25961 26063
26098 26517
26573 26831
26835 26973
26997 26998
27047 27365
27387 27390
27425 27535
27569 27586
27627 27670
27683 27749
27777 27778
27801 28008
28046 28158
28180 28296
28330 28332
28360 28601
28651 28844
28886 28965
28972 29252
29287 29367
29375 29479
29482 29657
29666 29668
29690 29767
29770 29868
29898 29969
30045 30199
30231 30262
30265 30501
30589 30859
30915 31233
31256 31258
31293 31315
31328 31474
31479 31762
31800 32094
32217 32280
32286 32398
32464 32576
32618 32749
32758 32761
32789 32925
32965 33122
33153 33209
33236 33379
33423 33672
33733 34021
34066 34145
34159 34160
34182 34392
34425 34513
34521 34523
34541 34674
34680 34783
34856 35043
35082 35139
35183 35232
35285 35446
35496 35515
35518 35675
35726 35792
35822 35931
35937 36034
36045 36047
36080 36153
36186 36287
36315 36332
36337 36442
36481 36649
36731 36851
36860 36964
36998 37150
37187 37188
37228 37399
37402 37466
37475 37544
37554 37701
37752 37912
37921 38018
38021 38119
38159 38231
38235 38304
38309 38367
38384 38387
38415 38616
38632 38643
38646 38677
38708 38749
38762 38839
38843 38989
39045 39410
39445 39677
39699 39701
39730 39918
39924 39984
39987 40030
40033 40114
40167 40371
40379 40566
40569 40611
40653 40703
40708 40897
40900 40939
40943 40987
40998 41127
41130 41308
41329 41330
41361 41588
41624 41968
42011 42580
42613 42716
42727 42728
42753 43166
43225 43488
43492 43605
43646 43756
43805 43933
43940 44028
44044 44150
44170 44173
44207 44276
44283 44559
44614 44649
44652 44721
44725 45184
45259 45510
45513 45676
45707 45708
45753 45953
45963 46303
46335 46581
46623 46903
46986 47159
47162 47212
47231 47233
47265 47502
47516 47854
47918 48215
48264 48266
48291 48414
48478 48798
48841 48984
48992 49255
49260 49262
49277 49424
49431 49840
49847 49976
50046 50094
50102 50231
50265 50446
50463 50614
50627 50628
50650 50902
51024 51338
51367 51528
51571 51888
51951 52168
52189 52191
52221 52448
52512 52757
52799 52955
52996 53108
53111 53179
53260 53430
53433 53553
53556 53576
53602 53753
53784 53786
53808 54160
54187 54566
54604 54675
54685 54850
54889 55057
55098 55143
55146 55148
55163 55299
55319 55497
55578 56056
56071 56303
56378 56466
56484 56623
56675 56749
56778 56780
56820 57040
57043 57045
57079 57392
57447 57824
57894 58198
58212 58562
