33 264
276 426
508 715
718 829
883 1065
1080 1127
1130 1266
1321 1403
1433 1508
1548 1550
1567 1778
1781 1996
2064 2241
2415 2590
2608 2765
2814 3006
3017 3018
3074 3275
3278 3491
3520 3724
3835 4384
4408 4410
4442 4670
4674 4786
4789 4900
4939 5262
5313 5432
5467 5575
5642 5891
5921 5922
5944 6017
6020 6096
6102 6145
6151 6297
6329 6566
6575 6577
6595 6842
7023 7252
7261 7411
7414 7477
7510 7941
7945 8081
8125 8127
8146 8168
8171 8291
8295 8404
8410 8630
8749 9077
9270 9773
9792 9793
9838 10216
10256 10416
10451 10494
10499 10599
10605 10959
10995 10997
11025 11332
11375 11377
11397 11859
11919 12123
12198 12288
12291 12690
12728 12784
12791 12929
12962 12965
13002 13405
13439 13504
13507 13659
13671 13672
13696 13870
13929 14286
14335 14513
14516 14825
14888 15000
15004 15153
15174 15176
15194 15320
15324 15524
15527 15721
15795 16127
16171 16188
16195 16493
16509 16511
16535 16821
16898 16936
16975 17135
17292 17562
17599 17904
17915 17917
17933 18291
18332 18584
18617 18618
18638 18885
18888 19002
19039 19307
19423 19510
19514 19526
19532 19885
19926 19969
19972 20105
20133 20136
20174 20478
20539 20888
20891 20988
21050 21375
21393 21395
21424 21642
21648 21713
21794 21859
21875 22070
22101 22325
22329 22496
22534 22653
22678 22680
22705 22915
22919 23009
23103 23458
23515 23635
23638 23814
23845 24221
24261 24262
24286 24452
24525 24913
24916 24968
24997 25285
25343 25494
25497 25619
25634 25636
25657 25914
25918 26079
26121 26309
26338 26421
26424 26655
26695 27092
27117 27233
27265 27266
27307 27680
27712 28038
28213 28358
28361 28517
28539 28657
28660 28797
28812 28815
28844 29102
29137 29433
29437 29570
29652 29873
29887 29888
29909 30103
30107 30228
30235 30320
30323 30441
30445 30496
30499 30551
30638 30817
30824 31004
31026 31028
31064 31246
31249 31318
31355 31661
31706 31806
31811 31951
31969 32028
32038 32124
32127 32240
32243 32313
32318 32377
32403 32405
32448 32997
33057 33074
33077 33276
33314 33316
33369 33537
33542 33682
33686 33764
33769 33960
33963 34030
34288 34679
34683 34861
34878 34880
34907 35017
35020 35043
35104 35164
35167 35339
35362 35619
35645 35810
35848 35848
35886 36373
36516 37023
37062 37111
37114 37402
37442 37445
37495 37809
37859 38299
38462 38512
38515 38694
38701 38975
39021 39023
39045 39379
39395 39413
39416 39523
39526 39596
39637 39963
40169 40312
40319 40321
40337 40695
40720 40955
40979 41120
41131 41132
41158 41427
41467 41753
41813 41893
41913 42162
42222 42368
42415 42417
42448 42799
42847 42984
43193 43678
43732 43943
43953 43955
44010 44401
44405 44536
44584 44836
44869 44871
44879 44977
44981 45066
45069 45170
45174 45328
45354 45684
45707 45822
45825 45937
45940 46082
46110 46323
46369 46371
46424 46706
46713 46820
46851 46920
46923 47113
47260 47359
47362 47800
47803 47856
47859 47912
47940 47941
47965 48346
48353 48422
48490 48508
48511 48733
48736 48836
48839 49032
49058 49080
49085 49267
49296 49298
49344 49658
49683 50003
50029 50103
50109 50251
50274 50483
50519 50619
50751 50820
50867 50868
50923 51054
51057 51460
51463 51669
51710 52053
52078 52261
52306 52308
52362 52464
52586 52975
52980 53069
53097 53346
53349 53427
53465 53467
53512 53533
53536 53619
53622 53898
53942 54141
54145 54214
54246 54334
54340 54486
54544 54573
54576 54939
54947 54948
54966 55215
55244 55389
55421 55831
55857 56301
56348 56351
56405 56959
56962 57062
57096 57472
57518 57520
57575 57715
57718 58020
58068 58188
58293 58408
58417 58495
58498 58582
58589 58683
58708 58819
58822 58895
58902 59043
