25 190
211 212
266 503
511 584
664 863
902 956
964 1072
1075 1177
1196 1198
1240 1433
1528 1691
1759 1852
1891 2071
2172 2433
2438 2666
2715 2717
2769 3015
3023 3096
3225 3465
3524 3758
3791 3977
4081 4260
4305 4307
4326 4439
4513 4573
4586 4677
4856 4910
4957 5069
5072 5307
5324 5326
5372 5652
5675 5822
5877 5941
6006 6225
6228 6264
6267 6316
6394 6613
6640 6663
6674 6780
6815 6817
6856 7046
7096 7255
7281 7283
7330 7715
7718 7752
7862 7948
8022 8209
8248 8459
8531 8653
8669 8671
8695 8795
8837 8997
9000 9108
9234 9364
9396 9738
9804 10079
10104 10106
10137 10464
10588 10774
10819 10984
11053 11184
11309 11466
11481 11482
11502 11686
11754 11939
12003 12212
12221 12328
12388 12543
12618 12725
12742 12881
12900 12902
12930 13157
13264 13548
13646 13869
13922 14113
14140 14142
14180 14272
14285 14349
14353 14448
14524 14614
14669 14671
14687 14830
14967 15005
15008 15183
15186 15467
15557 15710
15714 15839
15956 16138
16142 16234
16265 16267
16302 16344
16354 16458
16578 16896
16947 17086
17089 17208
17212 17257
17334 17392
17471 17626
17665 17784
17804 17806
17847 17929
17932 17980
17988 18123
18171 18472
18628 18736
18780 19033
19086 19370
19418 19420
19470 19581
19619 19728
19783 19884
19914 19989
20094 20399
20547 20761
20777 20778
20793 20891
20922 21064
21236 21344
21347 21446
21546 21566
21570 21650
21700 21779
21782 21871
21875 21909
21912 21959
22004 22006
22052 22136
22191 22239
22244 22292
22318 22318
22346 22492
22536 22773
22776 22808
22933 23111
23162 23414
23540 23619
23631 23833
23863 23866
23900 24055
24058 24112
24150 24282
24377 24660
24723 24810
24815 24909
24915 24977
25090 25122
25126 25209
25223 25342
25373 25375
25416 25468
25484 25794
25842 25956
25959 26085
26117 26217
26316 26521
26572 26671
26674 26794
26830 26831
26862 27099
27164 27326
27346 27348
27393 27547
27553 27631
27778 27886
27942 28094
28139 28211
28215 28324
28409 28553
28604 28751
28774 28776
28807 29001
29115 29284
29309 29310
29344 29412
29425 29523
29603 29651
29655 29701
29749 29751
29803 30045
30097 30259
30262 30355
30476 30718
30724 30769
30810 30954
30998 31000
31050 31314
31393 31557
31588 31821
31898 32058
32101 32232
32238 32369
32442 32554
32602 32603
32641 32853
32861 32982
33073 33190
33357 33515
33538 33601
33610 33757
33806 33808
33831 34059
34198 34352
34357 34462
34468 34573
34606 34656
34692 34709
34713 34731
34738 34878
34882 34989
35135 35378
35392 35393
35440 35548
35639 35736
35784 35786
35811 35949
36116 36208
36299 36460
36510 36684
36706 36902
36963 36999
37002 37088
37131 37133
37179 37429
37510 37733
37777 37906
37977 38284
38402 38656
38676 38678
38700 38768
38771 38825
38887 39194
39231 39415
39463 39555
39563 39605
39608 39630
39764 39999
40018 40020
40043 40264
40484 40634
40666 40837
40840 41024
41028 41045
41052 41115
41161 41162
41213 41279
41282 41422
41426 41605
41684 41723
41726 41973
42006 42124
42169 42284
42387 42603
42623 42625
42648 42803
42844 43064
43119 43297
43333 43373
43382 43434
43639 43781
43819 44092
44113 44115
44142 44486
44624 44763
44804 44936
44941 44966
44971 45089
45115 45287
45415 45509
45513 45689
45726 45727
45769 45809
45812 45986
46097 46208
46224 46450
46498 46826
46951 47148
47171 47172
47200 47446
47528 47815
47855 48063
48111 48113
48153 48264
48322 48498
48554 48613
48624 48664
48761 48806
48815 48859
48906 48908
48923 49017
49138 49268
49296 49389
49392 49480
49578 49758
49761 49845
49896 50140
50147 50167
50174 50219
50222 50284
50331 50333
50386 50686
50799 50989
50994 51064
51130 51466
51520 51688
51734 51736
51786 51986
52039 52354
52402 52577
52662 52797
52819 52961
53057 53162
53206 53208
53258 53433
53453 53515
53523 53557
53665 53720
53731 53732
53762 53867
53927 54287
54370 54563
54612 54868
54905 55076
55104 55255
55263 55349
55364 55366
55391 55536
55539 55691
55736 55862
56016 56161
56188 56376
56400 56743
56786 56877
56891 56893
56909 56924
56927 57118
57154 57437
57483 57531
57550 57551
57590 57860
57948 58023
58027 58085
58116 58389
58503 58686
58726 58934
58938 59014
59017 59089
