128 286
319 374
402 568
617 763
851 1098
1103 1239
1282 1373
1376 1547
1622 1900
1948 2282
2285 2326
2412 2558
2561 2660
2708 2757
2771 3137
3184 3418
3459 3575
3607 3723
3758 3907
3966 4610
4650 5140
5205 5336
5344 5442
5445 5550
5588 5868
5942 6188
6220 6239
6242 6256
6259 6380
6409 6512
6564 6811
6870 6929
6989 7405
7408 7557
7649 7816
7819 7821
7824 7939
7980 8081
8143 8297
8376 8377
8388 8450
8453 8681
8742 9020
9080 9395
9428 9466
9474 9574
9594 9740
9797 10155
10231 10445
10451 10474
10545 10646
10683 10965
11039 11105
11108 11200
11261 11566
11625 11641
11644 11677
11680 11931
11970 12008
12012 12331
12394 12428
12488 12638
12641 12704
12756 12900
12903 12918
12952 13282
13285 13403
13459 13613
13730 14370
14479 14530
14547 14595
14716 14718
14726 15351
15393 15554
15624 15887
15937 16125
16209 16242
16256 16462
16548 16705
16742 17074
17079 17368
17398 17409
17518 17773
17829 18163
18222 18429
18432 18491
18562 18620
18636 18891
19078 19080
19088 19242
19245 19347
19393 19463
19479 19551
19557 19601
19666 19931
19992 20102
20151 20310
20322 20435
20442 20472
20477 20554
20602 20695
20700 20836
20849 20907
20931 20977
21014 21016
21026 21355
21394 21610
21618 21703
21847 21850
21861 21987
21992 22029
22098 22132
22168 22339
22424 22517
22570 22735
22765 22766
22778 22889
22892 23157
23165 23457
23525 23551
23564 23890
23948 24054
24144 24221
24360 24361
24375 24740
24748 24884
24981 25058
25112 25135
25139 25490
25562 25728
25737 26148
26196 26416
26419 26528
26606 26977
27044 27113
27170 27172
27177 27321
27327 27389
27402 27485
27508 27906
27973 28094
28097 28175
28240 28242
28254 28450
28485 28621
28661 28718
28731 28816
28820 28957
29004 29309
29390 29492
29548 29867
29870 29934
30000 30260
30331 30356
30373 30444
30496 30643
30654 30674
30677 31006
31074 31274
31328 31532
31539 31667
31773 31873
31878 31961
31965 32133
32190 32315
32329 32481
32553 32556
32565 32740
32744 32851
32864 33137
33193 33310
33397 33464
33474 33786
33881 33883
33886 34014
34070 34118
34122 34250
34322 34455
34463 34548
34597 34911
35039 35257
35322 35628
35637 35742
35745 35852
35899 36282
36285 36320
36366 36482
36485 36544
36593 36895
36964 37356
37400 37488
37536 37718
37789 37812
37820 37823
37873 38112
38256 38410
38459 38669
38733 38907
38946 39046
39081 39171
39208 39320
39355 39452
39498 39567
39570 39649
39690 39878
39919 39978
39981 40197
40283 40352
40364 40694
40697 40741
40781 40808
40811 41256
41309 41510
41557 41643
41649 41691
41695 41782
41785 41820
41864 41867
41879 41957
42107 42108
42136 42384
42433 42543
42556 42605
42759 42862
42885 42939
42943 43097
43132 43241
43285 43565
43770 44061
44153 44155
44169 44348
44376 44567
44637 45007
45010 45184
45188 45331
45405 45437
45455 45749
45813 46152
46158 46194
46303 46593
46636 46819
46887 47209
47241 47364
47391 47470
47516 47576
47581 47615
47623 47723
47726 47982
48029 48196
48199 48314
48428 48467
48481 48569
48665 48993
49080 49156
49161 49473
49476 49497
49500 49730
49905 49906
49920 50239
50318 50357
50362 50429
50566 50677
50744 50771
50777 51047
51094 51216
51220 51452
51575 51614
51711 51712
51728 52109
52165 52391
52498 52501
52514 52858
52961 53139
53143 53272
53364 53597
53601 53699
53702 53767
53826 53965
54070 54221
54230 54434
54491 54658
54661 54799
54803 54920
55021 55893
55932 56135
56200 56448
56498 56665
56723 56875
56975 57083
57098 57223
57329 57612
57718 57952
58026 58231
58280 58395
58442 58506
58509 59090
59098 59182
59297 59413
59420 59590
59646 59715
59718 60011
60093 60654
60732 60848
60851 60949
61006 61287
61292 61349
61353 61397
61415 61475
61478 61642
61712 61780
61783 61808
61834 62040
62153 62173
62177 62251
62307 62446
62449 62517
62611 62855
62858 62984
63031 63276
63339 63457
63460 63704
63755 63771
63783 63812
63862 64037
64059 64122
64175 64372
64393 64449
64546 65143
65207 65304
65367 65414
65417 65442
65493 65617
65626 65658
65661 65711
65718 65751
65862 65885
65894 66116
66119 66310
66378 66380
66385 66510
66585 67035
67046 67077
67257 67267
67311 67531
67536 67591
67595 67633
67691 67991
68008 68470
68567 68618
68684 69024
69153 69155
69161 69624
69652 69874
69941 69973
69988 70092
70095 70223
70327 70564
70626 70690
70739 70908
70965 71107
71147 71339
71380 71512
71576 71876
71929 72092
72105 72250
72420 72478
72526 72621
72624 72975
73028 73181
73187 73363
73366 73368
73429 73484
73497 73590
73676 73687
73690 73825
73828 73926
73933 73969
74058 74096
74099 74157
74167 74201
74207 74244
74313 74364
74466 74468
74479 74558
74565 74567
74570 74953
75083 75085
75110 75495
75556 75841
75894 76180
76223 76412
76520 76825
76849 76867
76870 76958
77019 77438
77506 77689
77755 77822
77960 77972
77975 78176
78200 78520
78569 78776
78781 78863
78912 79065
79068 79151
79205 79207
79212 79382
79392 79456
79462 79560
79612 79726
79788 79790
79800 80038
80041 80160
80163 80209
80231 80284
80318 80511
80648 80815
80835 80841
80859 80984
80987 81043
81115 81160
81212 81400
81434 81580
81691 81860
81946 82026
82060 82101
82104 82159
82168 82221
82274 82702
82781 83148
83197 83616
83682 83683
83693 83985
84062 84085
84097 84254
84274 84276
84282 84329
84339 84376
84396 84517
84574 84670
84758 84879
84941 85130
85181 85416
85505 85802
85893 86107
86117 86162
86249 86558
86724 86743
86756 87074
87182 87183
87191 87644
87735 87957
88023 88188
88191 88313
88364 88736
88823 89191
89244 89395
89398 89519
89590 89919
89955 90117
90173 90497
90591 91035
91103 91222
91228 91348
91460 91502
91552 91753
91764 91836
91839 91924
91927 91941
91944 92034
92201 92203
92215 92331
92426 92477
92527 92729
92775 92892
92917 92992
93058 93401
93412 93471
93536 93562
93626 93721
93783 93970
94034 94118
94125 94378
94392 94453
94457 94550
94554 94617
94622 94674
94746 94766
94809 94930
94937 95030
95058 95127
95133 95167
95188 95249
95284 95419
95517 95707
95811 95813
95827 96011
96048 96230
96235 96477
96518 96586
96648 96990
97034 97077
97082 97130
97161 97245
97301 97354
97429 97643
97679 97917
97960 98164
98244 98322
98387 98547
98585 98658
98662 98731
98738 98810
98817 98913
99138 99171
99247 99536
99595 99888
99950 100041
100045 100113
100133 100383
100489 100491
100498 100588
100689 100691
100702 100817
100849 100911
100999 101001
101007 101048
101051 101143
101177 101315
101325 101505
101603 101605
101618 101746
101783 101785
101788 101970
102023 102090
102200 102723
102736 102818
102822 103004
103023 103046
103049 103080
103231 103233
103240 103252
103267 103301
103304 103368
103377 103436
103441 103497
103511 103546
103549 103566
103679 103743
103750 103753
103769 103791
103801 103962
104050 104052
104055 104144
104148 104204
104207 104230
104274 104473
104483 104518
104581 104599
104602 104631
104640 104780
104891 104893
104898 105120
105123 105441
105519 105607
105616 105653
105731 105733
105751 105808
105811 105936
105939 105969
105974 106066
106126 106268
106345 106549
106611 106613
106625 106830
106941 107214
107296 107342
107353 107557
107655 107657
107701 107952
108045 108236
108306 108372
108387 108411
108416 108464
108556 108558
108572 108610
108615 109002
109083 109452
109521 109621
109632 109777
109783 109823
109864 109980
110053 110141
110144 110568
110656 110730
110740 110853
110934 110936
110939 111062
111152 111153
111157 111427
111494 111758
111817 112262
112385 112387
112407 112669
112715 112772
112776 112829
112880 113013
113145 113147
113154 113562
113621 113810
113872 114006
114029 114095
114108 114171
114243 114246
114249 114346
114404 114604
114672 114936
114987 115249
115305 115390
115394 115551
115609 116101
116163 116297
116304 117137
117225 117338
117343 117488
117543 117744
117749 117929
117932 117992
118067 118191
118205 118306
118309 118369
118405 118450
118456 118791
118801 119228
119302 119338
119455 119631
119668 119835
119841 119927
119988 119990
119998 120134
120143 120303
120431 120432
120435 120675
120728 120785
120855 121153
121181 121279
121320 121362
121366 121440
121472 121537
121587 122192
122209 122402
122405 122626
122705 122985
122988 123104
123198 123559
123564 123648
123729 123949
124002 124005
124027 124213
124232 124341
124383 124399
124404 124518
124634 124636
124648 124922
124934 125151
125187 125240
125243 125313
125422 125487
125490 125590
125667 125990
126044 126140
126189 126261
126331 126702
126738 126865
126949 127136
127232 127255
127258 127456
127533 127671
127679 127789
127829 127848
127856 127928
127973 128006
128009 128168
128298 128301
128311 128357
128419 128421
128430 128661
128683 128863
128866 129001
129049 129112
129143 129356
129412 129598
129655 129664
129667 129927
130006 130235
130269 130431
130468 130470
130484 130641
130683 130833
130836 131038
131092 131221
131224 131344
131468 131779
131785 132047
132107 132217
132220 132449
132524 132578
132581 132660
132720 133151
133238 133286
133289 133325
133333 133375
133459 133517
133533 133814
133884 134014
134064 134434
134481 134581
134596 134929
134991 135024
135027 135116
135158 135342
135349 135443
135446 135604
135668 135964
135967 136026
136086 136146
136156 136297
136326 136382
136422 136745
136928 137166
137239 137468
137533 137813
137823 137849
137893 137927
137930 138127
138220 138596
138641 138863
138931 139349
139464 139668
139751 139953
139956 140111
140204 140578
140583 140634
140733 140735
140751 141380
141441 141761
141838 141966
142064 142336
142342 142406
142492 142742
142809 143079
143154 143366
143377 143571
143644 143652
143664 143777
143865 144151
144232 144233
144239 144514
144567 144613
144619 144937
144954 145108
145138 145299
145332 145365
145428 145528
145543 145853
145922 146191
146249 146564
146615 146862
146900 146955
147049 147202
147286 147772
147845 147906
147927 147992
148051 148229
148232 148348
148460 148461
148474 148660
148749 148871
148983 149108
149170 149356
149363 149823
149877 149923
149928 150202
150255 150333
150419 150421
150435 150757
150772 151029
151079 151347
151370 151426
151538 151622
151675 151741
151749 151826
151829 152071
152097 152129
152133 152189
152273 152335
152362 152432
152514 152988
153028 153196
153205 153365
153411 153606
153652 153734
153774 153776
153787 153895
153898 154199
154264 154266
154276 154342
154345 154425
154494 154496
154507 154875
154924 154926
154937 155438
155546 155548
155552 155672
155760 155987
156051 156305
156370 156544
156547 156664
156711 156978
157060 157275
157286 157453
157456 157544
157633 157635
157643 157931
158151 158153
158180 158336
158398 158633
158636 158844
158927 159446
159449 159517
159579 159621
159677 159769
159858 159861
159873 159902
159905 160304
160369 160371
160388 160511
160514 160571
160736 160984
161050 161275
161318 161465
161526 161753
161761 161808
161844 161846
161856 162199
162269 162405
162462 162771
162848 162991
163005 163085
163214 163216
163249 163460
163494 163589
163665 163897
163900 163916
163919 163952
164007 164157
164188 164250
164284 164416
164517 164867
164917 165111
165119 165197
165242 165515
165600 166081
166189 166354
166370 166604
166673 167113
167179 167448
167506 167649
167743 168117
168164 168248
168258 168342
168453 168681
168766 169159
169255 169257
169287 169822
169867 169878
169884 169903
169906 170150
170204 170492
170558 170780
170843 170880
170887 171155
171228 171403
171497 171651
171699 171718
171723 171810
171848 171914
171918 172073
172126 172191
172201 172742
172813 172952
173016 173067
173075 173127
173132 173249
173296 173475
173567 173917
174001 174260
174333 174335
174341 174773
174841 175310
175315 175422
175425 175660
175711 175888
175937 175940
175949 176296
176299 176339
176389 176473
176577 176580
176590 176901
176911 176955
177023 177225
177387 177657
177662 177692
177699 177731
177741 177788
177791 177853
177857 177907
177968 178083
178214 178216
178226 178310
178313 178576
178666 178867
178920 179037
179040 179101
179199 179200
179210 179298
179301 179770
179790 179792
179821 179881
179940 180084
180172 180175
180184 180662
180701 180775
180778 180893
180991 180993
180996 181192
181195 181288
181333 181350
181353 181419
181485 181578
181581 181663
181667 181755
181767 182027
182076 182122
182134 182200
182210 182251
182310 182312
182323 182544
182600 182724
182868 182870
182896 182990
183085 183131
183187 183400
183479 183513
183556 183571
183574 183653
183698 183700
183714 184334
184367 184424
184508 184670
184677 184722
184733 184839
184916 185237
185303 185305
185353 185584
185620 185926
185933 186052
186092 186305
186373 186743
186810 187004
187048 187222
187229 187526
187571 187723
187732 187892
187935 188037
188088 188138
188146 188664
188667 188732
188843 188878
188890 188999
189002 189069
189075 189125
189186 189281
189446 189448
189603 189765
189770 189803
189871 190114
190130 190164
190168 190327
190343 190478
190527 190738
190781 190885
190962 191322
191403 191472
191526 191682
191685 191834
191857 191875
191886 191984
191991 192040
192044 192381
192447 192604
192664 192702
192726 193127
193131 193841
193946 194138
194152 194495
194574 194575
194591 194956
194999 195303
195333 195393
195397 195423
195426 195488
195587 195749
195826 196052
196125 196183
196279 196391
196439 196469
196474 196649
196706 196931
196945 197010
197107 197263
197304 197536
197618 197875
197885 197994
197997 198208
198215 198468
198528 198774
198880 199029
199121 199340
199345 199455
199498 199670
199673 199721
199742 199796
199805 200054
200142 200446
200506 200568
200573 200806
200965 201129
201314 201565
201611 201741
201744 201900
201986 202200
202231 202367
202428 202805
202814 202833
202841 202958
203044 203429
203488 203769
203788 203869
203874 204003
204039 204078
204081 204097
204100 204199
204256 204429
204433 204560
204633 204647
204650 204712
204769 204857
204860 205123
205126 205150
205216 205217
205224 205588
205663 205995
205998 206051
206055 206133
206244 206324
206388 206503
206584 206906
207003 207085
207164 207166
207178 207429
207449 207451
207463 207855
207941 208371
208480 208694
208807 208985
209030 209133
209136 209314
209386 209449
209497 209745
209820 209896
209900 210004
210043 210059
210102 210300
210349 210493
210522 210570
210578 210944
210947 211201
211212 211487
211542 211632
211635 211720
211837 211840
211847 211886
211889 211975
211982 212081
212122 212356
212396 212633
212699 212933
212999 213012
213027 213229
213232 213350
213399 213477
213520 213722
213877 213880
213941 214117
214148 214371
214377 214448
214451 214519
214599 214982
215051 215071
215076 215286
215360 215477
215548 215550
215553 215752
215843 216005
216070 216268
216272 216602
216710 216824
216899 217040
217089 217657
217710 217838
217892 218061
218128 218327
218416 218812
218859 218933
218986 219263
219332 219426
219471 219762
219769 220092
220101 220171
220222 220546
220600 220632
220717 221005
221089 221358
221420 221722
221803 221971
221974 222276
222345 222441
222444 222466
222469 222593
222596 222725
222730 222839
222884 223083
223148 223359
223491 223519
223547 223614
223662 223742
223745 224007
224077 224221
224227 224277
224355 224538
224542 224650
224715 224866
224930 225187
225261 225382
225435 225566
225576 225842
225845 225989
225995 226057
226174 226235
226278 226561
226665 226788
226811 226865
226902 227117
227138 227190
227273 227327
227460 227608
227695 227816
227819 227936
228004 228141
228191 228204
228207 228386
228403 228501
228522 228629
228632 228803
228869 229125
229240 229242
229253 229424
229478 229753
229775 229776
229779 230053
230162 230298
230487 230683
230738 230863
230885 230936
230986 231206
231274 231328
231395 231797
231870 232006
232009 232068
232175 232418
232471 232726
232788 233031
233168 233315
233368 233535
233572 233608
233612 233784
233871 233978
233981 234106
234144 234146
234155 234295
234322 234373
234471 234630
234679 234681
234685 234726
234812 235052
235100 235158
235234 235278
235281 235332
235486 235619
235704 235859
235975 235977
235983 236001
236020 236148
236225 236227
236237 236543
236605 237063
237121 237123
237136 237251
237255 237317
237381 237448
237515 237670
237673 237954
238073 238230
238243 238402
238405 238544
238580 238934
239002 239061
239104 239113
239189 239191
239195 239353
239416 239490
239508 239662
239665 239729
239797 240081
240136 240352
240393 240537
240540 240568
240613 240902
240936 240996
241050 241308
241361 241521
241564 241566
241580 241919
241964 241966
241972 242010
242013 242061
242069 242202
242210 242238
242267 242312
242524 242666
242744 242746
242766 243088
243094 243317
243386 243660
243754 243756
243760 243917
243925 244006
244072 244830
244881 244883
244895 245228
245242 245526
245609 245898
245984 246039
246042 246098
246181 246452
246506 246533
246536 246608
246668 247032
247080 247202
247245 247686
247739 247953
248007 248058
248061 248127
248131 248516
248520 248589
248636 248716
248803 248942
249016 249577
249654 249656
249665 249946
249989 250144
250151 250253
250257 250316
250406 250498
250525 250778
250839 250892
250906 251218
251236 251574
251691 251978
252040 252164
252241 252382
252392 252532
252612 252926
252934 253063
253067 253190
253258 253466
253558 253561
253566 253988
253997 254100
254103 254173
254369 254465
254648 254698
254732 254807
254810 254876
254947 255321
255327 255367
255373 255555
255562 255665
255686 255748
255822 255921
255926 256116
256179 256424
256512 256684
256731 256936
257017 257091
257094 257163
257204 257328
257331 257466
257479 257845
257972 258403
258468 258554
258560 258647
258703 258720
258728 258793
258833 258963
259003 259130
259139 259214
259338 259636
259639 259954
260049 260150
260190 260263
260271 260293
260300 260456
260505 260566
260580 260659
260665 260951
261042 261282
261336 261411
261419 261664
261710 261823
261878 262043
262134 262297
262300 262490
262629 262814
262902 263256
263333 263481
263511 263593
263644 263906
263972 264257
264316 264476
264558 264561
264572 264961
265028 265131
265188 265191
265202 265263
265270 265389
265469 265471
265488 265589
265612 266018
266092 266218
266264 266386
266392 266533
266576 266843
266893 267003
267006 267258
267353 267489
267581 267678
267754 267907
267910 267995
268077 268122
268163 268239
268248 268363
268366 268470
268508 268533
268549 268591
268628 268734
268810 268988
269033 269035
269046 269326
269364 269381
269384 269593
269700 269790
269850 270000
270064 270276
270361 270526
270529 270729
270797 271197
271212 271317
271331 271377
271381 271510
271725 271833
271905 272059
272115 272210
272221 272367
272371 272494
272499 272584
272649 272651
272664 272763
272806 272836
272839 272869
272904 273067
273079 273089
273093 273497
273575 273798
273801 273852
273925 274077
274081 274184
274260 274462
274467 274823
274832 274894
275056 275067
275117 275375
275474 275556
275562 275980
276028 276239
276283 276600
276639 276809
276854 277036
277109 277123
277140 277536
277539 277785
277874 277876
277881 277971
277975 278061
278066 278269
278320 278525
278591 278957
279023 279089
279093 279144
279238 279307
279310 279562
279632 279803
279836 279912
279925 280321
280330 280396
280506 280567
280645 281201
281262 281556
281627 282252
282263 282338
282399 282605
282617 282692
282743 282933
283007 283096
283108 283430
283483 283645
283678 283901
283927 284026
284040 284065
284127 284238
284339 284341
284352 284495
284505 284523
284569 284571
284582 284631
284636 284657
284664 284780
284812 284949
285020 285184
285220 285221
285231 285374
285408 285551
285575 285762
285830 285831
285836 285884
285895 285913
285921 285940
285943 285975
286011 286034
286042 286089
286169 286171
286187 286462
286474 286717
286731 286745
286795 286884
286972 287074
287077 287122
287126 287226
287364 287471
287510 287528
287541 287745
287812 288280
288338 288446
288509 288828
288874 288998
289077 289413
289493 289687
289739 289847
289865 289931
289982 290113
290157 290511
290619 290622
290631 290647
290650 290717
290723 290750
290766 290956
291007 291087
291116 291183
291291 291293
291299 291387
291458 291460
291467 291541
291611 291613
291627 291998
292004 292185
292266 292268
292278 292399
292465 292761
292764 292849
292855 292886
293020 293181
293189 293401
293489 293513
293581 293787
293849 293900
293910 293919
293957 294138
294168 294239
294247 294297
294319 294366
294404 294443
294469 294720
294821 294923
294944 294963
294969 295064
295182 295442
295510 295580
295600 295603
295617 295760
295823 295892
296001 296194
296351 296405
296408 296474
296589 296883
296939 297261
297433 297680
297729 297730
297738 297792
297814 298061
298157 298256
298390 298392
298395 298901
298954 298974
298977 299139
299142 299158
299163 299393
299396 299457
299533 299621
299624 300086
300159 300294
300373 300525
300586 300661
300665 300781
300784 301079
301129 301234
301238 301252
301255 301461
301568 301802
301884 302150
302302 302620
302760 302953
303074 303161
303227 303409
303427 303589
303708 303710
303722 303898
303901 303955
303960 304116
304136 304217
304285 304287
304294 304638
304666 304818
304876 304878
304899 305112
305154 305243
305246 305248
305258 305579
305647 305965
305970 306053
306056 306239
306242 306323
306386 306577
306580 306732
306813 307149
307259 307462
307533 308374
308503 308552
308685 308687
308701 308732
308782 308828
308832 309112
309155 309275
309278 309344
309463 309668
309822 309963
310004 310482
310625 310627
310641 310954
310959 311008
311049 311217
311265 311402
311410 311530
311638 311798
311813 311999
312047 312329
312377 312440
312452 312645
312725 312964
313009 313177
313222 313372
313378 313439
313523 314029
314089 314175
314279 314330
314384 314638
314649 314784
314826 315032
315125 315414
315477 315543
315572 315858
315904 315926
315930 315959
315963 316029
316092 316197
316262 316483
316490 316869
316958 317107
317153 317589
317628 317747
317753 317828
317950 318124
318189 318337
318352 318448
318506 318537
318543 318600
318651 318689
318692 318750
318872 318893
318898 318937
318952 319026
319110 319199
319210 319265
319271 319310
319365 319367
319375 319439
319499 319558
319685 319687
319691 319802
319842 319969
320075 320077
320086 320155
320213 320329
320385 320387
320394 320529
320605 320607
320615 320693
320696 320795
320858 320885
320888 321052
321106 321305
321346 321347
321357 321436
321545 321547
321554 321939
321966 322236
322336 322437
322440 322978
323060 323312
323320 323367
323414 323691
323745 323935
323995 324179
324238 324310
324314 324372
324463 324677
324680 324935
325001 325386
325474 325853
325914 326011
326067 326103
326107 326214
326282 326380
326506 326507
326520 326703
326750 327251
327257 327345
327360 327412
327484 327628
327777 327778
327787 328138
328190 328262
328273 328294
328297 328380
328417 328506
328586 328750
328753 329043
329136 329333
329336 329465
329524 329866
329943 329958
329996 330128
330226 330228
330238 330414
330474 330815
330876 331225
331231 331360
331398 331877
331979 332060
332087 332346
332390 332471
332530 332695
332698 332781
332832 332992
333026 333181
333240 333577
333661 333662
333666 333781
333831 334059
334095 334262
334340 334342
334346 334434
334480 334482
334496 334550
334554 334629
334668 334798
334801 334859
334911 335114
335118 335149
335226 335420
335427 335488
335496 335800
335884 336179
336192 336233
336272 336290
336319 336501
336606 336947
337001 337122
337150 337236
337264 337284
337393 337395
337402 337514
337539 337709
337766 338288
338291 338368
338423 338571
338609 338703
338770 338894
338902 338933
338936 339029
339143 339221
339298 339704
339779 339960
339970 340004
340007 340077
340120 340390
340402 340578
340609 340757
340848 340850
340855 341113
341156 341252
341375 341377
341392 341541
341575 341682
341688 341776
341784 341907
341966 342089
342097 342190
342221 342223
342234 342335
342407 342851
342957 343107
343214 343393
343439 343663
343705 343844
343900 344047
344103 344554
344624 344800
344813 345059
345114 345190
345198 345263
345339 345402
345417 345418
345443 345571
345644 345646
345658 345828
345859 346201
346256 346258
346267 346270
346273 346316
346319 346521
346606 346735
346755 346820
346823 347067
347075 347142
347262 347328
347333 347613
347686 347837
347840 347890
347896 347962
348057 348240
348342 348461
348529 348531
348545 349047
349050 349143
349146 349220
349226 349277
349373 349438
349494 349684
349707 349721
349745 350053
350057 350109
350168 350292
350362 350523
350636 350686
350759 350871
350874 350900
350921 351252
351287 351638
351736 351756
351764 352295
352369 352667
352733 352773
352776 352804
352861 353031
353034 353225
353275 353471
353514 353847
353896 354110
354113 354354
354434 354436
354446 354859
354914 354974
354986 355304
355400 355586
355589 355748
355751 355866
355931 356319
356486 356853
356931 357050
357091 357243
357314 357317
357328 357629
357681 357773
357781 357836
357876 358073
358147 358260
358310 358526
358530 358586
358648 358892
358909 359133
359220 359426
359429 359536
359550 359680
359686 359782
359836 359934
359988 359990
360000 360162
360172 360222
360243 360258
360379 360419
360424 360465
360471 360556
360645 360690
360693 360796
360801 361041
361044 361070
361073 361183
361267 361306
361357 361585
361608 361935
361949 362199
362313 362315
362322 362351
362395 362513
362584 362707
362788 362790
362799 362913
362921 363098
363112 363145
363183 363185
363200 363405
363410 363440
363513 363515
363524 363561
363565 363694
363713 363808
363812 363915
364096 364195
364234 364359
364409 364547
364566 364640
364706 365036
365116 365371
365383 365621
365700 365774
365787 365875
365934 366038
366155 366156
366162 366236
366239 366451
366511 366513
366521 366592
366654 366656
366664 367057
367166 367168
367171 367296
367299 367366
367479 367845
367906 367907
367917 368316
368486 368488
368495 368530
368533 368654
368667 368689
368736 368805
368864 368972
369000 369056
369127 369128
369149 369382
369394 369397
369406 369445
369470 369472
369487 369530
369540 369685
369692 369834
369870 369988
370158 370185
370188 370287
370302 370439
370442 370518
370552 370587
370590 370617
370627 370656
370707 370721
370728 370730
370737 371001
371034 371132
371151 371197
371223 371336
371340 371393
371399 371522
371625 371774
371888 371983
372176 372272
372340 372514
372543 372865
372918 373142
373201 373229
373236 373760
373805 373848
373909 374067
374125 374248
374341 374501
374555 375159
375213 375422
375427 375471
375479 375602
375671 375862
375865 375945
376016 376160
376163 376225
376265 376429
376432 376523
376593 376741
376780 376971
377043 377045
377078 377454
377457 377510
377582 377703
377803 377805
377812 378026
378030 378135
378193 378195
378243 378308
378311 378492
378553 378555
378569 378778
378803 378863
378870 378970
378973 379018
379103 379105
379137 379307
379356 379486
379497 379820
379870 380108
380166 380168
380173 380305
380313 380385
380466 380468
380475 380619
380645 380822
380855 381012
381045 381137
381199 381269
381272 381275
381285 381382
381396 381483
381523 381525
381536 381654
381674 381708
381743 381745
381748 382061
382066 382185
382257 382456
382497 382605
382631 382632
382717 382781
382793 382984
383039 383086
383090 383653
383738 383928
384000 384336
384389 384660
384747 384903
384966 385151
385187 385200
385232 385261
385310 385322
385398 385478
385542 385830
385839 385964
386013 386015
386023 386085
386100 386219
386269 386339
386403 386436
386447 386586
386673 386776
386914 387034
387120 387307
387432 387637
387651 387916
388061 388308
388319 388405
388469 388583
388672 388897
388937 389188
389268 389462
389512 389571
389679 389887
389954 390067
390099 390189
390285 390449
390453 390495
390500 390730
390737 391013
391070 391072
391079 391122
391220 391222
391225 391305
391309 391382
391431 391572
391579 391769
391820 391899
391978 392356
392423 392781
392876 392877
392887 393159
393215 393217
393230 393457
393501 393708
393765 393767
393781 393871
393915 393917
393929 393957
393988 394045
394048 394109
394165 394248
394389 394511
394602 394842
394890 395229
395280 395628
395677 395747
395752 395941
396008 396065
396073 396256
396331 396399
396406 396569
396627 396684
396687 396809
396858 397234
397287 397755
397817 397869
397878 398140
398271 398641
398749 398881
398934 399058
399161 399331
399345 399534
399542 399608
399689 399691
399707 400010
400079 400125
400205 400472
400479 400721
400724 400800
400813 400897
400902 401094
401154 401165
401168 401232
401297 401529
401538 401581
401694 401696
401702 401858
401917 402317
402396 402398
402411 402472
402475 402916
402969 403105
403108 403220
403299 403392
403409 403481
403573 403595
403657 403859
403905 403998
404177 404222
404308 404570
404573 404664
404688 404752
404776 404864
404935 405311
405364 405507
405607 405829
405891 406549
406589 406818
406863 407050
407148 407356
407359 407428
407482 407732
407807 407903
407906 407996
408003 408012
408088 408193
408198 408354
408362 408403
408472 408701
408772 408788
408791 409034
409073 409145
409247 409317
409356 409370
409373 409445
409522 409863
409971 410041
410046 410250
410259 410407
410410 410416
410419 410586
410681 410732
410767 410958
411047 411130
411140 411340
411417 411784
411876 411946
411974 412268
412271 412322
412419 412421
412452 412538
412639 412641
412647 412729
412733 412914
412927 413019
413025 413054
413097 413127
413130 413224
413307 413389
413519 413521
413525 413600
413607 413697
413703 413831
413908 414088
414194 414196
414204 414489
414492 414550
414559 414815
414906 415007
415067 415067
415152 415169
415195 415254
415265 415378
415524 415722
415725 415796
415861 416292
416364 416477
416574 416870
416933 417257
417309 417461
417465 417685
417688 417796
417950 417951
417954 418114
418148 418395
418419 418481
418599 418788
418803 418851
418893 419233
419304 419581
419585 419747
419759 419893
419919 420060
420105 420191
420197 420496
420549 420551
420554 420743
420787 420788
420800 420887
420893 420985
421019 421126
421193 421193
421204 421419
421464 421607
421677 421754
421773 421932
421986 422340
422343 422529
422602 422718
422783 422961
422968 423287
423296 423617
423657 423967
424050 424052
424062 424121
424124 424203
424254 424256
424269 424329
424426 424466
424469 424502
424505 424627
424682 424828
424838 425003
425081 425156
425234 425566
425614 425659
425704 425706
425709 425712
425716 425861
425904 425933
425944 426093
426122 426198
426289 426291
426301 426388
426438 426573
426628 427015
427087 427088
427094 427426
427435 427460
427477 427505
427511 427587
427631 427684
427704 427706
427725 427778
427798 427881
427934 427936
427948 428099
428143 428204
428304 428306
428312 428767
428770 428867
428922 428990
428995 429120
429179 429498
429535 429726
429808 429920
429923 429976
429994 430221
430364 430366
430380 430683
430690 430769
430815 430951
430955 431009
431074 431113
431162 431337
431372 431521
431583 431634
431686 432172
432195 432383
432445 432837
432922 433217
433311 433592
433672 433713
433716 433770
433790 434031
434108 434396
434466 434778
434848 434995
434998 435186
435286 435357
435360 435447
435492 435654
435692 435744
435748 435933
435993 436015
436018 436043
436050 436410
436459 436618
436638 436784
436810 436848
436860 437014
437096 437188
437250 437383
437443 437506
437561 437723
437726 437795
437837 438357
438456 438458
438473 438920
439011 439013
439018 439086
439089 439259
439293 439524
439528 439624
439710 439948
439951 440124
440217 440218
440226 440414
440417 440728
440818 441091
441094 441167
441230 441306
441309 441352
441374 441605
441717 441954
442014 442036
442039 442269
442356 442491
442529 442661
442726 442728
442740 442821
442966 442984
443022 443092
443181 443183
443197 443252
443269 443409
443512 443513
443566 443578
443615 443711
443775 443849
443862 443938
444017 444574
444646 444648
444662 444889
445018 445088
445092 445162
445165 445226
445344 445470
445543 445811
445868 446280
446355 446483
446489 446573
446662 446780
446822 446906
446911 447212
447332 447335
447348 447555
447616 447689
447706 447906
447942 447970
447973 448122
448125 448176
448211 448263
448276 448336
448408 448411
448414 448550
448588 448610
448613 448844
448883 448960
448963 449063
449071 449127
449270 449271
449278 449588
449678 449809
449823 449823
449839 449940
449956 450093
450149 450151
450163 450278
450329 450331
450340 450398
450452 450646
450729 450731
450741 450793
450796 450881
450951 451071
451159 451204
451257 451747
451873 452026
452061 452356
452404 452905
452958 453064
453067 453095
453209 453211
453225 453629
453698 453757
453889 453891
453897 454239
454302 454581
454668 455078
455087 455148
455160 455195
455226 455241
455245 455444
455499 455611
455617 456182
456236 456291
456301 456401
456439 456596
456599 456696
456707 456773
456848 456904
456949 457171
457224 457540
457623 457705
457832 457902
457917 457981
458043 458293
458372 458375
458382 458408
458430 458746
458830 459102
459134 459409
459474 459585
459590 459608
459670 459856
459944 460210
460231 460707
460748 460912
460964 461218
461257 461356
461371 461568
461573 461684
461740 461895
462001 462204
462251 462412
462422 462499
462546 462615
462648 462742
462830 463032
463105 463253
463261 463549
463602 463733
463746 463847
463885 464213
464266 464585
464588 464704
464768 464966
464979 465086
465189 465336
465434 465535
465641 465656
465716 465718
465731 466102
466111 466335
466338 466500
466539 466682
466685 466743
466880 466972
467007 467061
467067 467223
467281 467424
467486 467896
467899 467956
468019 468299
468340 468368
468444 468536
468591 468593
468601 468953
468960 468971
468974 469064
469123 469373
469413 469632
469688 469954
469992 470325
470373 470494
470502 470563
470597 470639
470642 470737
470786 470993
471025 471034
471039 471243
471252 471502
471508 471684
471773 472001
472007 472574
472615 472627
472630 472748
472796 472867
472883 472931
472976 473003
473010 473120
473169 473333
473425 473536
473564 473698
473737 474034
474066 474185
474190 474192
474221 474239
474243 474428
474432 474514
474517 474591
474683 475078
475081 475293
475385 475658
475727 475799
475811 475977
476028 476134
476193 476424
476429 476445
476448 476526
476573 476684
476732 476834
476839 476887
476890 476954
476990 477122
477179 477259
477266 477390
477438 477530
477540 477573
477621 477763
477790 477813
477818 477965
478054 478490
478546 478913
478919 479160
479190 479207
479215 479422
479425 479613
479755 479826
479875 480178
480202 480265
480336 481062
481115 481289
481329 481526
481532 481572
481577 481611
481614 481701
481704 481806
481809 481848
481896 482048
482134 482275
482374 482439
482490 482583
482591 482663
482719 482738
482742 482939
483009 483354
483359 483411
483459 483486
483490 483901
483975 484314
484364 484404
484407 484726
484788 485170
485196 485243
485307 485374
485385 485591
485693 485696
485703 485751
485754 485902
485941 486281
486383 486430
486592 486593
486596 486712
486805 487079
487130 487316
487323 487370
487421 487876
487949 487983
487987 488218
488275 488452
488455 488635
488642 488679
488758 489054
489113 489358
489432 489864
489922 490125
490172 490346
490468 490486
490492 490501
490504 490749
490845 491087
491090 491219
491309 491311
491334 491566
491643 491732
491741 491836
491839 491842
491862 491934
492000 492154
492241 492493
492496 492565
492568 492669
492704 492706
492714 492770
492781 492865
492884 493028
493080 493143
493146 493242
493332 493785
493877 494076
494139 494582
494690 494692
494699 494956
495001 495011
495015 495349
495401 495436
495439 495560
495565 495582
495585 495661
495671 495870
495875 496291
496336 496440
496510 496606
496643 496912
497108 497180
497183 497300
497360 497504
497540 497705
497708 497769
497841 498125
498211 498282
498285 498363
498366 498428
498485 498740
498783 499054
499114 499158
499166 499238
499293 499815
499865 500219
500262 500496
500597 500643
500688 500947
500953 501286
501338 501558
501621 501679
501744 501855
501931 501932
501939 502266
502282 502408
502411 502514
502527 502591
502602 502846
502899 502901
502909 502992
502995 503068
503169 503171
503186 503330
503333 503390
503461 503496
503499 503739
503801 503892
503898 503970
503974 504001
504005 504036
504039 504117
504138 504371
504413 504630
504670 504925
504972 505001
505004 505308
505346 505763
505873 505875
505886 506200
506206 506277
506375 506377
506380 506571
506614 507205
507218 507500
507526 507777
507810 507970
508050 508052
508056 508123
508229 508429
508502 508548
508557 508889
508929 508980
508983 509095
509145 509147
509158 509295
509305 509355
509495 509729
509804 509915
509932 509935
509945 510340
510422 510507
510510 510712
510715 510880
510883 511030
511084 511243
511252 511347
511496 511544
511615 511954
511996 512268
512321 512593
512596 512716
512756 512786
512795 512896
513041 513105
513160 513375
513386 513437
513453 513626
513631 513813
513817 513864
513873 513942
514031 514385
514502 514645
514679 514948
515015 515363
515366 515531
515541 515775
515853 516200
516258 516624
516690 516838
516927 516930
516936 517378
517383 517412
517469 517568
517621 517795
517800 517864
517947 518350
518433 518738
518802 518831
518835 519097
519150 519356
519359 519544
519646 519717
519720 519760
519772 519969
520042 520075
520082 520127
520130 520380
520441 520622
520626 520784
520842 521125
521217 521339
521460 521770
521866 521868
521874 521897
521902 522004
522007 522080
522186 522188
522199 522219
522241 522312
522325 522354
522360 522643
522757 522760
522783 522835
522838 522942
522947 522981
523102 523163
523225 523419
523422 523508
523577 523627
523630 523686
523689 523691
523696 523745
523748 523777
523794 523935
523947 524021
524024 524068
524074 524280
524326 524393
524463 524466
524475 524644
524647 524703
524706 524836
524924 525044
525054 525202
525315 525460
525526 525755
525768 526096
526102 526219
526224 526304
526316 526317
526323 526528
526585 526612
526673 526676
526687 526701
526704 526792
526795 527131
527168 527238
527349 527415
527420 527472
527524 527851
527858 527919
527922 528013
528044 528431
528488 528699
528763 529056
529077 529111
529116 529254
529305 529375
529448 529574
529577 529937
530038 530421
530479 530660
530667 530793
530878 530944
531022 531233
531306 531373
531495 531497
531501 531886
531939 532362
532407 532847
532880 532904
533003 533043
533051 533123
533168 533253
533256 533393
533437 533950
534019 534219
534314 534421
534473 534658
534707 534841
534878 535180
535183 535231
535275 535436
535515 535596
535602 535783
535831 536190
536274 536438
536469 536559
536562 536598
536631 536633
536637 536744
536807 536861
536864 536905
537020 537177
537229 537493
537549 537716
537719 537751
537816 537991
538014 538026
538048 538056
538060 538189
538257 538448
538451 538584
538670 538952
539052 539223
539226 539358
539416 539686
539709 539709
539808 539869
539919 540001
540015 540074
540077 540122
540127 540191
540215 540240
540244 540369
540374 540463
540468 540631
540699 540882
541032 541033
541039 541103
541134 541247
541298 541301
541311 541347
541409 541411
541421 541584
541625 541823
541843 541885
541906 542109
542113 542125
542174 542192
542200 542300
542322 542607
542610 542691
542695 542867
543016 543135
543265 543267
543272 543388
543398 543438
543449 543504
543565 543567
543575 543655
543659 543691
543694 543812
543878 543968
543988 544042
544130 544317
544344 544432
544506 544508
544516 544598
544626 544628
544640 544792
544856 544858
544864 545030
545060 545062
545075 545309
545353 545457
545517 545518
545527 545752
545819 545980
545989 546504
546590 546605
546620 546673
546748 547018
547030 547144
547147 547468
547513 547685
547702 547794
547897 547943
547946 548065
548069 548166
548230 548437
548451 548565
548642 548683
548688 548892
548932 549296
549379 549616
549665 550034
550079 550294
550297 550394
550467 550616
550625 550728
550787 550862
550931 551156
551236 551423
551479 551624
551634 551696
551699 551891
551917 552136
552183 552703
552773 553216
553263 553462
553465 553638
553727 553761
553764 553954
553961 554051
554088 554182
554231 554350
554353 554486
554572 554724
554763 555477
555480 555689
555749 555903
556011 556059
556087 556258
556311 556312
556319 556345
556348 556439
556515 556753
556787 556894
556897 556975
557056 557143
557152 557155
557158 557219
557281 557453
557456 557598
557692 557811
557864 557923
557952 558026
558113 558121
558127 558136
558149 558294
558306 558410
558414 558546
558583 558809
558842 558893
558897 559194
559274 559642
559724 560057
560118 560230
560250 560341
560390 560636
560691 560771
560867 561045
561155 561156
561159 561218
561287 561578
561588 561739
561777 561888
562006 562008
562017 562333
562341 562647
562704 562711
562714 562735
562765 562966
562969 563074
563149 563237
563268 563372
563413 563584
563631 563893
563930 564002
564059 564211
564214 564258
564355 564357
564365 564822
564879 565063
565072 565340
565376 565571
565678 565681
565692 565986
565995 566306
566374 566376
566379 566448
566456 566549
566611 566613
566616 566765
566794 566959
567042 567088
567190 567191
567199 567355
567358 567415
567519 567742
567746 567793
567876 568021
568071 568232
568235 568275
568278 568465
568517 568726
568729 568870
568941 569119
569277 569888
569893 570215
570270 570396
570459 570747
570796 570848
570851 571031
571038 571213
571269 571478
571670 571672
571682 572176
572205 572294
572337 572685
572820 572924
572987 573192
573340 573541
573668 573760
573763 574032
574082 574227
574274 574431
574465 574732
574768 575106
575152 575407
575412 575593
575690 575973
576043 576115
576119 576178
576248 576352
576355 576474
576536 576836
576886 577180
577243 577488
577551 577717
577720 577786
577847 577987
577990 578061
578143 578395
578443 578557
578651 578727
578734 578891
578895 579163
579166 579413
579485 579926
580014 580094
580218 580261
580331 580624
580677 580975
580988 581724
581733 581825
581898 582104
582159 582403
582469 582639
582691 583021
583068 583090
583093 583428
583431 583467
583504 583805
583923 584149
584258 584340
584361 584533
584591 584739
584784 585182
585255 585572
585652 586002
586017 586136
586142 586341
586394 586484
586570 586780
586820 586907
586910 587031
587109 587389
587398 587460
587507 587688
587692 587803
587869 588408
588466 588523
588527 588689
588697 588853
588856 588918
588980 589101
589137 589431
589479 589758
589860 589862
589876 590142
590189 590428
590514 590824
590894 591131
591172 591286
591296 591416
591454 591619
591686 591720
591723 592114
592177 592301
592337 592497
592559 592804
592917 593025
593028 593127
593183 593216
593230 593565
593577 594166
594281 594396
594450 594636
594665 594731
594831 595178
595285 595810
595819 596007
596098 596147
596238 596373
596450 596619
596682 597079
597172 597280
597283 597410
597421 597686
597696 597841
597845 597946
598109 598111
598121 598154
598224 598463
598466 598531
598564 598576
598584 598653
598656 598714
598757 598798
598851 599068
599102 599216
599226 599296
599350 599411
599416 599659
599662 599989
599997 600000
600019 600434
600437 600498
600637 600702
600705 600745
600769 600888
600943 601124
601216 601285
601288 601416
601472 601603
601611 601978
602056 602058
602063 602231
602235 602604
602715 602954
603054 603153
603157 603250
603317 603538
603582 603745
603779 604014
604017 604070
604118 604177
604253 604294
604297 604352
604355 604425
604447 604497
604567 604570
604596 604736
604788 604943
604948 605020
605063 605082
605093 605424
605466 605833
605888 605950
605997 606098
606107 606220
606275 606354
606357 606797
606843 607204
607297 607661
607708 608128
608173 608277
608318 608500
608552 608937
608989 609199
609333 609559
609589 609781
609784 609834
609925 609990
610055 610229
610294 610351
610359 610395
610400 610715
610765 610781
610794 611096
611105 611236
611265 611471
611481 611610
611613 612118
612172 612269
612393 612737
612790 612915
613048 613114
613117 613210
613258 613260
613263 613430
613513 613703
613746 613948
613995 614069
614157 614208
614329 614398
614455 614901
614925 615004
615044 615102
615152 615352
615416 615698
615710 615861
615924 616236
616292 616611
616674 616872
616955 617004
617007 617069
617132 617464
617510 617750
617786 617942
617984 618116
618119 618278
618314 618456
618461 618728
618773 618794
618801 618837
618847 618888
618905 619036
619085 619428
619440 619973
620045 620047
620075 620176
620264 620266
620278 620335
620344 620374
620455 620629
620632 620897
620936 621123
621128 621350
621425 621485
621492 621495
621507 621555
621570 621571
621591 621597
621600 621657
621702 621737
621740 621784
621789 622010
622129 622471
622557 622558
622570 622602
622607 622923
622948 623211
623245 623321
623330 623381
623442 623629
623632 623736
623755 623874
623936 623937
623940 624000
624008 624173
624176 624266
624324 624421
624486 624781
624818 625191
625243 625372
625435 625683
625734 625813
625883 626646
626652 626790
626858 626860
626872 627155
627227 627255
627258 627403
627470 627640
627694 627802
627876 627939
627942 628220
628264 628436
628441 628571
628633 628815
628827 628932
629073 629075
629086 629391
629403 629481
629484 629806
629851 630003
630078 630117
630155 630228
630233 630272
630289 630424
630465 630595
630703 630726
630828 631147
631226 631228
631233 631312
631315 631374
631380 631400
631496 631498
631509 631644
631683 631732
631735 631877
631932 632154
632215 632297
632300 632810
632815 632904
633067 633068
633080 633198
633263 633412
633492 633518
633521 633636
633696 633863
633867 633931
633999 634001
634012 634089
634092 634308
634358 634402
634409 634477
634536 634768
634772 634870
634909 634928
634932 635437
635574 635576
635591 635646
635723 635809
635812 635869
635876 636072
636155 636157
636166 636280
636313 636746
636859 636861
636875 637102
637105 637218
637276 637327
637362 637365
637375 637553
637649 637720
637728 637872
637948 638241
638279 638398
638417 638472
638562 638606
638705 638790
638829 638948
638953 639047
639122 639407
639436 639523
639575 639631
639634 639699
639706 639723
639730 639856
639913 640020
640024 640079
640108 640148
640152 640327
640340 640357
640378 640470
640476 640548
640606 640618
640621 640759
640762 641037
641100 641266
641280 641466
641538 641727
641742 641944
641980 642226
642290 642601
642658 642821
642828 642969
643054 643115
643119 643244
643432 643602
643616 643787
643873 643929
643992 644228
644288 644440
644445 644527
644585 644902
644964 645141
645157 645211
645253 645477
645547 645548
645556 645781
645843 645998
646099 646444
646543 646570
646579 646767
646770 646809
646812 646852
646855 646978
647069 647347
647419 647731
647795 647904
647908 648183
648258 648415
648418 648720
648788 648930
648952 649091
649151 649217
649236 649237
649247 649586
649882 649911
649917 649995
650084 650293
650296 650847
650880 651065
651125 651423
651475 651773
651840 651916
651955 652203
652269 652557
652595 652723
652735 652993
652997 653061
653093 653394
653503 653567
653617 653764
653812 653956
653987 654388
654391 654539
654617 654939
655012 655165
655318 655320
655327 655466
655499 655586
655589 655664
655784 655786
655798 656098
656144 656451
656539 656825
656832 656898
656980 657137
657141 657290
657360 657447
657513 657515
657527 657936
657941 658093
658142 658221
658224 658410
658471 658473
658482 658563
658695 658791
658831 658833
658843 659117
659130 659162
659175 659443
659497 659767
659821 660015
660090 660261
660265 660652
660753 660947
661000 661220
661267 661319
661322 661365
661370 661447
661450 661670
661778 661895
661925 661983
662024 662141
662144 662380
662441 662468
662476 662532
662535 662766
662826 662828
662844 662917
662953 663203
663276 663278
663286 663377
663383 663426
663496 663498
663505 663614
663660 663952
664015 664184
664188 664373
664430 664705
664791 664899
664959 665113
665169 665304
665361 665430
665433 665541
665632 665763
665866 665868
665882 665966
666012 666070
666076 666152
666266 666469
666526 666651
666666 666786
666793 666883
666928 667097
667158 667376
667383 667583
667630 667896
667950 668315
668389 668577
668633 668842
668886 668887
668910 669107
669235 669302
669308 669569
669574 669621
669697 669800
669838 670008
670045 670077
670109 670287
670327 670359
670364 670583
670629 670791
670873 670905
670988 671089
671092 671211
671232 671417
671467 671793
671851 672054
672062 672077
672092 672144
672236 672493
672533 672786
672870 673009
673020 673138
673189 673416
673445 673628
673739 673741
673750 673791
673800 673855
673902 673982
674109 674151
674211 674335
674345 674416
674617 674620
674627 674819
674836 674922
675039 675202
675207 675280
675334 675562
675631 675970
676050 676090
676093 676147
676150 676187
676190 676271
676324 676346
676356 676583
676638 676759
676811 676812
676818 676843
676846 677129
677220 677222
677231 677344
677410 677412
677421 677545
677556 677558
677572 677619
677622 677672
677740 677742
677767 677908
677950 677952
677963 678068
678120 678301
678312 678357
678380 678423
678499 678501
678515 678537
678544 678742
678809 678940
678943 679082
679165 679220
679232 679531
679544 679597
679602 679623
679630 679942
679991 680148
680197 680250
680271 680327
680331 680355
680358 680379
680382 680416
680469 680590
680739 680740
680749 680892
680938 681053
681079 681199
681231 681256
681264 681331
681386 681525
681561 681886
681987 682180
682250 682450
682578 682580
682596 683078
683148 683174
683187 683375
683378 683496
683539 683680
683697 683764
683792 683931
684035 684256
684301 684817
684866 684898
684911 684957
684978 685030
685036 685098
685149 685300
685304 685331
685395 685397
685400 685569
685592 685686
685741 685944
686047 686327
686337 686613
686621 686707
686811 686813
686825 687182
687302 687463
687545 687547
687558 687716
687755 687789
687792 688030
688093 688293
688304 688512
688515 688975
689097 689247
689293 689349
689358 689467
689494 689568
689660 689855
689900 690045
690096 690132
690152 690191
690202 690455
690505 690545
690557 690700
690743 690745
690760 690809
690859 691024
691027 691030
691033 691306
691312 691340
691357 691412
691425 691557
691635 691663
691695 691758
691836 691893
691975 692413
692455 692611
692638 692706
692709 692794
692876 693010
693015 693171
693357 693438
693441 693585
693612 694106
694114 694202
694210 694457
694509 694518
694525 694687
694728 695019
695108 695221
695280 695312
695316 695352
695404 695640
695703 695840
695934 696057
696062 696218
696313 696612
696708 697154
697217 697370
697448 697599
697602 697775
697884 697996
697999 698213
698270 698318
698329 698383
698404 698486
698565 698746
698749 698833
698900 699264
699366 699567
699584 699660
699799 699801
699808 699848
699865 699989
699996 700091
700209 700522
700573 700809
700901 700919
700922 701029
701039 701093
701097 701157
701162 701521
701524 701594
701653 701887
701959 702043
702140 702142
702145 702476
702485 702593
702629 702866
702872 702905
703008 703288
703309 703460
703565 703567
703581 703880
703888 703960
703969 704015
704148 704150
704162 704349
704355 704469
704578 704580
704591 704929
704982 704983
704991 705286
705511 705702
705803 705960
706005 706415
706534 706536
706545 707171
707221 707404
707449 707622
707635 707691
707820 707822
707830 708041
708073 708167
708280 708337
708344 708536
708588 709002
709043 709150
709219 709222
709234 709321
709338 709340
709363 709595
709652 709914
709980 709982
710018 710315
710370 710372
710386 710578
710624 710736
710743 710849
710984 711056
711059 711115
711121 711163
711213 711914
711962 712410
712428 712467
712511 712810
712906 712908
712916 713263
713325 713437
713506 713579
713796 713836
713857 713987
714029 714434
714494 714661
714695 714905
714937 715012
715027 715145
715195 715296
715299 715364
715418 715484
715490 715493
715510 715734
715841 715843
715855 715908
716057 716254
716295 716702
716851 716977
716980 717044
717166 717331
717473 717691
717850 717852
717864 718072
718136 718388
718448 718529
718532 718629
718692 718786
718792 718984
719051 719140
719143 719269
719334 719470
719479 719502
719544 719843
719907 719988
720043 720177
720226 720346
720363 720417
720420 720478
720487 720611
720668 721006
721025 721042
721097 721123
721135 721177
721184 721267
721307 721512
721528 721550
721557 721676
721716 721718
721725 721899
722037 722072
722181 722242
722281 722399
722438 722516
722580 722737
722818 722849
722862 722939
722975 723146
723214 723442
723462 723472
723477 723513
723528 723555
723603 723620
723662 723850
723926 724116
724123 724293
724363 724517
724522 724582
724636 724740
724782 725132
725176 725260
725274 725291
725299 725426
725548 725550
725555 725648
725651 725865
725869 726021
726076 726219
726222 726288
726343 726345
726358 726469
726543 726545
726557 726923
726930 726961
726964 727032
727037 727122
727212 727215
727222 727282
727285 727516
727520 727612
727696 727942
727988 728023
728036 728182
728185 728347
728368 728430
728532 728759
728811 728952
729059 729453
729544 729752
729791 729805
729825 729890
729903 730096
730156 730318
730360 730728
730838 730949
730986 731121
731160 731250
731268 731623
731713 731755
731809 732005
732045 732199
732202 732257
732297 732546
732667 732883
732896 732985
733017 733110
733118 733161
733209 733347
733461 733758
733798 733812
733815 733914
733918 733960
733979 734090
734109 734232
734297 734333
734346 734626
734670 734790
734862 734978
735031 735129
735176 735226
735232 735292
735295 735393
735562 735760
735775 735920
735991 736052
736117 736218
736280 736573
736584 736660
736664 736791
736846 737016
737027 737188
737191 737252
737255 737329
737445 737488
737538 737706
737744 737884
737887 738226
738293 738553
738556 738620
738680 738880
738922 738976
738999 739074
739132 739228
739315 739341
739413 739651
739699 739805
739812 739983
740030 740307
740393 740420
740431 740499
740509 740946
740991 741077
741092 741226
741309 741456
741498 741930
741969 742221
742298 742717
742769 742934
743026 743108
743116 743208
743286 743572
743583 743603
743606 743983
743987 744145
744250 744252
744255 744470
744536 744580
744592 744741
744745 744821
744888 744890
744900 745049
745138 745163
745182 745273
745371 745537
745572 745695
745698 745758
745769 745857
745921 745931
745934 746018
746098 746268
746271 746292
746301 746341
746398 746545
746607 746656
746659 746788
746807 746872
746891 747026
747081 747083
747090 747728
747806 747850
747859 747884
747941 748174
748230 748427
748430 748540
748632 748789
748823 749072
749084 749132
749135 749280
749284 749350
749353 749388
749450 749515
749518 749590
749593 749798
749848 749860
749869 749980
750038 750207
750261 750364
750473 750622
750675 750822
750873 750888
750900 751014
751017 751115
751175 751218
751221 751365
751433 751781
751826 752222
752301 752362
752379 752572
752626 752792
752842 752897
752904 752939
752942 753092
753200 753251
753311 753486
753539 753554
753557 753623
753679 753682
753694 754052
754087 754475
754478 754576
754676 754677
754683 754938
754985 755062
755071 755155
755213 755382
755422 755704
755787 755927
755986 756148
756165 756184
756187 756200
756240 756285
756344 756371
756374 756491
756534 756705
756746 756748
756761 757189
757242 757310
757313 757369
757376 757502
757505 757581
757652 757892
757951 757997
758001 758351
758411 758583
758733 758866
758918 759265
759338 759433
759444 759904
759912 760122
760214 760435
760480 760497
760500 760802
760877 761115
761123 761200
761263 761500
761629 761709
761740 761918
761964 762055
762112 762267
762272 762331
762345 762406
762413 762508
762556 762734
762737 763296
763384 763666
763759 763816
763861 764117
764185 764299
764304 764425
764478 764913
764947 765154
765161 765284
765288 765372
765449 765877
765880 765949
765978 766100
766192 766326
766329 766466
766469 766565
766615 766828
766874 767074
767118 767467
767470 767512
767515 767701
767781 767900
767916 768035
768151 768182
768185 768217
768220 768281
768338 768724
768737 768840
768896 769062
769124 769418
769509 769510
769517 769726
769775 770233
770236 770412
770528 770530
770538 770551
770554 770731
770778 770821
770863 770909
770913 770942
770978 771084
771130 771213
771258 771331
771390 771780
771857 771957
772001 772221
772225 772385
772453 772692
772734 772967
773019 773151
773162 773311
773391 773604
773647 773648
773660 773683
773714 773810
773824 773924
773928 774079
774082 774148
774208 774358
774416 774435
774438 774637
774640 774709
774760 775245
775300 775445
775451 775719
775816 775818
775828 776389
776476 776617
776666 776763
776770 776826
776863 777025
777061 777162
777178 777196
777201 777253
777257 777342
777393 777514
777517 777633
777636 777675
777678 777775
777781 777880
777915 777975
778020 778146
778149 778254
778310 778580
778613 778802
778835 779168
779279 779282
779296 779529
779539 779602
779648 779702
779705 779857
779972 779973
779984 780153
780178 780349
780428 781160
781229 781318
781357 781741
781831 781982
781991 782061
782075 782433
782523 782586
782643 782706
782709 782792
782822 783091
783097 783332
783340 783635
783681 783682
783712 783759
783904 783970
784066 784538
784584 784755
784810 785053
785057 785172
785175 785328
785331 785508
785588 785758
785807 785855
785913 786160
786209 786397
786458 786643
786694 786863
786950 786968
786971 787154
787209 787231
787234 787453
787456 787734
787796 787797
787800 788013
788088 788502
788533 788641
788692 788944
788994 789289
789292 789449
789562 789740
789778 790005
790063 790108
790114 790261
790264 790362
790442 790610
790613 790652
790771 790834
790878 791107
791115 791284
791291 791398
791444 791495
791498 791636
791751 792212
792282 792594
792638 792652
792658 792941
792944 793057
793125 793175
793223 793304
793309 793362
793489 793658
793740 793774
793777 794186
794267 794461
794529 794726
794767 795175
795178 795275
795282 795337
795409 795732
795791 795846
795907 796090
796168 796312
796315 796478
796522 796596
796602 796707
796766 796959
797006 797008
797080 797147
797168 797297
797393 797396
797405 797454
797473 797566
797625 797923
797982 798051
798066 798088
798092 798124
798128 798268
798274 798330
798378 798490
798520 798575
798697 798698
798760 799112
799174 799317
799372 799465
799469 799738
799799 799986
800004 800055
800121 800466
800469 800539
800589 800646
800677 800953
801120 801198
801275 801584
801678 801873
801922 802298
802370 802656
802705 802740
802753 802870
802875 802968
802971 802993
803001 803185
803388 803479
803553 803567
803600 803721
803736 803765
803788 804073
804131 804133
804146 804395
804398 804442
804482 804548
804553 804611
804615 804673
804774 805022
805060 805248
805251 805387
805395 805630
805684 805761
805774 805840
805854 805938
806009 806011
806021 806087
806090 806127
806179 806379
806464 806535
806546 806737
806783 806852
806855 807019
807026 807103
807149 807619
807704 808002
808008 808048
808099 808552
808652 808748
808770 808784
808787 808847
808900 809005
809008 809236
809274 809471
809485 809676
809682 809806
809862 809916
809925 810086
810234 810434
810585 810643
810697 810900
810930 810983
810986 811212
811237 811457
811511 811603
811691 811771
811814 811886
811889 811946
811983 812142
812173 812306
812383 812842
812909 813074
813112 813280
813283 813345
813397 813519
813555 813651
813738 814051
814114 814131
814149 814206
814209 814227
814230 814268
814491 814493
814503 814597
814627 814978
815048 815292
815347 815771
815808 815977
816067 816302
816333 816414
816515 816702
816747 816917
816920 816977
816990 817049
817106 817258
817319 817695
817755 817856
817888 818150
818186 818421
818471 818655
818772 818773
818784 818886
818901 818970
818973 819072
819082 819199
819220 819268
819289 819291
819338 819465
819565 819705
819708 819739
819787 819866
819895 819999
820002 820003
820051 820134
820137 820219
820264 820440
820507 820510
820513 820661
820720 820722
820735 820770
820807 821020
821077 821401
821460 821530
821538 821873
821928 821991
821995 822110
822113 822215
822227 822323
822405 822617
822627 822670
822679 822855
822860 823091
823151 823253
823315 823638
823682 823877
823976 823978
824036 824196
824251 824331
824334 824391
824466 824734
824791 825007
825046 825347
825411 825687
825744 825816
825819 825983
826018 826021
826025 826188
826191 826239
826244 826309
826373 826544
826547 826626
826686 826748
826752 826973
827027 827089
827093 827370
827412 827441
827444 827468
827491 827542
827668 827867
827916 828024
828027 828095
828173 828355
828359 828842
828909 829125
829255 829257
829266 829327
829413 829642
829745 829747
829751 830009
830071 830391
830463 830507
830510 830553
830569 830988
831029 831293
831345 831405
831413 831552
831623 831841
831850 832136
832179 832295
832298 832723
832802 833096
833101 833177
833250 833252
833264 833515
833588 833737
833788 834006
834023 834333
834442 834485
834488 834731
834787 834816
834819 834820
834829 834849
834852 835028
835098 835126
835207 835387
835534 835636
835641 835807
835867 835887
835890 836041
836121 836387
836517 836546
836575 836729
836794 836796
836804 836990
837098 837100
837110 837279
837358 837360
837373 837525
837548 837550
837557 837913
837962 838096
838228 838230
838243 838451
838558 838560
838577 838635
838641 838742
838753 838814
838928 838930
838944 839321
839388 839553
839588 839835
839881 840126
840203 840205
840358 840553
840556 840721
840751 840977
841074 841319
841367 841582
841644 841688
841691 841848
841927 842429
842433 842435
842447 842638
842674 842825
842835 843135
843148 843217
843243 843350
843353 843508
843553 843555
843558 843773
843813 843855
843943 843945
843948 844207
844259 844313
844354 844452
844523 844623
844741 844743
844757 845020
845061 845369
845435 845858
845867 845876
845882 845885
845900 846021
846026 846138
846181 846408
846472 846758
846764 846818
846860 847149
847232 847418
847421 847536
847573 847803
847862 848074
848096 848121
848131 848217
848253 848384
848394 848533
848589 848591
848598 848846
848856 848940
848969 848971
848981 849018
849021 849052
849073 849085
849140 849505
849582 849660
849700 849877
849946 849979
849983 850019
850023 850202
850205 850311
850398 850477
850481 850720
850790 851313
851380 851636
851679 851692
851700 852175
852226 852591
852628 852765
852891 852924
852927 853348
853351 853700
853718 853882
853946 854167
854281 854283
854382 854502
854509 854700
854754 854838
854845 854996
855002 855130
855192 855205
855215 855261
855324 855434
855505 855546
855550 855900
856037 856241
856293 856734
856798 856867
856870 857071
857075 857135
857214 857318
857394 857685
857705 857706
857736 857758
857766 857813
857816 857915
857959 858325
858384 858430
858433 858435
858442 858645
858723 858725
858736 858814
858862 859020
859066 859067
859077 859107
859124 859196
859212 859352
859406 859407
859414 859460
859470 859566
859569 859629
859635 859717
859720 859781
859789 859855
859866 859899
859902 860016
860083 860085
860100 860450
860517 860682
860685 860732
860883 860885
860920 860975
860978 861439
861473 861601
861604 861831
861930 861970
862020 862187
862194 862388
862396 862464
862542 862543
862587 862937
862986 863221
863295 863439
863480 863841
863854 863864
863872 863914
863988 864049
864082 864202
864250 864486
864516 864582
864586 864656
864695 864850
864858 864974
865008 865010
865021 865119
865215 865265
865313 865740
865905 866100
866161 866297
866300 866503
866550 866590
866594 866783
866836 867061
867064 867081
867093 867326
867359 867500
867503 867528
867531 867613
867631 867707
867750 867882
867924 868160
868227 868455
868526 868658
868662 868721
868781 868807
868810 869036
869098 869166
869175 869542
869607 869668
869686 869781
869992 870025
870104 870332
870375 870578
870652 870801
870843 871058
871061 871202
871284 871521
871568 871701
871754 872041
872096 872370
872561 872592
872595 872676
872710 872845
873007 873049
873092 873191
873201 873277
873329 873718
873773 873800
873804 873980
873983 874124
874187 874365
874429 874495
874526 874619
874624 874764
874834 874953
874959 875073
875165 875493
875543 875845
875907 876237
876281 876398
876454 876650
876717 876913
876938 877120
877123 877209
877219 877415
877479 877523
877537 877706
877711 877754
877757 877798
877863 878040
878045 878226
878280 878509
878539 878676
878851 878909
878917 879003
879057 879139
879222 879245
879274 879276
879306 879574
879670 879828
879941 879962
880047 880211
880237 880309
880435 880475
880527 880541
880544 880743
880769 880920
881097 881345
881452 881614
881706 881801
881956 881958
881975 882064
882070 882488
882599 882601
882612 882937
882995 883145
883191 883436
883482 883572
883575 883620
883696 883847
883854 884390
884463 884614
884621 884623
884652 884790
884793 884847
884934 885144
885315 885317
885324 885372
885375 885426
885438 885582
885629 885707
885712 885713
885727 885916
885919 886199
886260 886353
886398 886636
886644 886802
886837 886943
886947 887032
887099 887178
887321 887365
887368 887520
887583 887692
887811 887877
887883 887961
888007 888333
888395 888558
888605 888668
888723 888871
888909 889055
889121 889245
889342 889964
890014 890335
890424 890513
890526 890876
890941 890976
890980 891157
891268 891344
891403 891620
891627 892053
892093 892229
892296 892385
892442 892609
892675 892815
892913 892938
892966 893143
893185 893285
893362 893574
893610 893641
893644 893822
893884 894201
894209 894226
894258 894289
894298 894368
894428 894510
894601 894658
894661 894801
894815 895006
895009 895209
895262 895352
895444 895642
895645 895673
895676 895725
895779 895927
895973 896093
896135 896195
896251 896481
896493 896592
896595 896636
896642 897011
897086 897251
897255 897333
897397 897513
897516 897583
897587 897588
897598 897627
897771 897999
898034 898132
898135 898196
898199 898340
898348 898459
898462 898829
898883 899046
899095 899215
899354 899356
899359 899620
899784 899786
899791 900078
900101 900310
900348 900497
900591 900738
900804 900833
900837 901053
901056 901182
901238 901241
901250 901350
901356 901480
901539 901580
901590 901660
901775 901776
901788 901965
902004 902188
902243 902424
902472 902558
902621 902792
902806 902992
902995 903029
903080 903329
903332 903505
903583 903824
903868 903993
904003 904058
904064 904090
904093 904131
904171 904400
904469 904837
904893 905059
905071 905150
905219 905530
905545 905953
905995 906364
906418 906689
906749 906785
906802 906941
907003 907062
907111 907881
907921 908129
908209 908359
908459 908616
908814 908816
908823 909124
909172 909216
909307 909412
909500 909579
909704 909706
909720 909840
909843 909961
910075 910410
910416 910490
910565 910768
910808 910907
910910 911108
911156 911211
911247 911297
911307 911366
911463 911465
911475 911493
911496 911711
911741 911797
911812 911912
911959 912109
912170 912389
912398 912455
912490 912504
912507 912538
912555 912603
912672 912820
912845 912903
912908 912943
912946 913047
913131 913133
913140 913309
913312 913342
913345 913468
913521 913581
913639 913891
913902 913981
913984 914223
914328 914358
914404 914607
914670 914922
914980 915106
915114 915428
915468 915496
915504 915546
915568 915629
915632 915727
915802 915969
916032 916106
916219 916496
916566 916821
917008 917010
917013 917138
917200 917202
917206 917505
917511 917582
917622 917694
917903 917906
917919 918116
918149 918438
918527 918653
918656 918697
918797 918879
918913 919081
919084 919188
919277 919314
919419 920167
920220 920376
920382 920383
920397 920513
920570 920750
920757 920760
920773 920933
920981 920982
920990 921186
921189 921333
921339 921367
921450 921615
921699 921701
921711 921895
921959 922001
922107 922180
922184 922314
922318 922475
922487 922758
922801 923079
923141 923282
923389 923389
923398 923754
923820 924245
924298 924416
924419 924493
924534 924656
924688 924965
924968 925073
925166 925168
925172 925331
925337 925551
925600 925808
925850 925900
925905 926459
926532 926620
926667 926676
926683 927052
927096 927263
927357 927441
927502 927640
927692 927820
927885 928170
928173 928268
928381 928383
928395 928826
928864 929029
929077 929556
929583 929642
929669 929768
929833 929895
929898 930319
930403 930662
930761 930910
930913 931094
931175 931427
931433 931509
931568 931690
931737 932199
932263 932584
932638 932795
932800 932883
932966 933050
933100 933294
933328 933565
933627 933913
933981 934173
934189 934251
934256 934383
934392 934491
934494 934539
934597 934737
934821 935164
935230 935256
935272 935725
935730 935828
935832 935940
936023 936121
936130 936338
936390 936533
936609 936654
936660 936709
936751 937095
937098 937101
937108 937224
937297 937361
937379 937485
937490 937573
937618 937745
937791 937944
937948 938032
938035 938147
938231 938495
938580 939006
939012 939111
939188 939291
939378 939380
939390 939516
939528 939656
939659 939694
939823 939825
939835 939888
939896 940007
940010 940150
940162 940386
940431 940650
940710 940875
940881 940887
940968 940970
940982 941091
941125 941206
941215 941253
941259 941364
941468 941470
941481 941557
941609 941844
941883 941885
941940 942423
942506 942833
942898 943183
943195 943507
943580 943824
943854 943873
943876 943988
944030 944050
944053 944095
944128 944282
944286 944327
944400 944496
944499 944643
944647 944782
944792 944893
944897 944983
945046 945146
945198 945200
945217 945424
945508 945817
945927 946188
946277 946414
946417 946518
946594 946868
946940 947209
947251 947305
947310 947381
947480 947592
947668 947857
947906 947951
947954 948251
948320 948444
948519 948608
948694 948996
949068 949149
949187 949442
949451 949518
949584 949718
949781 950013
950095 950217
950222 950569
950656 950968
951038 951109
951174 951234
951242 951485
951493 951530
951533 951567
951719 951818
951850 951976
952099 952101
952111 952242
952264 952383
952401 952546
952638 952901
953058 953370
953379 953482
953511 953577
953660 954211
954218 954324
954327 954758
954837 955025
955037 955102
955170 955418
955491 955794
955940 956010
956071 956215
956273 956511
956519 956528
956572 956759
956846 957051
957095 957225
957266 957631
957729 958066
958087 958140
958228 958289
958292 958337
958349 958420
958457 958563
958619 958823
958832 958905
958972 959328
959435 959437
959485 959761
959866 960080
960159 960272
960300 960378
960415 960600
960665 960877
960937 961037
961107 961132
961160 961391
961437 961646
961703 961866
961894 961896
961900 962116
962295 962446
962461 962575
962596 962618
962687 962753
962756 962913
963015 963102
963105 963281
963314 963326
963369 963677
963683 963723
963726 963751
963899 964018
964086 964197
964259 964415
964593 964621
964670 964775
964782 964929
964982 965152
965186 965393
965399 965487
965526 965616
965671 966285
966369 966555
966613 966784
966791 966879
966920 967041
967046 967236
967251 967281
967331 967455
967548 967551
967661 967743
967775 968027
968030 968302
968334 968409
968444 968679
968757 968833
968836 969053
969106 969243
969249 969382
969449 969676
969685 969742
969745 969831
969917 970298
970338 970386
970392 970690
970757 970945
970952 971483
971534 971744
971747 971980
972053 972092
972127 972197
972239 972285
972289 972359
972362 972465
972475 972633
972683 972685
972771 972827
972832 972880
972972 973080
973085 973268
973371 973385
973394 973504
973508 974060
974189 974305
974308 974432
974437 974498
974509 974607
974610 974750
974888 974890
974893 975035
975044 975046
975053 975142
975254 975256
975259 975364
975367 975471
975526 975737
975742 975793
975916 975970
976077 976147
976212 976290
976298 976374
976377 976457
976466 976628
976702 976826
976831 976886
976945 977079
977142 977517
977564 977741
977746 977808
977887 977934
978047 978050
978066 978088
978091 978200
978203 978318
978326 978493
978572 978755
978798 979044
979066 979130
979175 979230
979289 979409
979501 979872
979937 980297
980461 980635
980754 980756
980765 980819
980827 981062
981135 981153
981167 981429
981476 981743
981791 981894
981908 982008
982018 982072
982097 982122
982143 982155
982190 982251
982257 982406
982464 982660
982741 983048
983116 983230
983282 983704
983762 983887
983931 984098
984160 984210
984213 984283
984286 984329
984406 984445
984488 984583
984671 984854
984860 985091
985187 985416
985475 985710
985795 985797
985806 986093
986144 986338
986341 986412
986463 986619
986719 987238
987270 987276
987287 987469
987537 987658
987672 987693
987728 987774
987874 987944
987969 987979
987983 988195
988199 988241
988318 988435
988439 988513
988572 988603
988618 988797
988835 988986
988993 989040
989077 989184
989234 989236
989269 989466
989524 989606
989722 989723
989736 989842
989899 990088
990097 990299
990416 990418
990429 990572
990632 990839
990902 991071
991137 991308
991368 991631
991704 992077
992134 992439
992450 992453
992492 992630
992643 992755
992760 992762
992775 992836
992927 993064
993177 993267
993274 993311
993445 993518
993582 993702
993772 993773
993799 994022
994081 994192
994197 994343
994388 994406
994412 994453
994497 994794
994836 994933
994936 995010
995069 995233
995243 995290
995294 995437
995514 995581
995629 995661
995677 996202
996212 996287
996293 996341
996457 996458
996524 996555
996558 996593
996697 996778
996828 997100
997117 997396
997445 997768
997858 997995
998046 998193
998229 998231
998271 998540
998593 998730
998786 998926
998929 999049
999117 999376
999421 999524
999567 999999
1000095 1000227
1000305 1000307
1000312 1000542
1000578 1000738
1000797 1001036
1001087 1001217
1001314 1001403
1001406 1001558
1001567 1001844
1001902 1002042
1002049 1002107
1002208 1002504
1002543 1002883
1002942 1003057
1003237 1003514
1003584 1003613
1003619 1003669
1003711 1003713
1003724 1003747
1003771 1003934
1003979 1004011
1004039 1004167
1004209 1004211
1004239 1004363
1004417 1004507
1004589 1004591
1004594 1004618
1004699 1004854
1004864 1004925
1004960 1005011
1005014 1005038
1005045 1005137
1005189 1005355
1005365 1005392
1005413 1005730
1005753 1006098
1006105 1006202
1006205 1006437
1006490 1006625
1006720 1006755
1006767 1007062
1007108 1007394
1007433 1007666
1007706 1007855
1007899 1007951
1007959 1008071
1008131 1008218
1008221 1008346
1008466 1008588
1008655 1008774
1008864 1008866
1008890 1008925
1008931 1009005
1009051 1009170
1009174 1009224
1009229 1009468
1009594 1009661
1009728 1009730
1009775 1009935
1009972 1010111
1010158 1010289
1010298 1010439
1010499 1010501
1010518 1010594
1010680 1010681
1010687 1010866
1010929 1011005
1011045 1011046
1011058 1011154
1011174 1011176
1011191 1011357
1011444 1011446
1011459 1011706
1011709 1011711
1011725 1011769
1011789 1011791
1011807 1011875
1011929 1012186
1012272 1012273
1012283 1012632
1012698 1012836
1012882 1012975
1013012 1013042
1013050 1013091
1013162 1013163
1013173 1013467
1013540 1013695
1013701 1013785
1013865 1014160
1014211 1014285
1014289 1014335
1014393 1014647
1014687 1014767
1014854 1014964
1014969 1015088
1015154 1015206
1015248 1015573
1015653 1016161
1016230 1016326
1016369 1016669
1016719 1016871
1016881 1016895
1016916 1016972
1017045 1017185
1017221 1017456
1017512 1017567
1017570 1017702
1017806 1017814
1017818 1018037
1018170 1018272
1018339 1018458
1018601 1018602
1018616 1018805
1018885 1019085
1019135 1019407
1019636 1019638
1019650 1019709
1019808 1019872
1019877 1019967
1020034 1020255
1020264 1020453
1020457 1020529
1020532 1020581
1020584 1020630
1020634 1020703
1020777 1021038
1021046 1021293
1021366 1021423
1021427 1021467
1021509 1021809
1021863 1021898
1021906 1022166
1022229 1022561
1022604 1022675
1022679 1022867
1022935 1023179
1023250 1023604
1023690 1023773
1023857 1023858
1023875 1023941
1023993 1024077
1024084 1024161
1024196 1024340
1024401 1024649
1024729 1024732
1024737 1025018
1025070 1025181
1025218 1025347
1025410 1025412
1025426 1025540
1025641 1025643
1025650 1025790
1025838 1026010
1026052 1026274
1026317 1026516
1026559 1026665
1026670 1026749
1026799 1026939
1027039 1027042
1027053 1027265
1027330 1027332
1027344 1027512
1027570 1027572
1027584 1027773
1027817 1027948
1027952 1028230
1028243 1028407
1028530 1028864
1028950 1029001
1029078 1029080
1029083 1029120
1029147 1029351
1029396 1029896
1029993 1030330
1030432 1030633
1030698 1030776
1030788 1030878
1030988 1031232
1031257 1031285
1031293 1031311
1031392 1031772
1031775 1031822
1031898 1032067
1032145 1032206
1032332 1032339
1032342 1032351
1032407 1032490
1032540 1032630
1032710 1032885
1033026 1033061
1033187 1033288
1033338 1033536
1033541 1033612
1033683 1034423
1034440 1034551
1034641 1034907
1034964 1035040
1035160 1035284
1035288 1035361
1035385 1035432
1035435 1035775
1035850 1035897
1035900 1035978
1036054 1036139
1036142 1036162
1036172 1036208
1036337 1036663
1036844 1036898
1036910 1037018
1037027 1037236
1037381 1037452
1037494 1037914
1037918 1037993
1038032 1038686
1038694 1038839
1038935 1038937
1038944 1038998
1039001 1039351
1039354 1039436
1039502 1039623
1039685 1039763
1039770 1039871
1039921 1040271
1040318 1040379
1040382 1040447
1040452 1040480
1040483 1040596
1040649 1040765
1040778 1040931
1040950 1041011
1041016 1041049
1041058 1041111
1041268 1041270
1041309 1041601
1041672 1041707
1041713 1041816
1041820 1041865
1041882 1042051
1042155 1042273
1042276 1042490
1042541 1042807
1042847 1043128
1043203 1043337
1043345 1043551
1043607 1043711
1043716 1043812
1043818 1043847
1043850 1043915
1043920 1043979
1044059 1044061
1044064 1044159
1044256 1044303
1044306 1044312
1044355 1044535
1044602 1044634
1044660 1044662
1044677 1044694
1044715 1044769
1044781 1044804
1044811 1044851
1044899 1045021
1045027 1045076
1045161 1045274
1045428 1045637
1045683 1045823
1045857 1046056
1046064 1046132
1046200 1046202
1046214 1046443
1046473 1046628
1046650 1046726
1046763 1046794
1046798 1046809
1046814 1046825
1046841 1047061
1047067 1047094
1047097 1047220
1047225 1047264
1047317 1047394
1047400 1047851
1047937 1048008
1048011 1048098
1048141 1048534
1048537 1048584
1048662 1048728
1048734 1048954
1049004 1049046
1049052 1049084
1049088 1049166
1049243 1049245
1049252 1049333
1049336 1049407
1049418 1049572
1049626 1049761
1049832 1050167
1050224 1050289
1050359 1050795
1050870 1050871
1050881 1050953
1050960 1051158
1051229 1051297
1051331 1051333
1051364 1051398
1051402 1051421
1051424 1051652
1051709 1051755
1051840 1052164
1052225 1052486
1052500 1052841
1052919 1053156
1053168 1053432
1053480 1053530
1053533 1053587
1053666 1053668
1053680 1053829
1053877 1054152
1054155 1054275
1054462 1054463
1054490 1054505
1054509 1054532
1054538 1054696
1054702 1054987
1055044 1055181
1055186 1055287
1055290 1055508
1055587 1055630
1055633 1055696
1055938 1055956
1055998 1056398
1056499 1056973
1057039 1057178
1057234 1057591
1057594 1057652
1057662 1057693
1057711 1057739
1057743 1057797
1057892 1057997
1058021 1058117
1058163 1058207
1058245 1058247
1058250 1058312
1058328 1058401
1058445 1058540
1058546 1058599
1058617 1058733
1058802 1059098
1059156 1059195
1059254 1059309
1059326 1059380
1059389 1059420
1059473 1059544
1059548 1059661
1059712 1059721
1059724 1059965
1060028 1060197
1060261 1060417
1060425 1060499
1060603 1060645
1060651 1060857
1060862 1060940
1061005 1061045
1061060 1061265
1061330 1061578
1061581 1061708
1061729 1061764
1061825 1061943
1062004 1062169
1062223 1062527
1062635 1062636
1062647 1062724
1062774 1062776
1062787 1062900
1062903 1062941
1062944 1063037
1063050 1063106
1063163 1063236
1063262 1063348
1063413 1063569
1063572 1063608
1063656 1063680
1063731 1063951
1064033 1064471
1064500 1064566
1064588 1064678
1064730 1064882
1064969 1064971
1064983 1065047
1065050 1065414
1065537 1065540
1065553 1065735
1065738 1065825
1065898 1065927
1065930 1066002
1066139 1066204
1066243 1066298
1066332 1066498
1066501 1066542
1066607 1066707
1066757 1067022
1067078 1067555
1067604 1067678
1067691 1068003
1068136 1068211
1068251 1068385
1068450 1068494
1068504 1068652
1068709 1069027
1069098 1069247
1069310 1069371
1069439 1069795
1069803 1069911
1069914 1070127
1070167 1070269
1070272 1070361
1070364 1070416
1070592 1070709
1070754 1070896
1070933 1071093
1071147 1071646
1071694 1071738
1071741 1071810
1071852 1072087
1072154 1072647
1072711 1072811
1072858 1072956
1072959 1073146
1073208 1073252
1073260 1073347
1073350 1073379
1073422 1073826
1073885 1074065
1074070 1074076
1074134 1074274
1074360 1074504
1074606 1074828
1074899 1074968
1074987 1075328
1075382 1075646
1075705 1075754
1075818 1075875
1075909 1075979
1076005 1076101
1076226 1076228
1076239 1076383
1076436 1076438
1076446 1076572
1076623 1077002
1077005 1077060
1077065 1077112
1077185 1077187
1077197 1077402
1077452 1077868
1077935 1078058
1078061 1078513
1078622 1078663
1078725 1079051
1079059 1079421
1079492 1079720
1079761 1080004
1080041 1080137
1080245 1080626
1080679 1080836
1080877 1081089
1081092 1081267
1081312 1081636
1081639 1081755
1081810 1081930
1081975 1082033
1082051 1082124
1082129 1082288
1082344 1082507
1082539 1082575
1082594 1082622
1082654 1082663
1082748 1083077
1083143 1083277
1083281 1083510
1083519 1083579
1083585 1083642
1083731 1083733
1083739 1084144
1084213 1084378
1084381 1084411
1084414 1084509
1084587 1084750
1084763 1084849
1084922 1085460
1085577 1085734
1085741 1085847
1085898 1086236
1086326 1086328
1086335 1086503
1086536 1086600
1086603 1086725
1086772 1086773
1086816 1087113
1087125 1087469
1087536 1087690
1087719 1087785
1087796 1087850
1087853 1087895
1087925 1088000
1088003 1088074
1088077 1088144
1088198 1088371
1088472 1088475
1088490 1088693
1088699 1088738
1088743 1088796
1088873 1088875
1088889 1089055
1089097 1089483
1089486 1089608
1089682 1090052
1090117 1090213
1090264 1090319
1090360 1090583
1090660 1090662
1090674 1090947
1090954 1091067
1091142 1091143
1091155 1091246
1091281 1091344
1091404 1091514
1091547 1091953
1092007 1092124
1092181 1092426
1092475 1092541
1092576 1092727
1092774 1092874
1092880 1093080
1093083 1093149
1093223 1093483
1093564 1093793
1093861 1093979
1093982 1094145
1094183 1094327
1094377 1094451
1094456 1094776
1094834 1095080
1095087 1095162
1095169 1095206
1095276 1095420
1095473 1095810
1095897 1096044
1096058 1096091
1096131 1096494
1096581 1096864
1097024 1097026
1097042 1097113
1097143 1097210
1097213 1097293
1097343 1097580
1097654 1097913
1097931 1098000
1098094 1098096
1098110 1098425
1098493 1098837
1098922 1099235
1099238 1099244
1099247 1099274
1099291 1099355
1099473 1099606
1099609 1099684
1099775 1099919
1099981 1100100
1100197 1100229
1100232 1100447
1100500 1100626
1100679 1100838
1100889 1100973
1101078 1101246
1101249 1101288
1101330 1101338
1101341 1101396
1101509 1101784
1101818 1101881
1101939 1102100
1102167 1102218
1102334 1102435
1102439 1102652
1102737 1102994
1102998 1103181
1103189 1103305
1103406 1103454
1103608 1103640
1103800 1103801
1103814 1104328
1104394 1104461
1104465 1104540
1104570 1104624
1104774 1104776
1104781 1104898
1104906 1104994
1104997 1105162
1105195 1105304
1105425 1105427
1105432 1105691
1105730 1106043
1106096 1106145
1106210 1106391
1106394 1106561
1106603 1106898
1106901 1107116
1107123 1107297
1107302 1107532
1107535 1107607
1107669 1107751
1107928 1108150
1108196 1108243
1108257 1108325
1108334 1108367
1108429 1108432
1108443 1108625
1108645 1108932
1109088 1109156
1109224 1109914
1109977 1110161
1110165 1110251
1110299 1110301
1110313 1110376
1110379 1110494
1110559 1110871
1110929 1111012
1111018 1111524
1111575 1111671
1111789 1111857
1111937 1111994
1112048 1112430
1112479 1112704
1112752 1112965
1113039 1113211
1113259 1113476
1113521 1113716
1113719 1113893
1113988 1114606
1114694 1114695
1114702 1114964
1115054 1115359
1115412 1115489
1115511 1115561
1115677 1115678
1115693 1115875
1115885 1115887
1115897 1116028
1116034 1116060
1116065 1116171
1116221 1116354
1116357 1116449
1116498 1116704
1116835 1116959
1116968 1117037
1117041 1117111
1117206 1117353
1117403 1117556
1117559 1117611
1117647 1117773
1117776 1117933
1117984 1118170
1118215 1118240
1118246 1118467
1118537 1118856
1118895 1119001
1119004 1119111
1119232 1119323
1119379 1119381
1119394 1119440
1119443 1119562
1119639 1119833
1119885 1119973
1120082 1120329
1120376 1120437
1120457 1120815
1120870 1120963
1120967 1121039
1121066 1121145
1121204 1121207
1121215 1121344
1121367 1121547
1121674 1121913
1121953 1121955
1121996 1122194
1122304 1122375
1122378 1122615
1122652 1122733
1122736 1122739
1122743 1122774
1122778 1122970
1123042 1123255
1123258 1123338
1123496 1123768
1123853 1124005
1124170 1124249
1124256 1124318
1124397 1124398
1124406 1124595
1124598 1124778
1124789 1124962
1124966 1124999
1125002 1125010
1125147 1125159
1125186 1125240
1125298 1125502
1125505 1125550
1125554 1125602
1125614 1125643
1125737 1125764
1125784 1125939
1126045 1126147
1126150 1126213
1126231 1126370
1126451 1126557
1126560 1126629
1126685 1126687
1126744 1126891
1126926 1127210
1127282 1127645
1127691 1127977
1128010 1128173
1128313 1128436
1128441 1128544
1128585 1128666
1128761 1129141
1129199 1129469
1129536 1129681
1129684 1129841
1129956 1129958
1129969 1130115
1130177 1130310
1130359 1130556
1130630 1130631
1130641 1130715
1130744 1130821
1130844 1130860
1130908 1131019
1131022 1131060
1131066 1131464
1131467 1131586
1131672 1131765
1131819 1131870
1131877 1132169
1132215 1132517
1132606 1132886
1132975 1133047
1133118 1133552
1133555 1133635
1133643 1133687
1133805 1133807
1133814 1133940
1133979 1134323
1134326 1134364
1134409 1134695
1134752 1134845
1134849 1134883
1134890 1135023
1135032 1135108
1135116 1135185
1135204 1135615
1135739 1135819
1135851 1135960
1136039 1136217
1136286 1136604
1136652 1136714
1136717 1136971
1137028 1137123
1137202 1137466
1137535 1137537
1137540 1137981
1138029 1138113
1138178 1138356
1138364 1138412
1138443 1138515
1138581 1138836
1138905 1139010
1139021 1139271
1139318 1139590
1139666 1139667
1139679 1139765
1139775 1139843
1139895 1139897
1139900 1140122
1140216 1140279
1140283 1140356
1140411 1140806
1140861 1140976
1140993 1141032
1141039 1141099
1141163 1141244
1141400 1141473
1141537 1141655
1141754 1141756
1141763 1141889
1141905 1142256
1142299 1142523
1142580 1142585
1142596 1142660
1142663 1142887
1142941 1142988
1143052 1143302
1143313 1143424
1143447 1143739
1143807 1144167
1144229 1144381
1144390 1144441
1144492 1144634
1144684 1144842
1144848 1144910
1145006 1145429
1145498 1145715
1145724 1145797
1145853 1146086
1146142 1146382
1146385 1146435
1146486 1146770
1146862 1146996
1147101 1147177
1147181 1147250
1147293 1147517
1147584 1147791
1147883 1147885
1147898 1147975
1148013 1148134
1148137 1148209
1148212 1148466
1148566 1148681
1148735 1149071
1149080 1149188
1149265 1149380
1149387 1149444
1149518 1149696
1149754 1149813
1149865 1149963
1149982 1150078
1150144 1150244
1150251 1150331
1150347 1150490
1150494 1150596
1150655 1150725
1150748 1150956
1151053 1151055
1151063 1151164
1151169 1151333
1151391 1151598
1151662 1151665
1151676 1151806
1151811 1151907
1151963 1152025
1152054 1152140
1152202 1152205
1152219 1152280
1152292 1152375
1152379 1152495
1152680 1152728
1152778 1152848
1152851 1152945
1152948 1153042
1153045 1153118
1153178 1153192
1153205 1153527
1153583 1153802
1153805 1154018
1154021 1154116
1154159 1154292
1154375 1154522
1154525 1154616
1154671 1154761
1154818 1155189
1155276 1155483
1155486 1155551
1155598 1155813
1155850 1156064
1156100 1156215
1156275 1156309
1156312 1156470
1156551 1156827
1156870 1157102
1157148 1157461
1157517 1157758
1157864 1158007
1158114 1158116
1158125 1158384
1158404 1158516
1158601 1158828
1158884 1158886
1158908 1159024
1159029 1159063
1159066 1159115
1159118 1159149
1159161 1159167
1159204 1159386
1159393 1159545
1159632 1159635
1159643 1159872
1159887 1160151
1160169 1160190
1160213 1160216
1160224 1160370
1160373 1160398
1160401 1160453
1160456 1160493
1160540 1160987
1161060 1161147
1161223 1161225
1161233 1161469
1161472 1161527
1161587 1161791
1161851 1162026
