32 211
233 394
411 412
429 618
628 865
933 1110
1118 1278
1329 1409
1438 1583
1616 1849
1858 2046
2049 2051
2063 2116
2193 2320
2361 2552
2615 2676
2706 2842
2889 2982
3039 3207
3237 3315
3320 3402
3432 3511
3525 3527
3546 3765
3829 3930
3947 4021
4051 4239
4298 4511
4562 4763
4770 4895
4907 4908
4930 5129
5137 5271
5342 5469
5488 5725
5731 5804
5865 6085
6146 6493
6506 6508
6527 6629
6674 7025
7031 7102
7131 7256
7306 7395
7405 7834
7850 7853
7878 8140
8269 8309
8333 8505
8508 8635
8643 8724
8727 8773
8797 8929
8947 9184
9189 9191
9242 9388
9410 9527
9545 9701
9711 9712
9748 9828
9831 9877
9915 10086
10159 10209
10226 10562
10608 10742
10815 11000
11004 11166
11181 11183
11203 11291
11294 11331
11351 11407
11436 11507
11513 11613
11641 11688
11691 11798
11886 11987
11994 12143
12152 12311
12323 12417
12465 12572
12578 12605
12610 12724
12779 12860
12881 12883
12909 13137
13181 13267
13301 13523
13603 13844
13861 13863
13895 14018
14021 14070
14081 14161
14171 14316
14413 14642
14645 14722
14741 14823
14877 15114
15162 15361
15379 15381
15412 15557
15594 15743
15770 15814
15843 16078
16092 16211
16296 16451
16465 16686
16706 16708
16737 16755
16758 17026
17056 17336
17381 17451
17467 17591
17686 17721
17751 17793
17824 17904
17945 18154
18175 18177
18205 18309
18377 18477
18535 18607
18629 18888
18935 19062
19109 19237
19329 19629
19642 19645
19667 19796
19809 20231
20302 20475
20510 20786
20817 20959
21000 21210
21224 21225
21248 21279
21282 21479
21510 21566
21570 21715
21748 21864
21875 21931
21961 21963
21988 22179
22213 22336
22379 22460
22507 22589
22611 22774
22835 22890
22925 23022
23038 23174
23199 23553
23580 23581
23616 23657
23691 23813
23841 24046
24088 24222
24231 24301
24400 24655
24695 24829
24849 24923
24927 25209
25229 25231
25274 25465
25468 25512
25591 25643
25658 25716
25729 25857
25880 25979
25987 26052
26055 26220
26268 26425
26452 26542
26558 26743
26773 26775
26813 26929
26932 27011
27041 27042
27095 27361
27428 27500
27529 27724
27773 27891
27894 28029
28039 28297
28305 28314
28319 28321
28351 28581
28584 28790
28851 28889
28905 29025
29079 29169
29196 29277
29281 29330
29340 29400
29405 29488
29572 29768
29804 29806
29840 29956
29992 30099
30114 30360
30411 30491
30556 30601
30624 31012
31057 31058
31110 31433
31437 31502
31507 31587
31597 31600
31624 31747
31800 31941
32041 32251
32262 32423
32477 32646
32651 32742
32782 33010
33030 33031
33061 33187
33212 33309
33322 33323
33356 33563
33616 33827
33877 33987
34007 34145
34214 34331
34369 34578
34605 34608
34622 34645
34648 34758
34795 34914
34923 35063
35066 35276
35305 35398
35402 35539
35643 35720
35756 35851
35856 35974
35996 35998
36028 36116
36123 36389
36420 36534
36585 36621
36665 36888
36921 37154
37211 37308
37314 37380
37424 37426
37481 37694
37706 37841
37896 38136
38142 38206
38235 38574
38604 38916
38921 38922
38937 39296
39330 39496
39514 39681
39684 39832
39859 39941
39974 40064
40087 40268
40273 40275
40328 40668
40671 40713
40716 40814
40861 41059
41098 41100
41146 41390
41418 41440
41443 41500
41529 41757
41777 41778
41820 42063
42069 42191
42194 42258
42263 42338
42467 42674
42728 43109
43130 43132
43152 43252
43283 43394
43522 43876
43927 44073
44145 44348
44389 44719
44748 44750
44791 44911
44934 45058
45099 45201
45310 45403
45406 45465
45468 45715
45775 46017
46064 46347
46365 46366
46391 46408
46411 46471
46485 46591
46617 46800
46840 47137
47196 47567
47597 47800
47806 47884
47903 47905
47938 47989
47994 48016
48067 48182
48185 48352
48404 48832
48875 49060
49100 49168
49204 49206
49224 49417
49465 49604
49635 49834
49842 49919
49927 50111
50152 50365
50368 50459
50462 50583
50601 50603
50631 50802
50829 51222
51283 51326
51368 51384
51387 51557
51604 51787
51814 51902
51906 51908
51924 52006
52010 52415
52418 52470
52473 52544
52582 52699
52734 52769
52774 53005
53064 53241
53259 53352
53386 53485
53492 53493
53508 53576
53582 53725
53791 53850
53866 53959
53982 54433
54467 54607
54628 54767
54804 54945
54948 55136
55172 55173
55195 55412
55525 55628
55649 55777
55811 55961
55978 56044
56047 56127
56138 56394
56397 56493
56562 56702
56722 56725
56746 56917
56922 57015
57120 57516
57583 57811
57817 57895
57900 57901
57957 58335
58396 58711
58714 58766
58820 58971
59029 59284
59288 59375
