35 129
241 274
277 424
430 566
569 651
725 846
881 952
1052 1123
1134 1248
1251 1336
1339 1419
1450 1452
1492 1766
1825 2013
2044 2236
2320 2458
2489 2661
2673 2823
2859 3020
3027 3028
3051 3343
3421 3465
3475 3587
3622 3672
3678 3749
3752 3777
3780 3808
3815 3872
3881 3883
3905 3997
4000 4039
4046 4227
4284 4366
4403 4591
4670 4800
4826 5004
5048 5050
5102 5352
5359 5462
5467 5549
5560 5715
5783 5984
6036 6412
6445 6446
6490 6578
6591 6671
6712 6955
7044 7164
7167 7202
7205 7316
7370 7522
7573 7677
7680 7833
7862 7863
7882 8119
8170 8372
8375 8410
8427 8643
8724 8865
8868 8980
8984 9050
9109 9140
9213 9415
9432 9435
9462 9587
9598 9622
9625 9766
9845 10167
10211 10315
10336 10476
10525 10564
10584 10663
10696 10933
10942 11020
11050 11051
11081 11136
11139 11223
11229 11256
11270 11404
11487 11572
11592 11713
11716 11798
11873 12145
12168 12202
12222 12391
12394 12552
12586 12588
12627 12680
12689 12885
12928 13181
13240 13468
13534 13578
13581 13712
13729 13934
13945 13946
13968 14190
14268 14547
14610 14886
14937 15223
15244 15246
15276 15700
15786 15960
15970 16043
16046 16097
16141 16269
16322 16629
16659 16661
16701 16904
16938 17138
17165 17398
17443 17629
17707 17945
17948 18028
18054 18056
18093 18316
18354 18538
18571 18729
18797 18990
19022 19196
19244 19438
19469 19608
19617 19618
19636 20059
20114 20188
20199 20374
20424 20621
20662 20892
20930 20932
20953 21186
21238 21413
21475 21602
21605 21647
21669 21806
21838 21981
22043 22169
22231 22526
22544 22546
22587 22686
22716 22957
22960 23199
23238 23362
23417 23443
23446 23502
23506 23581
23631 23689
23695 23795
23858 24082
24105 24106
24129 24334
24400 24576
24580 24734
24737 24942
25031 25235
25287 25421
25435 25616
25682 25740
25758 25760
25786 25817
25821 25992
26016 26209
26276 26328
26359 26522
26543 26638
26665 26852
26919 27054
27071 27308
27342 27343
27384 27618
27621 27726
27738 27827
27862 27962
27967 28103
28164 28244
28252 28293
28351 28495
28499 28540
28546 28665
28668 28711
28714 28741
28773 28776
28817 29000
29102 29207
29235 29378
29451 29502
29506 29606
29627 29704
29745 29964
30015 30063
30107 30299
30311 30312
30359 30497
30500 30502
30513 30632
30655 30747
30750 30836
30842 30960
31037 31071
31074 31175
31191 31267
31330 31416
31423 31494
31536 31747
31800 32014
32037 32038
32075 32257
32305 32385
32388 32477
32521 32716
32729 32763
32780 32836
32869 32871
32885 32978
33067 33310
33354 33552
33628 33710
33718 33806
33809 33896
33935 34122
34158 34289
34301 34406
34421 34422
34452 34823
34863 34945
34982 35140
35202 35371
35419 35608
35612 35839
35895 36090
36121 36123
36149 36177
36180 36234
36277 36346
36349 36416
36453 36683
36733 36969
36999 37134
37163 37312
37376 37539
37542 37596
37618 37620
37652 37891
37958 38144
38169 38404
38442 38555
38558 38808
38863 38989
38994 39146
39165 39167
39189 39362
39390 39551
39613 39843
39854 40014
40070 40203
40213 40342
40392 40560
40563 40742
40774 40776
40810 40923
40948 41098
41178 41654
41679 41891
41934 42120
42151 42152
42170 42242
42262 42431
42486 42658
42715 42795
42838 42993
43012 43013
43041 43368
43434 43500
43504 43599
43646 43849
43904 44192
44227 44342
44345 44435
44448 44481
44486 44551
44573 44576
44607 44708
44762 44777
44788 44903
44942 45023
45032 45123
45136 45220
45271 45432
45436 45491
45594 45761
45764 45911
45924 45926
45949 46216
46243 46470
46498 46500
46525 46817
46835 46836
46873 47076
47107 47220
47250 47321
47349 47435
47479 47642
47645 47767
47815 47901
47904 48064
48083 48085
48112 48129
48134 48252
48255 48313
48345 48612
48643 48790
48823 48926
48985 49153
49158 49417
49440 49441
49467 49519
49552 49658
49666 49719
49749 49918
49994 50193
50233 50287
50290 50425
50439 50560
50566 50682
50742 50944
50953 50956
50974 51078
51081 51157
51199 51408
51497 51846
51908 52180
52202 52203
52237 52441
52458 52606
52687 53111
53137 53154
53162 53321
53361 53536
53549 53668
53696 53697
53730 53941
53993 54163
54223 54567
54639 54729
54732 54771
54776 54856
54868 55008
55028 55030
55050 55179
55247 55469
55515 55691
55694 55758
55826 55940
55946 56244
56311 56401
56408 56554
56566 56567
56592 56886
56944 57008
57011 57173
57228 57437
57507 57620
57647 57857
57886 58128
58148 58151
58170 58287
58363 58435
58446 58552
58561 58627
58695 58852
58890 59036
59088 59194
59197 59284
59324 59540
