57 116
126 253
257 383
461 788
791 1101
1203 1393
1404 1406
1428 1513
1516 1601
1622 1860
1905 1989
1999 2207
2264 2371
2516 2789
2802 2803
2825 3148
3350 3838
3859 3919
3923 4111
4157 4158
4212 4365
4377 4692
4748 4890
4893 4938
4941 5013
5107 5383
5396 5398
5421 5552
5559 5986
6015 6198
6360 6492
6507 6649
6686 6688
6735 6920
6923 7154
7157 7247
7250 7291
7374 7641
7754 8056
8080 8082
8114 8322
8361 8633
8749 8914
8929 9026
9114 9126
9129 9346
9349 9464
9520 9723
9733 9735
9773 10091
10209 10360
10440 10697
10747 11039
11052 11053
11075 11485
11543 12003
12059 12256
12272 12275
12301 12670
12755 13103
13106 13168
13241 13696
13728 13730
13770 13961
13991 14312
14325 14381
14384 14500
14657 14859
14862 14909
14912 14956
14979 15135
15174 15175
15220 15506
15511 15666
15773 15973
16027 16337
16416 16571
16602 16603
16644 16790
16798 16851
16854 17003
17006 17146
17202 17339
17348 17479
17570 17761
17781 17885
17926 18077
18080 18151
18164 18242
18273 18276
18330 18698
18727 18911
18914 19020
19024 19126
19373 19406
19605 19706
19716 19717
19735 20088
20171 20541
20629 20927
20931 21067
21078 21198
21241 21243
21266 21368
21402 21627
21726 22223
22226 22353
22357 22458
22535 22767
22779 22781
22800 22911
22963 23255
23258 23452
23489 23720
23858 24053
24056 24354
24375 24376
24409 24653
24687 24838
24864 24997
25048 25308
25355 25447
25469 25554
25587 25600
25615 25681
25725 25727
25782 25898
25901 26201
26258 26654
26736 26928
26956 27123
27143 27146
27181 27371
27406 27692
27695 28192
28239 28499
28528 28568
28578 28578
28617 28975
29019 29039
29043 29222
29225 29420
29423 29561
29682 30025
30048 30051
30085 30246
30249 30354
30392 30637
30683 31127
31263 31303
31323 31597
31600 31673
31681 31682
31696 31917
31933 32033
32082 32451
32504 32536
32568 32776
32802 33163
33187 33188
33217 33490
33550 33807
33827 33998
34081 34192
34196 34308
34312 34367
34397 34502
34529 34532
34551 34739
34783 34785
34799 34877
34932 35168
35191 35696
35792 36185
36199 36343
36348 36505
36661 36959
36971 37098
37135 37567
37613 37613
37669 37959
37962 38167
38170 38214
38239 38292
38296 38351
38364 38367
38403 38658
38737 38838
38842 39087
39125 39203
39206 39491
39551 39883
39893 39895
39914 40112
40259 40653
40685 40858
40861 40943
40946 41090
41275 41323
41327 41503
41524 41526
41543 41645
41707 41793
41847 42363
42366 42414
42475 42768
42833 43039
43042 43043
43098 43379
43382 43473
43517 43564
43587 43603
43606 43703
43706 43811
43859 43966
43969 44009
44017 44127
44228 44299
44322 44338
44342 44392
44399 44445
44456 44458
44502 44542
44545 44611
44656 44891
44894 44921
44930 45065
45105 45173
45176 45331
45476 45984
46010 46012
46044 46145
46148 46212
46217 46567
46768 46823
46898 47067
47094 47096
47151 47258
47266 47366
47464 47529
47534 47603
47633 47838
47865 48004
48069 48135
48138 48319
48322 48475
48489 48491
48516 48693
48735 48869
48872 48929
49021 49146
49149 49530
49551 49607
49652 49653
49701 49981
50025 50129
50152 50236
50246 50327
50347 50348
50403 50521
50641 50927
51001 51096
51100 51261
51264 51446
51499 51610
51613 51673
51676 51773
51776 51957
51962 52018
52021 52091
52135 52137
52155 52228
52231 52316
52410 52607
52635 52655
52658 52797
52801 52838
52844 52886
52893 52992
53026 53134
53213 53592
53648 54018
54021 54091
54096 54152
54227 54296
54312 54313
54366 54376
54379 54664
54696 54847
54850 55018
55093 55227
55230 55506
55536 55700
55826 55899
55919 55921
55955 56275
56278 56378
56446 56626
56629 56718
56749 56910
56931 56933
56964 57670
57710 57857
57873 58090
58110 58249
58292 58295
58350 58501
58504 58890
58927 59109
59172 59279
59285 59726
