28 268
271 369
430 495
498 660
696 980
1022 1165
1168 1331
1335 1489
1536 1537
1593 1801
1840 2033
2049 2136
2139 2307
2324 2411
2512 2801
2811 2813
2831 3128
3131 3217
3327 3426
3429 3551
3597 3813
3849 4020
4057 4268
4271 4310
4345 4347
4392 4486
4501 4810
4878 5278
5316 5604
5643 5811
5836 5837
5867 6145
6198 6382
6387 6609
6711 6920
6950 7022
7025 7217
7244 7246
7278 7428
7435 7596
7675 7810
7849 8079
8092 8093
8148 8369
8400 8557
8566 8918
8967 9145
9173 9176
9225 9325
9353 9425
9508 9797
9832 10250
10275 10276
10308 10833
10838 10879
10917 11017
11100 11273
11367 11419
11422 11808
11812 11985
12094 12342
12367 12652
12762 13070
13090 13091
13117 13313
13350 13510
13599 13778
13812 14127
14132 14312
14354 14356
14389 14646
14726 14920
14923 14981
15021 15209
15256 15397
15434 15608
15648 15650
15699 15789
15796 15892
15896 15981
16006 16225
16244 16401
16404 16468
16472 16514
16668 17006
17015 17016
17078 17202
17205 17261
17341 17381
17400 17539
17565 17714
17717 17859
17927 18020
18084 18424
18466 18468
18518 18780
18824 19300
19392 19545
19548 19641
19672 19848
19866 20027
20094 20181
20193 20195
20229 20506
20539 20661
20664 20869
20939 21247
21292 21619
21630 21631
21667 22099
22181 22527
22571 22681
22685 22776
22810 22896
22927 23058
23080 23081
23115 23342
23378 23747
23786 23950
23953 24160
24178 24180
24200 24313
24365 24439
24452 24531
24584 25182
25241 25568
25607 25682
25687 25688
25705 25963
25997 26158
26190 26399
26407 26550
26652 26822
26852 27111
27125 27274
27283 27286
27303 27567
27607 27667
27696 28009
28041 28077
28080 28278
28281 28379
28382 28419
28423 28534
28578 28580
28634 28865
28916 29231
29263 29606
29655 29838
29853 29855
29877 30011
30014 30127
30163 30522
30565 30946
30949 31116
31193 31257
31265 31267
31286 31505
31553 31814
31942 32064
32067 32241
32278 32816
32844 32846
32877 33051
33092 33279
33334 33406
33420 33531
33728 34010
34049 34051
34097 34181
34184 34285
34288 34476
34512 34721
34778 35133
35136 35186
35225 35558
35579 35580
35614 35885
35924 35993
35996 36283
36286 36519
36594 36846
36862 36865
36907 37216
37219 37406
37530 37980
37996 38225
38298 38447
38450 38726
38771 39061
39114 39311
39366 39641
39654 39656
39676 39862
39930 40136
40150 40407
40457 40558
40561 40677
40705 40821
40879 41100
41106 41107
41124 41196
41199 41330
41357 41516
41544 41715
41745 42136
42283 42437
42440 42699
42713 42715
42728 42841
42977 43124
43162 43302
43325 43522
43603 43846
43877 44162
44183 44185
44213 44384
44389 44480
44510 44666
44696 44950
44986 45390
45451 45714
45725 45726
45744 45925
46030 46213
46242 46464
46503 46657
46753 47041
47077 47281
47290 47292
47322 47485
47498 47716
47748 47953
47980 48187
48212 48351
48354 48475
48535 48686
48711 48901
48912 48913
48934 49162
49311 49614
49657 50056
50092 50213
50218 50331
50376 50378
50396 50712
50725 50728
50778 51219
51251 51252
51269 51526
51563 51658
51661 52148
52187 52432
52570 52623
52626 52665
52668 52730
52742 52743
52763 53219
53272 53384
53387 53479
53499 53502
53521 53748
53807 53990
54024 54375
54378 54573
54600 54812
54821 54823
54842 55021
55024 55126
55265 55459
55496 55649
55672 56083
56087 56138
56228 56267
56301 56303
56348 56688
56725 56782
56785 56904
56934 57166
57219 57374
57390 57392
57415 57534
57540 57650
57653 57744
57791 57793
57807 58169
58233 58434
58472 58617
58688 58787
58796 58980
