23 180
304 507
510 817
872 1038
1068 1322
1354 1557
1562 1563
1579 1837
1872 2062
2135 2269
2283 2456
2483 2788
2873 3022
3032 3035
3053 3296
3308 3310
3328 3704
3849 3943
3946 4217
4281 4303
4306 4576
4585 4586
4603 4778
4781 4888
4891 5055
5100 5571
5603 5815
5867 6101
6121 6123
6150 6430
6468 6803
6840 6939
6954 7167
7190 7425
7447 7448
7478 7504
7508 7681
7684 7726
7759 7944
7979 8006
8014 8135
8173 8230
8249 8270
8276 8504
8515 8599
8619 8660
8663 8783
8817 8818
8863 9227
9269 9478
9503 9655
9688 9751
9782 9888
9909 10039
10042 10083
10092 10262
10278 10281
10310 10573
10602 10804
10834 10878
10881 11198
11201 11426
11459 11461
11487 11697
11707 11883
11972 12137
12165 12304
12324 12458
12485 12738
12784 12786
12803 13032
13036 13158
13186 13268
13293 13444
13449 13493
13505 13622
13659 13795
13828 13986
13989 14140
14144 14204
14231 14233
14247 14465
14483 14642
14740 15103
15142 15262
15304 15479
15492 15625
15675 15900
15911 15912
15953 16003
16034 16263
16282 16503
16541 16679
16683 16788
16921 17047
17075 17325
17374 17483
17526 17528
17551 17792
17825 18094
18151 18347
18358 18361
18378 18519
18561 18655
18677 19071
19104 19205
19234 19433
19471 19709
19757 19823
19832 19833
19853 20118
20126 20128
20158 20299
20395 20480
20490 20491
20513 20762
20794 20944
20964 21098
21136 21304
21315 21317
21360 21589
21595 21850
21973 22223
22229 22231
22255 22433
22454 22456
22495 22859
22941 23215
23252 23520
23524 23635
23671 23978
24011 24012
24055 24341
24378 24466
24469 24471
24497 24731
24812 25142
25189 25475
25532 25565
25568 25666
25693 25886
25894 25896
25914 25956
25960 26056
26106 26332
26354 26474
26599 26687
26714 26894
26907 26908
26926 27106
27109 27205
27256 27352
27376 27625
27628 27693
27769 27827
27834 28054
28088 28148
28193 28313
28319 28321
28337 28490
28593 28857
28884 28920
28923 29165
29203 29378
29411 29847
29880 29882
29935 30055
30148 30312
30316 30432
30456 30624
30674 30984
31024 31143
31167 31410
31417 31420
31436 31653
31682 31837
31870 32154
32264 32417
32432 32563
32588 32851
32875 32876
32910 33124
33129 33243
33266 33471
33556 33887
33917 34247
34277 34441
34464 34466
34511 34729
34765 34946
35008 35341
35379 35529
35619 35661
35664 35886
35903 35905
35930 36106
36126 36369
36402 36629
36643 36711
36801 37000
37007 37010
37025 37492
37561 37665
37690 38070
38102 38229
38272 38273
38329 38588
38637 39003
39033 39239
39296 39570
39583 39585
39603 39962
40030 40122
40153 40262
40278 40280
40297 40377
40463 40682
40719 41026
41042 41043
41061 41265
41290 41469
41507 41620
41640 41740
41745 41979
42078 42287
42313 42343
42346 42592
42615 42617
42650 42883
42919 43111
43132 43316
43336 43338
43392 43592
43599 43601
43642 43783
43813 44069
44096 44249
44287 44443
44470 44591
44670 44787
44794 45106
45131 45132
45164 45489
45535 45701
45718 45721
45744 45783
45786 45840
45848 45907
45936 46145
46170 46343
46367 46405
46408 46518
46521 46649
46727 47019
47048 47201
47225 47226
47247 47692
47736 47963
47986 48267
48315 48532
48542 48704
48723 48725
48755 48930
48933 49046
49123 49317
49340 49525
49528 49742
49767 50053
50059 50061
50082 50336
50340 50399
50433 50541
50548 50820
50829 50972
51003 51326
51333 51335
51389 51581
51584 51662
51695 51952
51960 52071
52097 52197
52211 52374
52428 52497
52500 52690
52696 52810
52821 52823
52843 52986
52998 53148
53192 53487
53490 53627
53638 53817
53825 53870
53945 54442
54456 54457
54478 54608
54632 54755
54759 54893
54998 55293
55296 55413
55421 55640
55653 55656
55677 55850
55853 55958
55961 56048
56097 56198
56201 56471
56498 56661
56692 56948
56957 57086
57092 57093
57106 57319
57375 57670
57709 58066
58087 58309
58330 58501
58512 58513
58531 58620
58623 58797
58827 59240
59247 59385
59392 59848
