68 185
272 454
492 779
801 825
838 907
936 1073
1111 1251
1290 1450
1453 1515
1603 1738
1766 1937
1964 2073
2168 2234
2237 2274
2346 2466
2550 2702
2739 2902
3006 3246
3318 3521
3552 3640
3686 3795
3896 3932
3998 4077
4104 4278
4303 4423
4456 4481
4490 4557
4583 4685
4705 4868
4884 5109
5185 5200
5229 5361
5374 5561
5622 5633
5660 5777
5816 5949
6019 6164
6215 6304
6343 6457
6461 6656
6725 6795
6799 6892
6928 7122
7142 7320
7400 7498
7511 7513
7559 7658
7677 7743
7767 8111
8131 8456
8538 8590
8649 8663
8666 8941
8976 8995
9030 9280
9357 9361
9364 9464
9497 9728
9762 9896
9904 10048
10054 10124
10208 10311
10323 10526
10557 10640
10643 10681
10711 10864
10973 10975
11057 11161
11259 11350
11387 11459
11508 11606
11694 11696
11700 11760
11764 11828
11855 11967
11971 12049
12105 12150
12248 12334
12447 12668
12744 12747
12770 12872
12903 13011
13014 13121
13178 13304
13328 13353
13357 13477
13565 13612
13709 13850
13908 13910
13913 13955
13973 14013
14027 14140
14163 14224
14277 14362
14444 14514
14572 14600
14603 14630
14633 14685
14689 14722
14725 14742
14745 14780
14888 14891
14896 14966
15038 15046
15049 15124
15137 15375
15461 15741
15913 15915
15918 16038
16057 16323
16345 16468
16490 16643
16678 16824
16847 16919
16941 17126
17239 17319
17383 17476
17546 17842
17852 17947
17950 18323
18328 18551
18554 18590
18642 18814
18925 18951
18954 19010
19108 19159
19281 19305
19466 19473
19476 19612
19715 19741
19744 19826
19965 20055
20071 20164
20194 20283
20292 20366
20369 20436
20451 20555
20657 20744
20780 20895
20918 20995
20999 21067
21086 21246
21343 21388
21415 21525
21546 21644
21678 21783
21809 22074
22080 22160
22203 22281
22310 22491
22507 22595
22609 22762
22773 22892
22901 22986
23044 23180
23186 23292
23326 23429
23469 23523
23598 23695
23909 23911
23921 24100
24110 24171
24192 24493
24509 24632
24702 24761
24764 24861
24959 24994
25013 25064
25067 25144
25160 25327
25333 25435
25457 25520
25632 25648
25651 25758
25784 25948
25951 26132
26217 26337
26392 26472
26608 26705
26731 26859
26953 26965
26968 27029
27140 27176
27180 27331
27351 27470
27502 27623
27649 27991
28041 28222
28342 28374
28398 28508
28511 28567
28665 28724
28777 28931
28961 29066
29128 29204
29221 29403
29420 29530
29553 29703
29759 30018
30091 30167
30185 30385
30389 30530
30564 30709
30721 30924
31031 31032
31082 31198
31218 31331
31361 31505
31515 31606
31635 31705
31743 31756
31773 31923
31959 32021
32024 32260
32310 32423
32426 32562
32565 32630
32731 32887
32928 33039
33078 33195
33217 33220
33265 33298
33301 33385
33406 33435
33450 33513
33563 33625
33628 33761
33798 34307
34330 34394
34416 34610
34650 34687
34690 34817
34911 35055
35078 35137
35140 35266
35297 35789
35804 35885
35944 36101
36115 36234
36265 36447
36524 36624
36684 36808
36957 37138
37185 37186
37204 37220
37240 37296
37324 37471
37524 37748
37773 37902
37939 38024
38057 38215
38264 38361
38382 38500
38556 38613
38625 38674
38683 38785
38793 38819
38887 38982
39109 39180
39210 39413
39440 39646
39710 39809
39813 39961
40006 40195
40203 40307
40322 40517
40601 40863
40893 41007
41034 41340
41460 41618
41637 41845
41864 42022
42038 42341
42369 42618
42641 42777
42796 42895
42923 43131
43154 43281
43284 43411
43431 43499
43509 43592
43607 43644
43653 43691
43695 43823
43841 43996
44018 44204
44254 44355
44385 44428
44432 44582
44601 44687
44711 44811
44874 45017
45043 45138
45235 45237
45242 45278
45288 45301
45304 45367
45388 45419
45425 45525
45578 45762
45771 45806
45810 46013
46045 46060
46067 46229
46232 46275
46279 46476
46479 46768
46828 46923
46929 47017
47130 47169
47174 47330
47374 47547
47567 47583
47614 47808
47864 48010
48049 48213
48238 48344
48366 48449
48529 48709
48803 48805
48809 49009
49024 49132
49146 49191
49209 49503
49506 49616
49620 49701
49739 49856
49863 49957
49973 50102
50249 50437
50476 50568
50587 50661
50675 50717
50773 50994
51019 51183
51238 51327
51330 51421
51431 51579
51603 51655
51659 51711
51729 51797
51812 51823
51845 51988
52025 52062
52065 52147
52191 52324
52366 52608
52657 52808
52837 52913
52916 52976
53077 53137
53253 53514
53555 53942
54004 54136
54224 54369
54385 54533
54536 54636
54651 54795
54853 54867
54930 55035
55122 55220
55258 55434
55478 55598
55611 55908
56003 56225
56258 56569
56585 56683
56687 56838
56881 56984
57021 57077
57189 57369
57451 57612
57646 57822
57856 58113
58195 58219
58222 58360
58385 58492
58533 58685
58703 58940
59012 59015
59019 59148
59164 59298
59302 59359
59430 59517
59524 59879
59907 60265
