19 122
160 244
370 1036
1117 1327
1333 1335
1354 1570
1573 1687
1694 1832
1856 1858
1880 2159
2162 2163
2215 2618
2645 2888
2917 3267
3349 3554
3566 3568
3591 3748
3751 4141
4255 4314
4317 4370
4373 4665
4698 5063
5070 5072
5092 5191
5194 5388
5391 5482
5519 5521
5562 5796
5824 6200
6203 6260
6297 6528
6567 6568
6617 6730
6733 6927
6930 6969
6973 7228
7273 7524
7527 7595
7600 7666
7674 7746
7780 7884
7888 7891
7905 7953
7956 8019
8022 8255
8258 8314
8317 8437
8440 8566
8606 8852
8874 9183
9204 9271
9274 9355
9358 9421
9448 9448
9479 9519
9522 9636
9641 9921
9956 10293
10296 10374
10377 10475
10558 10973
10983 10986
11010 11296
11304 11401
11424 11529
11593 11795
11820 11960
11963 12101
12137 12495
12511 12512
12532 12569
12572 12926
12959 13038
13041 13253
13282 13453
13457 13539
13551 13553
13597 13837
13886 14396
14432 14813
14852 14853
14902 15045
15058 15339
15364 15677
15689 15732
15735 15852
15987 16064
16086 16169
16247 16402
16407 16410
16447 16551
16559 16716
16743 16869
16875 16944
16965 17272
17298 17481
17484 17725
17748 18013
18023 18025
18052 18371
18405 18580
18607 18821
18824 18908
18938 19109
19136 19334
19340 19415
19457 19458
19512 19607
19611 19772
19797 20035
20106 20297
20324 20555
20585 20757
20763 20878
20881 21005
21043 21045
21094 21358
21386 21528
21558 21790
21795 22151
22234 22362
22376 22377
22398 22676
22679 22957
23052 23434
23470 23573
23576 23766
23775 23777
23795 23977
23981 24284
24344 24463
24466 24641
24676 24938
24961 25174
25184 25186
25205 25342
25382 25560
25582 25831
25861 26001
26004 26178
26206 26327
26374 26703
26712 26713
26730 26842
26845 26926
26954 26977
26980 27243
27262 27390
27419 27706
27730 27936
28005 28148
28152 28212
28227 28351
28360 28362
28380 28548
28551 28662
28693 28792
28835 28912
28956 29387
29439 29651
29658 29733
29759 29877
29880 29881
29930 30318
30429 30701
30732 30767
30770 31049
31083 31300
31303 31418
31428 31431
31449 31681
31684 31763
31807 31808
31827 32292
32317 32475
32564 32624
32627 32753
32759 32910
32913 32924
32927 33057
33080 33082
33097 33231
33266 33551
33583 33674
33677 33767
33798 33950
33953 34039
34089 34377
34400 34486
34489 34491
34505 34788
34817 34979
34982 35164
35194 35381
35389 35446
35467 35675
35717 36118
36129 36131
36149 36536
36588 36873
36900 37108
37111 37349
37352 37638
37658 37660
37676 38014
38047 38171
38174 38288
38313 38462
38518 38664
38667 38828
38834 38836
38854 39188
39195 39338
39375 39723
39773 40232
40270 40453
40466 40467
40484 40911
40958 41028
41033 41136
41182 41481
41486 41569
41608 41854
41857 41922
41927 41998
42027 42028
42066 42145
42148 42202
42205 42259
42265 42330
42405 42521
42634 42765
42800 43156
43173 43257
43284 43402
43414 43417
43436 43558
43561 43680
43704 43767
43876 43984
44014 44124
44146 44148
44202 44325
44400 44546
44628 44799
44839 44841
44854 45015
45039 45315
45346 45439
45442 45591
45595 45660
45663 45767
45794 46125
46178 46432
46445 46446
46467 46723
46756 46893
46903 47126
47130 47132
47153 47351
47376 47602
47613 47760
47786 48020
48041 48042
48087 48540
48581 48694
48697 48847
48881 49236
49279 49281
49337 49441
49444 49668
49712 49788
49791 50113
50142 50270
50297 50404
50434 50501
50504 50574
50577 50641
50644 50754
50766 50767
50822 51183
51220 51511
51584 51633
51636 51761
51837 52156
52169 52171
52194 52304
52323 52513
52620 52853
52891 53336
53365 53498
53533 53535
53579 53795
53825 54015
54018 54126
54129 54171
54198 54348
54360 54530
54533 54630
54728 55004
55016 55018
55037 55155
55158 55333
55524 55651
55654 55717
55720 55884
55887 56096
56127 56252
56255 56388
56436 56438
56493 57035
57108 57229
57293 57644
57672 57865
57905 57906
57930 58066
58069 58097
58108 58462
58585 58952
59005 59291
59361 59494
