15 106
113 215
253 408
434 531
534 802
854 880
894 894
1025 1065
1075 1190
1247 1491
1494 1616
1635 1698
1701 1779
1808 2069
2107 2422
2453 2703
2707 2863
2921 3175
3218 3554
3557 3795
3878 4244
4309 4311
4317 4434
4441 4537
4568 4715
4775 4777
4780 5185
5235 5404
5440 5551
5579 5773
5852 5885
5889 6090
6093 6172
6175 6225
6291 6425
6448 6490
6508 6508
6615 6615
6673 6777
6781 6952
6979 7249
7289 7748
7818 7820
7825 8073
8116 8403
8459 8461
8499 8672
8718 8720
8730 8849
8869 9155
9201 9476
9486 9606
9685 9718
9721 9781
9784 9946
9973 10035
10042 10072
10075 10194
10206 10345
10440 10524
10530 10767
10819 11053
11061 11149
11157 11186
11189 11454
11481 11636
11683 11741
11747 11785
11788 11956
11982 12146
12227 12228
12231 12360
12379 12458
12482 12485
12490 12645
12666 12864
12867 12912
12934 13135
13138 13201
13244 13274
13277 13484
13521 13663
13667 13761
13765 13811
13816 13939
14015 14191
14200 14386
14407 14694
14739 14808
14890 14892
14906 15273
15297 15590
15617 15649
15652 15906
15929 16141
16173 16317
16320 16486
16542 16620
16649 16668
16671 16765
16768 16869
16896 17027
17030 17196
17199 17237
17243 17409
17475 17538
17541 17950
17978 18153
18174 18355
18364 18442
18445 18502
18538 18612
18615 18757
18778 18841
18850 19027
19051 19350
19377 19458
19461 19539
19579 19640
19644 20058
20090 20141
20150 20441
20489 20651
20654 20781
20786 20817
20853 21020
21023 21270
21293 21519
21551 21662
21665 21780
21804 21845
21848 21974
21998 22106
22120 22299
22328 22582
22619 22887
22918 22947
22950 23149
23172 23454
23480 23796
23821 24202
24311 24420
24423 24755
24781 24803
24810 25089
25118 25199
25202 25468
25501 25610
25617 25821
25824 25960
26007 26271
26325 26409
26412 26478
26481 26656
26694 26909
26926 27150
27215 27564
27587 27815
27848 28108
28190 28241
28244 28410
28441 28650
28654 28817
28820 28968
29015 29169
29210 29259
29263 29533
29555 29742
29768 29899
29954 30015
30020 30160
30191 30528
30554 30746
30812 31000
31006 31122
31125 31161
31165 31328
31377 31617
31628 31721
31752 31854
31857 32142
32215 32669
32715 32859
32882 32898
32901 33050
33075 33077
33112 33175
33180 33297
33332 33465
33488 33620
33654 33874
33909 34107
34152 34212
34215 34511
34514 34630
34701 34878
34911 35034
35037 35181
35186 35335
35356 35495
35498 35582
35651 35704
35707 35803
35838 35953
35968 36161
36238 36386
36389 36576
36579 36766
36809 37022
37046 37225
37228 37285
37305 37357
37360 37550
37593 37916
37955 38193
38196 38271
38322 38559
38590 38671
38728 38932
39098 39115
39119 39363
39409 39753
39781 39859
39863 40007
40028 40139
40177 40613
40686 40920
40934 41034
41065 41130
41133 41342
41377 41511
41517 41634
41666 41708
41711 41783
41791 41916
41922 41988
41991 42110
42223 42225
42235 42416
42420 42452
42456 42638
42712 42956
42985 43011
43015 43131
43135 43242
43245 43344
43373 43711
43737 43967
43995 44032
44036 44172
44205 44482
44556 44588
44591 44863
44890 45263
45297 45352
45357 45471
45474 45515
45518 45614
45635 46009
46012 46053
46092 46117
46122 46275
46279 46352
46416 46443
46455 46548
46553 46590
46596 46656
46659 46795
46852 47003
47006 47049
47075 47289
47313 47359
47362 47446
47480 47684
47736 47964
47967 48131
48233 48432
48452 48755
48806 48831
48836 49008
49024 49315
49344 49418
49448 49522
49527 49577
49580 49860
49883 50071
50091 50375
50433 50525
50531 50627
50674 50726
50729 50914
50948 51012
51017 51162
51165 51168
51171 51204
51227 51587
51681 52029
52032 52112
52145 52164
52167 52420
52471 52579
52582 52711
52716 52912
52956 53135
53138 53231
53311 53459
53470 53527
53538 53609
53695 53863
53897 54147
54209 54238
54253 54510
54513 54596
54630 54631
54638 54664
54667 54721
54726 54847
54850 55161
55227 55467
55490 55538
55543 55869
55900 55925
55928 56126
56203 56480
56488 56610
56656 56811
56857 57021
57106 57161
57164 57337
57374 57420
57423 57730
57737 57847
57882 57904
57907 58071
58108 58263
58267 58398
58451 58631
58635 58921
58994 58996
58999 59053
59134 59510
59555 59567
59570 59744
59786 59837
59842 60130
