31 152
188 273
338 462
554 688
699 701
716 861
883 1035
1068 1338
1368 1414
1425 1559
1579 1914
1934 2006
2009 2075
2122 2123
2178 2249
2268 2375
2408 2438
2442 2649
2670 2714
2718 2783
2789 2887
2917 2994
2997 3317
3324 3377
3415 3417
3463 3597
3612 3702
3716 3819
3846 4253
4316 4554
4574 4576
4603 4744
4747 4834
4840 5004
5059 5386
5389 5496
5567 5718
5721 5824
5838 5874
5910 5985
6002 6104
6152 6155
6206 6329
6361 6559
6609 6810
6825 6931
6934 7039
7077 7194
7198 7357
7390 7391
7433 7673
7694 7855
7876 7968
7971 8097
8124 8518
8566 8668
8680 8773
8785 8787
8806 9123
9145 9219
9267 9486
9489 9781
9858 10097
10103 10105
10123 10602
10703 10766
10769 11096
11137 11240
11280 11426
11429 11554
11568 11570
11602 11636
11662 11807
11810 11889
11893 12061
12070 12110
12120 12121
12138 12276
12307 12477
12520 12569
12572 12629
12632 12786
12873 12918
12921 13041
13045 13140
13157 13240
13282 13317
13320 13398
13424 13459
13462 13574
13586 13588
13608 13831
13871 14130
14136 14138
14177 14429
14468 14823
14844 14846
14875 15109
15114 15217
15243 15538
15617 15733
15737 15846
15870 15946
15950 16005
16008 16118
16121 16173
16218 16220
16276 16479
16521 16652
16661 16713
16742 16945
16975 17073
17076 17239
17272 17509
17524 17525
17546 17730
17733 17864
17868 17910
17946 18174
18234 18366
18398 18881
18898 18900
18927 19390
19437 19693
19762 20195
20242 20243
20261 20437
20499 20531
20549 20632
20666 20702
20705 20749
20848 21018
21066 21117
21152 21356
21383 21508
21534 21940
21982 21983
22021 22461
22476 22478
22522 22757
22762 22907
22996 23225
23244 23531
23566 24061
24080 24082
24101 24362
24446 24523
24559 24894
24998 25070
25073 25182
25208 25362
25400 25584
25603 25605
25632 25887
25917 25931
25943 26214
26245 26519
26534 26536
26559 26768
26831 26999
27033 27164
27317 27496
27509 27700
27795 27959
27988 27990
28030 28207
28222 28359
28369 28371
28390 28476
28622 28836
28839 29045
29055 29139
29260 29414
29478 29663
29670 29696
29739 29741
29796 30035
30088 30246
30293 30534
30579 30722
30749 30906
30939 30941
30967 31008
31011 31125
31135 31320
31360 31435
31451 31452
31506 31749
31888 32040
32081 32083
32108 32339
32366 32622
32626 32627
32659 32794
32847 32903
32906 33111
33127 33193
33250 33269
33272 33491
33541 33727
33843 33890
33902 34066
34088 34091
34123 34368
34427 34581
34591 34725
34738 34774
34852 34933
34983 35197
35225 35392
35451 35563
35567 35568
35582 35711
35754 35973
35994 35996
36029 36211
36264 36441
36472 36681
36684 36789
36800 36871
36933 36997
37001 37122
37152 37218
37223 37278
37312 37398
37402 37431
37454 37562
37607 37608
37629 38034
38076 38399
38435 38741
38794 38836
38859 39172
39178 39180
39195 39548
39564 39566
39593 40063
40133 40549
40583 40868
40932 41021
41033 41035
41056 41238
41241 41612
41662 41920
41966 42237
42251 42253
42276 42487
42542 42829
42920 42946
42949 43374
43416 43692
43713 43715
43742 43954
43987 44041
44044 44395
44471 44497
44517 44744
44844 44914
44917 45061
45081 45082
45126 45342
45373 45550
45555 45664
45722 45975
45987 45988
46043 46200
46246 46514
46549 46675
46712 46834
46857 47088
47170 47465
47477 47480
47503 47674
47726 47983
47998 48060
48063 48098
48102 48181
48217 48413
48433 48731
48753 48755
48793 48990
49028 49368
49415 49611
49642 49768
49798 50034
50059 50061
50097 50433
50471 50682
50743 50895
50900 50948
50951 51013
51023 51189
51232 51420
51427 51428
51446 51695
51744 51924
51948 52132
52165 52306
52357 52502
52527 52690
52706 52708
52732 53147
53178 53334
53382 53856
53877 53878
53898 54046
54054 54303
54318 54321
54359 54449
54481 54654
54685 54833
54867 55096
55099 55263
55313 55443
55461 55463
55478 55661
55726 56175
56210 56233
56236 56481
56608 56743
56786 56981
56997 56998
57030 57153
57180 57369
57393 57497
57626 57807
57833 58068
58098 58351
58383 58386
58426 58479
58483 58644
58690 58927
58974 59210
59250 59414
59447 59712
59790 59832
