39 185
196 197
233 625
672 879
955 1119
1157 1375
1394 1520
1552 1614
1622 1623
1649 1814
1818 2071
2111 2285
2338 2547
2561 2669
2678 2847
2865 2868
2902 3413
3442 3654
3720 3847
3865 3920
3961 4251
4261 4263
4289 4454
4518 4607
4639 4717
4737 4871
4916 5110
5148 5275
5316 5438
5451 5452
5474 5854
5869 6023
6043 6046
6068 6190
6222 6439
6509 6788
6818 7071
7139 7306
7347 7475
7484 7485
7504 7775
7835 7999
8012 8219
8241 8423
8465 8697
8799 8970
8978 8980
9026 9101
9144 9347
9357 9358
9392 9535
9641 9805
9828 10080
10110 10333
10393 10578
10600 10713
10724 10726
10758 10896
10904 11030
11038 11205
11287 11655
11717 11910
11913 11915
11929 12123
12126 12443
12523 12727
12760 12900
12937 13286
13311 13401
13404 13470
13500 13501
13539 13649
13696 13792
13806 13973
14016 14056
14066 14170
14181 14262
14265 14388
14431 14589
14592 14684
14754 15023
15046 15048
15060 15198
15237 15478
15522 15853
15948 16173
16230 16379
16432 16570
16605 16607
16645 16772
16827 16906
16932 17089
17093 17135
17177 17681
17786 17953
18056 18124
18141 18142
18169 18232
18257 18335
18346 18431
18440 18631
18698 18985
19030 19218
19311 19448
19485 19596
19644 19770
19800 19802
19830 19967
20001 20142
20230 20403
20439 20564
20579 20682
20685 20770
20852 20926
20963 21078
21099 21184
21210 21212
21248 21565
21597 21917
21973 22079
22099 22265
22348 22397
22439 22510
22517 22518
22567 22750
22786 22989
22992 23125
23176 23251
23254 23406
23409 23614
23705 23762
23765 23864
23873 23875
23899 24218
24273 24390
24409 24715
24747 25024
25029 25209
25250 25252
25304 25507
25541 25850
25899 26227
26232 26233
26253 26613
26618 26712
26739 26909
26976 27323
27411 27477
27480 27815
27826 27828
27852 28186
28228 28439
28447 28611
28647 28773
28845 29298
29333 29335
29381 29487
29506 29550
29562 29708
29719 29836
29907 30094
30113 30212
30230 30540
30544 30702
30705 30707
30725 30929
30997 31144
31151 31320
31329 31418
31442 31705
31744 31959
32042 32121
32131 32133
32155 32217
32223 32409
32452 32622
32670 32898
32958 33060
33071 33191
33227 33228
33266 33379
33396 33505
33538 33740
33757 33871
33915 34418
34472 34730
34742 34745
34770 34954
34958 35073
35087 35247
35284 35286
35320 35482
35573 35756
35792 35849
35913 36071
36103 36169
36203 36408
36448 36746
36762 36763
36787 36916
36979 37032
37035 37116
37136 37221
37257 37364
37367 37500
37503 37611
37684 37803
37839 37934
37937 38102
38178 38273
38288 38291
38311 38490
38513 38701
38712 38713
38740 38876
38926 39061
39122 39352
39431 39596
39614 40023
40047 40050
40085 40288
40292 40460
40517 40702
40726 41024
41032 41273
41299 41301
41357 41434
41507 41616
41619 41855
41956 42031
42119 42212
42215 42401
42462 42510
42518 42520
42568 42655
42711 42814
42825 43044
43115 43264
43308 43431
43457 43632
43635 43778
43781 43893
43938 44058
44085 44087
44118 44250
44365 44479
44526 44878
44930 45214
45257 45498
45508 45510
45526 45653
45664 45824
45883 46135
46161 46285
46346 46658
46700 46760
46794 46864
46887 46948
46969 47076
47111 47113
47160 47430
47436 47437
47476 47828
47872 47983
48053 48148
48189 48309
48364 48456
48493 48495
48549 48611
48625 48985
49003 49005
49031 49117
49166 49309
49446 49613
49649 50115
50218 50367
50409 50481
50512 50513
50552 50770
50841 50910
50940 51269
51287 51525
51573 51716
51749 51751
51798 51937
51942 52126
52159 52228
52272 52410
52443 52619
52730 52863
52893 53240
53245 53247
53263 53428
53431 53643
53708 54023
54026 54082
54131 54269
54285 54394
54412 54561
54610 54810
54817 54818
54832 55062
55166 55360
55372 55499
55527 55701
55781 55934
56007 56045
56048 56067
56070 56250
56253 56392
56418 56421
56456 56656
56744 56953
56996 57063
57088 57300
57306 57388
57452 57763
57807 57951
57975 57976
58006 58130
58188 58316
58333 58529
58595 58936
58983 59209
59212 59314
59379 59501
