23 423
467 514
543 703
731 883
940 1160
1352 1400
1466 1641
1659 1661
1718 1837
1875 2015
2078 2183
2203 2307
2350 2539
2556 2659
2706 2707
2760 2906
2974 3051
3055 3303
3350 3352
3388 3773
3875 3965
4034 4121
4151 4513
4516 4604
4689 4717
4720 4767
4770 4823
4869 4871
4925 5077
5094 5161
5169 5242
5324 5396
5416 5675
5679 6066
6168 6320
6329 6331
6347 6430
6493 6719
6766 6768
6799 7329
7453 7782
7851 8191
8215 8216
8249 8401
8404 8551
8756 8824
8901 9023
9064 9265
9268 9353
9427 9550
9605 9702
9747 9750
9777 10108
10136 10369
10376 10494
10537 10652
10704 10728
10731 11006
11018 11106
11150 11151
11181 11259
11362 11484
11566 11692
11695 11822
11835 11837
11857 11980
11989 12082
12132 12336
12419 12659
12702 12861
13009 13086
13126 13336
13381 13382
13434 13530
13537 13672
13675 13984
14081 14202
14207 14359
14383 14386
14416 14667
14708 15018
15055 15250
15253 15532
15748 15951
15974 15975
16005 16144
16147 16357
16388 16522
16526 16603
16717 16803
16835 17054
17114 17258
17286 17288
17328 17512
17515 17591
17633 17761
17797 17842
17845 18033
18039 18208
18238 18378
18431 18518
18543 18617
18620 18666
18679 18681
18703 18872
18931 19154
19218 19312
19433 19492
19538 19765
19768 19939
19942 20067
20085 20086
20115 20436
20439 20612
20628 20800
20862 20911
20916 21179
21208 21383
21428 21431
21487 21682
21794 21929
21935 22007
22012 22243
22314 22408
22480 22634
22678 22852
22863 22863
22879 23108
23181 23334
23413 23522
23525 23613
23717 23815
23823 23888
23937 24168
24177 24287
24331 24333
24390 24626
24704 25002
25030 25157
25271 25394
25423 25599
25608 25671
25709 25711
25761 25822
25832 25857
25864 25973
26075 26167
26207 26343
26434 26528
26532 26553
26560 26596
26602 26649
26654 26762
26919 26967
26995 27055
27113 27273
27312 27313
27372 27650
27749 27791
27794 27864
27958 28067
28387 28458
28464 28650
28684 28687
28748 29002
29137 29185
29264 29675
29733 29829
29937 30115
30142 30143
30186 30388
30469 30828
30831 30928
30956 31018
31039 31327
31368 31532
31547 31648
31695 31697
31751 31979
32038 32138
32195 32374
32433 32652
32731 32787
32807 32859
32862 32935
32981 32983
33007 33207
33272 33467
33550 33709
33728 33745
33748 34034
34083 34085
34120 34288
34383 34503
34506 34611
34680 34751
34777 34938
34941 35057
35070 35071
35132 35160
35163 35340
35343 35449
35526 35804
35807 35861
35924 35957
35960 36010
36080 36219
36280 36352
36361 36597
36641 36643
36697 36848
36963 37194
37284 37326
37336 37398
37401 37564
37646 37687
37692 38071
38117 38118
38139 38774
38832 38854
38857 39164
39186 39340
39406 39479
39496 39634
39653 39656
39693 39722
39725 40045
40053 40053
40108 40188
40211 40315
40401 40563
40713 40835
40847 40916
40974 41113
41281 41355
41393 41456
41478 41481
41521 41792
41839 41931
41934 42002
42067 42109
42113 42445
42512 42738
42743 42848
42915 42985
43020 43021
43064 43138
43176 43289
43500 43608
43613 43732
43758 43970
44018 44020
44040 44268
44292 44316
44319 44393
44427 44539
44689 44736
44739 44789
44887 44979
44982 45130
45212 45368
45397 45398
45436 45723
45759 45810
45823 45995
46062 46306
46374 46798
46807 46808
46829 47180
47240 47311
47314 47461
47464 47541
47700 47963
47999 48134
48181 48183
48237 48459
48573 48749
48798 48971
49039 49046
49049 49124
49127 49285
49289 49566
49580 49582
49606 49881
50089 50264
50289 50391
50464 50635
50698 50788
50831 50832
50888 51216
51300 51594
51644 51749
51779 51989
52039 52204
52248 52251
52305 52388
52476 52567
52676 52749
52755 52893
53008 53327
53377 53496
53539 53541
53590 53801
53966 54091
54127 54526
54574 54758
54790 54955
54984 54986
55021 55396
55452 55515
55589 55783
55850 56001
56068 56207
56210 56307
56331 56332
56370 56699
56917 57082
57129 57361
57441 57614
57617 57674
57722 57723
57778 57999
58061 58298
58336 58338
58363 58833
58872 58927
58930 58975
58995 59014
59050 59079
59162 59461
59469 59584
59617 59703
59706 59901
