25 139
263 314
320 359
368 503
519 706
823 1086
1094 1128
1132 1288
1313 1315
1349 1667
1714 1993
2005 2036
2039 2126
2129 2270
2331 2466
2517 2783
2801 2802
2830 3012
3062 3176
3179 3321
3325 3570
3654 3850
3892 4056
4059 4183
4213 4215
4255 4431
4434 4512
4520 4677
4682 4779
4896 4957
4960 4989
4993 5163
5210 5426
5430 5568
5588 5588
5616 5922
5926 6014
6017 6086
6174 6536
6542 6730
6812 6913
6927 6930
6954 7005
7012 7173
7176 7330
7383 7669
7734 7822
7825 7992
8011 8111
8156 8281
8284 8320
8324 8426
8429 8431
8443 8533
8536 8651
8713 8940
8973 9055
9061 9323
9326 9398
9442 9704
9707 9789
9810 9811
9828 9914
9960 10071
10124 10330
10398 10722
10778 10881
10884 11145
11190 11192
11246 11342
11345 11371
11386 11426
11441 11519
11532 11605
11611 11721
11776 12023
12061 12170
12173 12225
12265 12406
12411 12449
12452 12637
12680 12682
12723 12987
12992 13106
13109 13168
13222 13311
13324 13473
13478 13554
13585 13769
13772 13979
14043 14171
14175 14176
14188 14297
14339 14423
14450 14526
14573 14650
14717 14795
14824 14910
14962 15214
15275 15629
15654 15656
15689 15878
15882 16105
16160 16558
16607 16762
16765 16915
16920 17016
17021 17096
17109 17111
17133 17289
17292 17397
17477 17702
17761 17840
17843 17896
17923 18051
18054 18129
18139 18154
18160 18299
18377 18534
18548 18550
18591 18655
18668 18747
18750 18800
18865 18914
18917 19098
19101 19246
19286 19509
19597 19706
19712 19864
19875 20009
20023 20023
20062 20375
20421 20813
20884 20984
21025 21185
21219 21384
21389 21524
21545 21547
21578 21812
21867 21980
21985 22089
22092 22255
22301 22481
22538 22858
22898 23055
23073 23076
23105 23123
23126 23299
23351 23446
23462 23546
23568 23679
23761 23983
23986 24209
24264 24359
24367 24420
24423 24521
24524 24615
24634 24635
24661 24773
24800 24837
24867 25039
25170 25334
25337 25499
25562 26024
26061 26188
26208 26210
26241 26485
26543 26704
26811 27112
27173 27363
27366 27432
27457 27458
27484 27680
27694 27933
27936 27978
28010 28122
28215 28365
28398 28621
28688 28873
28889 28891
28915 28965
28968 29031
29035 29100
29105 29174
29268 29517
29565 29715
29754 29789
29793 29824
29827 29942
30054 30235
30279 30281
30338 30584
30590 30722
30779 31032
31067 31160
31163 31324
31339 31341
31367 31756
31759 31835
31911 32024
32063 32255
32321 32482
32485 32570
32575 32593
32596 32724
32745 32746
32792 32861
32865 32928
32934 33120
33129 33273
33334 33378
33389 33719
33790 33870
33873 34083
34108 34111
34146 34269
34272 34360
34404 34453
34456 34629
34681 34755
34758 34812
34925 35083
35095 35377
35383 35511
35524 35619
35651 35652
35692 35801
35805 35860
35910 35989
36025 36104
36154 36223
36269 36367
36399 36477
36520 36624
36642 36645
36676 36767
36785 36865
36879 36901
36911 37041
37044 37099
37102 37223
37313 37628
37705 37769
37772 37876
37879 38075
38107 38108
38150 38255
38267 38380
38386 38474
38479 38591
38633 38788
38791 38832
38835 39005
39095 39211
39214 39284
39288 39521
39539 39541
39570 39764
39800 39990
39997 40130
40217 40428
40486 40725
40729 40889
40957 41111
41120 41122
41140 41220
41223 41310
41429 41680
41686 41889
41921 42098
42134 42248
42330 42611
42649 42651
42695 42854
42875 42968
43008 43224
43284 43503
43540 43682
43685 43768
43809 43922
43925 44030
44073 44073
44125 44310
44345 44398
44401 44442
44446 44654
44699 44896
44900 44971
45039 45209
45212 45234
45240 45306
45351 45430
45434 45624
45647 45650
45683 45893
45954 46055
46058 46181
46231 46318
46334 46430
46440 46590
46658 46704
46715 46869
46915 46916
46971 47056
47061 47196
47200 47404
47462 47531
47565 47668
47729 47953
47957 48093
48137 48155
48159 48335
48381 48383
48440 48640
48685 48872
48938 49083
49110 49298
49367 49569
49622 49846
49849 49989
50012 50013
50046 50165
50169 50274
50359 50439
50442 50566
50613 50715
50731 50845
50920 51005
51026 51115
51157 51284
51340 51395
51410 51466
51470 51517
51561 51563
51617 51900
51907 52089
52144 52321
52374 52568
52639 52859
52867 52964
53008 53011
53065 53146
53153 53213
53234 53292
53295 53379
53387 53388
53414 53474
53486 53520
53524 53585
53640 53727
53871 53888
53892 54102
54105 54196
54201 54361
54416 54524
54528 54623
54672 54875
54895 54897
54925 55080
55184 55687
55743 55873
55918 56038
56088 56206
56240 56241
56283 56430
56442 56641
56701 56801
56821 56968
56972 57056
57059 57145
57210 57434
57480 57604
57607 57726
57749 57751
57782 57912
57964 58120
58217 58356
58390 58620
58626 58732
58735 58802
58805 58862
58934 59123
