58 171
289 497
501 615
619 1024
1059 1061
1079 1220
1223 1409
1412 1486
1562 1857
1893 2149
2227 2352
2355 2575
2596 2597
2626 2910
2942 3132
3231 3350
3374 3740
3755 3985
3993 3996
4010 4149
4161 4282
4303 4475
4480 4519
4615 4815
4855 5178
5184 5185
5201 5656
5695 6065
6108 6185
6359 6757
6765 6766
6788 7035
7068 7138
7141 7532
7606 8041
8091 8253
8266 8268
8290 8686
8726 9202
9256 9377
9393 9396
9423 9612
9618 9767
9771 10026
10032 10129
10155 10233
10253 10386
10409 10535
10540 10541
10559 11120
11214 11474
11498 11835
11873 11875
11921 12186
12209 12345
12349 12399
12424 12597
12682 12860
12905 13398
13443 13445
13501 14009
14038 14521
14558 14768
14817 14818
14873 15039
15079 15095
15098 15399
15448 15560
15563 15668
15739 16114
16148 16200
16203 16256
16295 16297
16345 16532
16561 16810
16878 16933
16969 17025
17098 17171
17180 17232
17290 17401
17406 17470
17491 17493
17520 17675
17727 17758
17761 17813
17821 18067
18098 18221
18226 18337
18418 18557
18560 18748
18811 19015
19030 19031
19053 19215
19250 19310
19360 19436
19445 19495
19535 19659
19681 19683
19749 19777
19780 19899
19907 19972
19978 20129
20209 20257
20288 20336
20374 20471
20502 20600
20631 20648
20652 20800
20844 21010
21019 21021
21041 21323
21375 21472
21541 22578
22609 22611
22653 22866
22915 23093
23183 23338
23374 23504
23541 23590
23593 23707
23730 23731
23784 24195
24232 24491
24665 24947
24951 25199
25215 25217
25244 25525
25580 25790
25816 25925
26061 26506
26538 26540
26581 26864
26896 27156
27186 27375
27378 27485
27588 28032
28048 28050
28076 28472
28578 28979
29025 29289
29334 29517
29520 29620
29632 29633
29658 29873
29907 30129
30196 30365
30391 30556
30559 30746
30772 30987
31035 31037
31094 31263
31266 31296
31304 31583
31673 31937
31965 32221
32236 32238
32273 32600
32622 32802
32807 32910
32951 33109
33116 33187
33232 33327
33346 33439
33452 33527
33572 33573
33627 34067
34110 34521
34598 34989
35001 35003
35028 35210
35213 35293
35341 35641
35744 36003
36029 36395
36398 36578
36623 36626
36681 36832
36844 36938
36941 37022
37025 37227
37270 37298
37301 37517
37549 37739
37794 37862
37877 38004
38013 38015
38032 38248
38270 38457
38473 38475
38511 38564
38589 38741
38760 38985
38988 39084
39168 39277
39280 39398
39413 39613
39719 39867
39872 39873
39888 40092
40164 40659
40760 41073
41138 41384
41390 41392
41411 41547
41555 41636
41644 41710
41828 42045
42050 42052
42079 42289
42292 42602
42765 42930
42993 43296
43319 43557
43571 43572
43594 43756
43803 44151
44299 44650
44682 44859
44865 45039
45068 45071
45089 45259
45262 45522
45548 45627
45635 45756
45760 45891
45941 46153
46320 46463
46489 46643
46666 46667
46696 46802
46805 46859
46877 47036
47161 47266
47274 47276
47331 47568
47573 47904
47943 48084
48096 48221
48268 48270
48326 48936
48967 49118
49151 49466
49526 49771
49810 49811
49862 50000
50062 50131
50155 50234
50239 50483
50538 50626
50673 50761
50802 50940
50982 51147
51156 51158
51176 51389
51425 51770
51802 52051
52056 52251
52355 52425
52428 52490
52494 52607
52618 52621
52642 52700
52703 52931
52941 52991
52997 53120
53188 53394
53415 53826
53909 54074
54111 54112
54157 54451
54593 54657
54757 54881
54885 54923
54966 55098
55101 55171
55175 55223
55351 55550
55572 55575
55588 55665
55767 56069
56113 56246
56313 56371
56445 56500
56568 56873
56918 57000
57010 57207
57218 57220
57242 57346
57528 57626
57738 57914
58006 58096
58147 58407
58443 58783
