28 113
155 312
349 659
764 1031
1075 1192
1203 1333
1347 1348
1369 1429
1432 1552
1556 1688
1871 2033
2054 2263
2266 2404
2408 2463
2466 2536
2580 2830
2840 2842
2868 2930
2933 3116
3129 3384
3426 3496
3503 3674
3688 3690
3740 4043
4084 4156
4159 4245
4265 4471
4479 4682
4685 4807
4857 5007
5012 5108
5117 5118
5145 5387
5421 5661
5669 5801
5840 5932
5936 6097
6181 6263
6266 6268
6284 6394
6398 6551
6572 6710
6815 6897
6902 7056
7073 7217
7246 7412
7443 7658
7661 7823
7826 7828
7846 8037
8098 8139
8150 8533
8570 8819
8823 8826
8847 8997
9000 9055
9235 9358
9369 9627
9679 9812
9816 9959
9996 10333
10344 10345
10363 10746
10773 10873
10898 11023
11109 11369
11432 11748
11751 11893
11929 11931
11975 12075
12092 12437
12451 12614
12650 12802
12838 13110
13113 13212
13218 13220
13235 13318
13321 13451
13454 13653
13683 14043
14049 14157
14184 14185
14210 14428
14434 14637
14659 14997
15046 15278
15293 15410
15416 15546
15550 15671
15675 15676
15708 15962
15965 16085
16098 16100
16149 16307
16351 16402
16439 16495
16515 16572
16607 16670
16690 16760
16807 17020
17023 17173
17181 17245
17280 17282
17338 17489
17505 17644
17647 17718
17758 17853
17872 17934
17951 17969
17972 18031
18048 18050
18079 18165
18172 18237
18288 18368
18376 18445
18496 18577
18583 18620
18653 18655
18683 18901
18916 19155
19180 19531
19591 19941
19975 20200
20226 20227
20265 20331
20345 20424
20430 20518
20578 20636
20639 20830
20833 20913
20938 20940
20967 20997
21000 21314
21367 21444
21447 21551
21583 21812
21821 21900
22009 22315
22328 22330
22359 22447
22450 22658
22675 22885
22924 22980
22983 23051
23067 23159
23266 23595
23601 23710
23713 23883
23888 23888
23913 24134
24137 24208
24240 24550
24645 24898
24907 24910
24934 24973
24976 25143
25157 25203
25206 25417
25427 25428
25462 25504
25507 25701
25757 25850
25853 25912
25922 26143
26262 26492
26500 26631
26680 26767
26770 26944
26959 26961
26984 27168
27177 27233
27239 27434
27465 27633
27668 27902
27978 28197
28204 28206
28236 28371
28386 28529
28699 29003
29020 29105
29120 29251
29272 29321
29335 29516
29552 29645
29651 29710
29722 29725
29747 29907
29962 30339
30374 30507
30517 30571
30584 30724
30840 31046
31067 31068
31101 31247
31260 31429
31455 31561
31598 31692
31699 31758
31761 31803
31906 32161
32191 32294
32304 32553
32596 32598
32652 32937
32963 33153
33158 33423
33436 33438
33464 33747
33775 34085
34091 34092
34111 34214
34250 34457
34466 34597
34600 34668
34702 34880
34913 35060
35069 35071
35081 35191
35221 35433
35462 35556
35586 35742
35775 35966
36001 36122
36126 36241
36273 36434
36445 36569
36608 36610
36665 36970
37011 37133
37136 37395
37418 37714
37721 37722
37750 38013
38023 38165
38177 38296
38377 38591
38614 38827
38840 39100
39109 39269
39291 39293
39329 39511
39516 39649
39652 39778
39793 39944
39975 40089
40137 40138
40156 40175
40178 40227
40238 40303
40384 40646
40658 40661
40675 40722
40725 41112
41122 41196
41273 41376
41379 41434
41454 41658
41684 41807
41818 41963
41980 42109
42129 42131
42166 42318
42324 42486
42502 42566
42569 42654
42664 42771
42782 42885
42928 43044
43138 43347
43389 43529
43556 43696
43732 43821
43826 43927
43949 44146
44160 44343
44375 44540
44593 44825
44909 45303
45339 45341
45394 45458
45461 45600
45657 45882
45885 46024
46052 46221
46269 46415
46424 46549
46585 46679
46682 46811
46822 46823
46843 46978
46984 47065
47094 47208
47227 47332
47421 47655
47678 47746
47750 47856
47867 48048
48060 48153
48157 48217
48234 48236
48259 48383
48601 48640
48644 48772
48776 48942
48945 49020
49040 49228
49237 49359
49394 49396
49438 49519
49530 49658
49661 49708
49716 49851
49897 49977
50014 50165
50252 50435
50438 50500
50503 50566
50587 50691
50720 50801
50852 50986
51011 51172
51272 51353
51356 51398
51408 51486
51499 51501
51529 51720
51770 51836
51845 51891
51945 52071
52075 52077
52100 52295
52302 52624
52663 52794
52827 52996
53024 53132
53135 53137
53183 53350
53384 53596
53600 53693
53750 53799
53802 54029
54074 54361
54385 54510
54529 54531
54562 54702
54705 54810
54813 54886
54899 54901
54935 55005
55036 55093
55132 55401
55434 55549
55552 55702
55706 55708
55734 56005
56025 56199
56252 56406
56409 56583
56612 56835
56897 56955
56958 57314
57344 57462
57491 57752
57836 57937
57940 58049
58058 58060
58090 58111
58114 58228
58256 58390
58412 58534
58581 58864
58906 59187
59203 59316
59352 59440
59443 59642
