57 170
173 412
444 680
782 889
897 1030
1151 1243
1247 1309
1312 1381
1420 1422
1450 1605
1614 1810
1920 2058
2082 2083
2140 2229
2236 2292
2298 2401
2441 2443
2460 2523
2613 2815
2901 3011
3073 3210
3306 3633
3737 3945
3970 4073
4120 4122
4173 4269
4272 4340
4344 4505
4511 4676
4777 4875
4999 5227
5230 5290
5335 5337
5377 5608
5653 5909
5964 6118
6186 6218
6221 6389
6554 6746
6784 6786
6841 7136
7139 7253
7330 7640
7707 7762
7765 7925
7940 8104
8140 8141
8186 8380
8383 8430
8461 8463
8495 8703
8758 8817
8846 9014
9017 9037
9040 9172
9175 9229
9233 9272
9349 9467
9530 9654
9709 9846
9895 10027
10040 10041
10081 10303
10308 10419
10423 10474
10532 10626
10730 10843
10920 10990
11001 11037
11049 11075
11080 11132
11208 11494
11537 11538
11589 11870
11967 12128
12225 12399
12499 12607
12642 12645
12686 13020
13066 13067
13080 13103
13149 13321
13452 13562
13565 13657
13660 13965
14034 14185
14267 14356
14400 14402
14452 14809
14816 14922
14971 15177
15211 15320
15362 15524
15625 15768
15809 15941
15960 15962
16016 16198
16212 16414
16432 16433
16454 16740
16772 16775
16831 16972
17040 17310
17428 17608
17631 17847
17897 17898
17952 18358
18389 18458
18589 18808
18836 18838
18867 19075
19078 19217
19263 19265
19307 19595
19657 20047
20160 20216
20219 20245
20261 20337
20442 20665
20741 20790
20837 20838
20864 21170
21211 21462
21532 21801
21836 22007
22024 22276
22285 22287
22304 22440
22443 22576
22579 22716
22765 22930
22933 23188
23242 23413
23462 23463
23491 23592
23689 23769
23772 23954
24013 24250
24319 24430
24444 24501
24510 24606
24687 24799
24818 24961
24982 24985
25016 25193
25234 25363
25366 25462
25521 25614
25773 25879
25882 25978
25996 25997
26034 26126
26217 26451
26507 26733
26807 26921
26924 27112
27163 27552
27581 27583
27633 27827
27834 28100
28103 28223
28317 28493
28507 28730
28766 28936
28985 28987
29026 29236
29248 29414
29459 29461
29487 29663
29711 29910
30004 30223
30302 30434
30457 30596
30663 30716
30751 30753
30797 30875
30889 30942
30946 31082
31175 31379
31486 31637
31667 31668
31710 31905
31933 31935
31983 32199
32278 32482
32494 32577
32600 32601
32632 32843
32846 32963
33112 33476
33479 33619
33651 33795
33806 33808
33889 33920
33927 33981
34110 34298
34301 34388
34398 34400
34440 34734
34739 34855
34954 35108
35156 35317
35369 35670
35722 35723
35779 36101
36104 36319
36385 36567
36581 36664
36686 36811
36928 37112
37171 37256
37295 37297
37323 37526
37529 37735
37738 37917
38046 38222
38265 38622
38664 38666
38721 38947
38950 38995
38999 39290
39309 39311
39334 39490
39584 39939
39942 40069
40129 40484
40523 40525
40570 40912
40943 41025
41054 41203
41290 41308
41312 41361
41367 41470
41473 41604
41650 42008
42050 42051
42086 42278
42282 42309
42363 42761
42797 42926
42980 42982
43015 43290
43303 43305
43328 43501
43504 43717
43828 44333
44395 44810
44841 44842
44855 45097
45228 45447
45546 45855
45911 45958
45965 46389
46435 46437
46457 46603
46609 46694
46773 46955
46998 47056
47059 47116
47119 47149
47158 47296
47369 47599
47647 47860
47863 47964
47983 47985
48011 48296
48311 48313
48363 48529
48579 49100
49236 49412
49429 49554
49601 49858
49884 49886
49900 50222
50318 50665
50717 50900
50923 51066
51069 51135
51160 51162
51192 51289
51294 51376
51381 51396
51399 51438
51442 51551
51629 51772
51775 51991
52083 52392
52403 52405
52433 52715
52787 53034
53147 53552
53565 53566
53587 53621
53627 53709
53712 54007
54029 54195
54242 54288
54298 54390
54393 54443
54571 54899
54931 55136
55170 55172
55215 55356
55427 55583
55624 55840
55888 56066
56126 56203
56233 56527
56534 56536
56576 56741
56794 56923
56926 57047
57050 57105
57112 57201
57249 57449
57513 57593
57622 57856
57861 57986
58031 58033
58087 58345
58406 58503
58506 58617
58656 58922
58989 59221
59272 59527
