26 127
290 458
480 564
573 677
729 864
867 966
971 1055
1072 1214
1296 1457
1469 1471
1490 1561
1569 1706
1745 1769
1773 1878
1881 1898
1906 2100
2126 2307
2381 2610
2638 2811
2851 2977
2985 2986
2998 3201
3227 3338
3341 3453
3470 3680
3703 3839
3844 3939
4039 4231
4269 4459
4496 4497
4541 4665
4668 4793
4796 4901
4927 5097
5183 5197
5200 5374
5398 5467
5473 5515
5523 5606
5625 5837
5852 5855
5892 5992
6013 6171
6176 6278
6312 6489
6555 6618
6641 6711
6722 6813
6844 7189
7203 7353
7383 7385
7434 7677
7681 7751
7755 7833
7891 8051
8054 8252
8289 8438
8449 8450
8464 8658
8687 8805
8831 8908
8917 9080
9216 9371
9390 9547
9560 9709
9763 9977
9988 9990
10011 10199
10277 10369
10400 10630
10642 10733
10741 10972
11062 11172
11177 11259
11287 11322
11350 11468
11479 11481
11496 11618
11626 11708
11728 11885
11968 12193
12218 12390
12402 12499
12541 12755
12758 12857
12889 12891
12944 13219
13254 13454
13472 13628
13652 13730
13772 13803
13806 13875
13902 14024
14059 14365
14406 14407
14461 14662
14697 14777
14796 15049
15094 15213
15284 15536
15575 15855
15900 15902
15955 16085
16088 16169
16192 16327
16364 16482
16608 16752
16783 16999
17021 17184
17263 17372
17385 17386
17404 17563
17567 17718
17721 17838
17910 18027
18034 18258
18373 18559
18581 18685
18689 18759
18801 18923
18938 18940
18964 19069
19073 19151
19164 19318
19411 19532
19574 19812
19854 19970
20000 20127
20277 20478
20483 20485
20498 20654
20657 20902
20915 21105
21180 21345
21376 21524
21552 21636
21726 21959
21967 21968
21989 22117
22135 22330
22503 22661
22686 22843
22913 23039
23063 23223
23265 23314
23328 23459
23462 23463
23477 23611
23615 23782
23808 23937
24035 24288
24323 24413
24416 24466
24488 24628
24742 24836
24844 24846
24864 25135
25206 25333
25386 25423
25441 25517
25544 25733
25756 25924
25934 26096
26099 26227
26256 26258
26286 26439
26443 26584
26608 26709
26731 26842
26927 27097
27133 27298
27301 27402
27444 27446
27499 27776
27782 27891
27894 28033
28090 28121
28143 28239
28250 28388
28425 28541
28553 28588
28594 28648
28659 28798
28850 28913
28934 28954
28968 28970
28995 29206
29251 29534
29636 29700
29718 29945
29974 30039
30045 30207
30240 30400
30447 30448
30502 30644
30671 30799
30808 30832
30835 30968
30978 31079
31086 31198
31286 31413
31442 31478
31511 31647
31652 31773
31781 31904
31916 31918
31939 32051
32054 32166
32216 32352
32462 32629
32632 32714
32774 32833
32853 33112
33144 33256
33318 33439
33484 33486
33541 33638
33672 33946
33963 34046
34049 34142
34189 34224
34227 34442
34472 34692
34736 34738
34792 35151
35210 35325
35368 35436
35440 35612
35698 35835
35868 35904
35907 35925
35931 35974
35980 36143
36168 36170
36205 36341
36441 36653
36700 36867
36921 37083
37282 37396
37414 37661
37673 37675
37693 37898
37988 38075
38079 38200
38231 38447
38452 38532
38535 38612
38659 38723
38742 38807
38847 38909
38929 39106
39143 39143
39191 39547
39593 39748
39781 39888
40046 40348
40383 40492
40527 40679
40684 40687
40699 40839
40924 41055
41087 41228
41231 41312
41336 41505
41589 41620
41657 41764
41772 41925
41947 42071
42081 42082
42097 42256
42261 42442
42545 42725
42746 42951
42988 43165
43201 43286
43300 43413
43447 43448
43462 43576
43579 43652
43764 43951
43989 44114
44117 44161
44167 44310
44357 44511
44551 44634
44685 44781
44787 44857
44863 44965
45010 45013
45069 45233
45269 45393
45396 45413
45420 45465
45490 45566
45569 45712
45761 45868
45886 46010
46117 46222
46266 46373
46386 46387
46408 46488
46492 46593
46625 46827
46924 47110
47129 47227
47231 47382
47415 47546
47648 47783
47792 47793
47808 48068
48110 48272
48300 48460
48475 48628
48779 49030
49075 49318
49324 49361
49372 49375
49394 49482
49570 49856
49886 50049
50147 50210
50225 50311
50333 50429
50432 50489
50499 50605
50650 50805
50823 50979
50988 50990
51010 51068
51079 51146
51173 51427
51534 51717
51790 51882
51886 51994
52032 52319
52422 52506
52515 52516
52545 52678
52708 52933
52959 53056
53075 53077
53091 53325
53411 53720
53860 54034
54037 54224
54227 54331
54375 54376
54392 54546
54594 54937
54964 55206
55247 55334
55342 55423
55426 55542
55588 55590
55644 55797
55831 55975
56080 56165
56193 56422
56458 56630
56686 56859
56892 57015
57028 57030
57055 57210
57336 57431
57458 57707
57780 57954
58001 58300
58393 58553
