31 114
126 259
316 377
381 635
661 981
1081 1141
1145 1369
1380 1382
1407 1628
1631 1844
1943 2064
2119 2341
2344 2457
2519 2816
2825 2827
2846 3004
3019 3214
3220 3221
3247 3313
3337 3459
3559 3992
4023 4109
4112 4192
4302 4519
4575 4660
4664 4778
4813 4815
4858 4924
4930 4999
5051 5140
5149 5217
5330 5402
5408 5680
5715 5935
5957 6072
6146 6286
6301 6302
6324 6542
6639 6756
6781 7017
7046 7172
7217 7288
7293 7353
7357 7397
7516 7579
7582 7639
7642 7712
7733 7736
7763 7985
7988 8133
8225 8758
8857 8933
8964 9217
9244 9245
9282 9397
9400 9436
9439 9494
9518 9520
9551 9657
9710 9774
9777 9879
9882 9930
9935 9975
9978 10118
10207 10345
10367 10552
10648 10703
10729 10870
10889 10890
10915 11200
11231 11281
11288 11373
11386 11459
11575 11626
11678 11819
11848 11850
11885 12013
12016 12151
12180 12265
12270 12349
12392 12393
12411 12617
12686 12759
12763 12854
12857 12893
13005 13100
13106 13434
13492 13654
13695 13697
13744 14017
14105 14275
14278 14390
14455 14634
14642 14841
14886 14888
14929 15033
15037 15147
15150 15331
15334 15440
15584 15829
15873 15960
15974 16211
16254 16256
16308 16738
16755 16922
16969 16971
17025 17105
17108 17168
17171 17450
17494 17496
17508 17632
17635 17721
17776 17983
18061 18136
18139 18215
18221 18299
18326 18345
18348 18447
18478 18579
18583 18702
18768 19003
19014 19016
19037 19151
19161 19330
19333 19394
19499 19682
19695 19775
19778 20390
20422 20423
20473 20525
20529 20591
20597 20648
20696 21001
21106 21347
21350 21471
21530 21669
21691 21936
21944 21946
21962 22023
22136 22211
22246 22371
22431 22628
22631 22670
22746 22861
22897 22958
22969 23119
23163 23165
23221 23308
23311 23635
23655 24090
24153 24350
24361 24463
24472 24473
24493 24619
24631 24764
24827 25247
25315 25354
25411 25575
25605 25729
25774 25776
25832 26117
26126 26305
26429 26519
26580 26906
26973 27109
27112 27184
27188 27282
27302 27305
27336 27443
27577 27863
27868 27961
27964 28274
28277 28341
28373 28443
28547 28858
28866 28867
28887 29091
29094 29151
29264 29330
29360 29478
29481 29604
29687 30088
30109 30288
30328 30330
30377 30619
30681 30755
30769 30885
30992 31297
31347 31588
31603 31870
31897 31898
31947 32108
32251 32264
32269 32371
32412 32978
33052 33203
33214 33309
33355 33357
33413 33530
33559 33680
33726 33810
33813 34337
34362 34470
34599 34689
34708 34710
34749 34987
35026 35181
35187 35246
35359 35441
35449 35534
35612 35673
35676 35776
35804 35935
36029 36078
36090 36092
36118 36399
36406 36497
36557 36699
36742 36743
36800 37357
37442 37522
37541 37609
37623 37755
37819 38261
38281 38283
38314 38368
38416 38501
38547 38550
38565 38650
38754 38797
38803 38917
38936 38959
38963 39188
39205 39437
39472 39773
39792 39868
39954 40085
40101 40102
40128 40247
40251 40361
40364 40504
40613 41082
41168 41217
41220 41291
41294 41512
41515 41579
41593 41627
41630 41632
41645 41719
41756 42000
42046 42048
42087 42248
42291 42507
42585 42743
42795 43026
43029 43126
43200 43280
43304 43306
43337 43701
43736 44019
44077 44298
44364 44521
44556 44649
44652 44686
44715 44717
44753 44854
44857 44962
44997 45146
45195 45463
45501 45575
45578 45642
45769 46149
46167 46168
46196 46538
46587 46851
46949 47124
47187 47270
47273 47500
47536 47661
47705 47707
47758 47893
47925 47987
48025 48201
48262 48325
48333 48495
48503 48578
48652 48939
48942 49035
49038 49101
49146 49148
49203 49430
49433 49509
49522 49592
49632 49745
49771 49868
49871 49934
50016 50067
50072 50164
50182 50183
50211 50383
50386 50613
50616 50743
50758 50891
50950 50988
51019 51107
51176 51496
51503 51551
51554 51657
51674 51855
51908 51928
51931 52050
52070 52121
52124 52197
52200 52259
52341 52429
52461 52735
52738 52910
52914 53020
53023 53134
53152 53217
53261 53263
53317 53508
53511 53649
53750 54184
54260 54420
54424 54494
54497 54547
54593 54595
54650 54849
54857 55020
55029 55192
55265 55421
55516 55588
55591 55717
55720 55947
55970 55971
56003 56213
56317 56597
56604 56606
56623 56751
56871 57004
57015 57199
57262 57334
57351 57644
57678 57791
57837 57838
57894 58206
58216 58285
58310 58461
58544 58633
58638 58808
58858 58908
58912 59057
59060 59424
