49 113
116 275
301 414
462 754
796 880
894 971
987 988
1014 1194
1197 1356
1391 1486
1529 1612
1615 1696
1718 1796
1890 1982
1998 2001
2045 2122
2130 2244
2252 2392
2473 2629
2632 2795
2798 2936
2994 3186
3210 3402
3423 3423
3447 3514
3558 3718
3753 3810
3839 3890
3898 3964
4028 4141
4147 4150
4183 4326
4329 4407
4410 4449
4457 4566
4626 4738
4741 4805
4844 4902
4916 5033
5091 5219
5241 5397
5418 5493
5544 5613
5649 5650
5708 5857
5873 6015
6040 6093
6108 6228
6270 6272
6318 6450
6464 6573
6616 6827
6855 6937
6949 7041
7135 7177
7185 7277
7281 7523
7536 7538
7541 7624
7628 7681
7700 7799
7900 8000
8003 8005
8027 8175
8181 8397
8485 8667
8699 8907
8972 9051
9054 9219
9230 9455
9477 9478
9526 9735
9740 9882
9919 10011
10056 10165
10240 10394
10437 10655
10690 10743
10747 10900
10906 10907
10929 11072
11159 11292
11296 11401
11443 11545
11559 11726
11733 11865
11935 12047
12061 12157
12215 12349
12360 12362
12407 12768
12804 13079
13082 13148
13221 13383
13413 13493
13551 13651
13731 13808
13813 13815
13848 14067
14120 14344
14351 14407
14417 14486
14490 14575
14635 14754
14765 14908
14920 14921
14946 15064
15085 15195
15285 15455
15458 15555
15593 15595
15625 15708
15778 15932
15935 16029
16034 16100
16173 16422
16425 16470
16483 16485
16523 16648
16655 16744
16753 16819
16884 16971
17056 17107
17141 17163
17166 17211
17216 17262
17265 17349
17395 17446
17450 17452
17477 17582
17585 17734
17783 17902
17933 18070
18135 18274
18345 18426
18431 18528
18577 18772
18779 18850
18863 18865
18893 19019
19022 19158
19248 19374
19422 19484
19586 19691
19751 19987
20000 20135
20138 20197
20204 20446
20457 20458
20483 20619
20629 20701
20773 20893
20902 20982
21009 21150
21205 21366
21440 21539
21594 21753
21761 21763
21785 21931
21940 22085
22121 22470
22524 22699
22797 22887
22890 22969
22995 23081
23171 23283
23323 23421
23454 23566
23570 23643
23649 23721
23742 23902
23990 24160
24179 24320
24323 24425
24508 24623
24626 24695
24708 24711
24735 24802
24816 25008
25086 25280
25295 25310
25320 25464
25467 25549
25646 25730
25750 25751
25771 25900
25948 26030
26038 26130
26171 26173
26199 26245
26298 26440
26520 26813
26860 26964
27001 27133
27136 27207
27291 27377
27383 27450
27457 27546
27570 27572
27619 27736
27804 28043
28071 28145
28165 28313
28352 28436
28442 28558
28597 28679
28698 28779
28785 28892
28931 29132
29137 29209
29214 29271
29323 29500
29520 29673
29677 29788
29791 29875
29899 30018
30115 30388
30394 30559
30574 30576
30603 30758
30772 30854
30922 31125
31152 31245
31303 31351
31364 31508
31511 31681
31757 32001
32020 32021
32045 32255
32262 32434
32490 32577
32588 32693
32697 32822
32831 32942
32947 33034
33107 33276
33279 33347
33359 33440
33468 33470
33492 33611
33635 33723
33760 33761
33803 34004
34024 34163
34166 34243
34280 34440
34474 34567
34572 34668
34723 34798
34807 34913
34985 35166
35177 35180
35202 35371
35416 35524
35537 35628
35679 35768
35787 35931
35939 36095
36191 36320
36329 36436
36458 36564
36569 36618
36621 36693
36722 36723
36765 36985
36999 37075
37133 37290
37303 37417
37505 37554
37560 37723
37790 37917
37926 38151
38161 38162
38190 38257
38262 38327
38381 38472
38487 38597
38694 38823
38826 38917
38948 39043
39067 39188
39216 39290
39383 39461
39464 39651
39664 39666
39683 39812
39815 39882
39970 40046
40049 40135
40170 40309
40336 40374
40378 40426
40456 40572
40600 40696
40785 40982
40996 40998
41021 41167
41171 41280
41359 41513
41517 41562
41566 41679
41730 41960
41978 42162
42259 42312
42315 42453
42464 42466
42484 42639
42645 42743
42778 42843
42846 42937
43070 43207
43237 43321
43324 43387
43395 43482
43527 43775
43790 43878
43881 44085
44166 44346
44390 44571
44595 44597
44650 44884
44923 45014
45017 45095
45192 45424
45440 45612
45619 45751
45773 45972
45988 46091
46140 46142
46157 46318
46358 46441
46444 46538
46611 46834
46837 47177
47246 47367
47382 47487
47532 47683
47702 47703
47717 47847
47865 47977
47980 48090
48120 48195
48209 48293
48319 48462
48559 48634
48644 48766
48786 48986
49029 49121
49137 49242
49245 49247
49269 49409
49444 49600
49634 49719
49722 49725
49751 49861
49864 49990
50054 50181
50185 50350
50374 50477
50480 50670
50733 50936
50963 51110
51128 51130
51168 51400
51426 51491
51505 51587
51665 51804
51833 52056
52060 52061
52089 52181
52229 52362
52442 52585
52590 52758
52764 52809
52813 52918
53001 53123
53169 53291
53331 53410
53424 53426
53456 53562
53565 53686
53703 53766
53884 53998
54033 54123
54166 54316
54389 54534
54580 54734
54737 54811
54836 54837
54879 55096
55127 55197
55246 55308
55356 55429
55435 55600
55603 55673
55694 55696
55723 55915
55950 56186
56274 56300
56304 56362
56365 56502
56515 56624
56655 56678
56681 56826
56929 57046
57052 57164
57178 57224
57241 57322
57350 57351
57379 57397
57400 57514
57534 57626
57639 57810
57870 57930
57973 58107
58146 58263
58302 58410
58439 58586
58634 58732
58764 58813
