47 151
177 320
349 519
567 702
728 829
912 1081
1110 1397
1411 1413
1438 1587
1661 1838
1872 2014
2017 2181
2229 2353
2433 2664
2711 2813
2832 2833
2860 3192
3263 3583
3619 3715
3749 3783
3821 3956
4018 4136
4161 4278
4331 4333
4389 4454
4480 4621
4676 4855
4944 5056
5063 5118
5139 5228
5321 5392
5403 5505
5540 5639
5736 5886
5896 5897
5918 6074
6129 6350
6425 6558
6597 6829
6857 6987
7030 7185
7289 7446
7461 7463
7488 7649
7683 7834
7866 7993
8053 8350
8410 8594
8633 8870
8898 9045
9081 9083
9130 9264
9298 9383
9425 9619
9647 9799
9905 10034
10061 10177
10203 10371
10417 10517
10528 10530
10555 10769
10802 11001
11093 11346
11394 11495
11500 11514
11517 11580
11618 11882
11930 12042
12064 12066
12094 12264
12289 12348
12374 12492
12524 12680
12768 12859
12862 12941
13006 13082
13093 13166
13269 13347
13356 13436
13480 13562
13574 13576
13594 13753
13756 13839
13877 14008
14016 14112
14216 14436
14461 14602
14658 14842
14890 15084
15096 15097
15119 15313
15363 15521
15634 15745
15764 15847
15851 16092
16134 16254
16257 16346
16364 16366
16389 16723
16803 16892
16927 17084
17141 17329
17358 17457
17463 17466
17496 17609
17645 17794
17826 18077
18192 18265
18269 18346
18360 18361
18382 18566
18594 18790
18817 18936
18963 19050
19162 19267
19289 19617
19663 19795
19799 19801
19819 20038
20089 20271
20305 20361
20411 20622
20676 20805
20858 20938
20963 21088
21112 21154
21164 21213
21251 21342
21353 21355
21376 21518
21544 21616
21759 22019
22049 22168
22190 22357
22402 22560
22593 22832
22835 22900
22925 22926
22962 23228
23265 23553
23618 23762
23802 24087
24120 24138
24141 24191
24222 24427
24474 24476
24534 24606
24654 24909
24958 25236
25282 25448
25481 25627
25729 25835
25844 25846
25866 26050
26124 26348
26390 26518
26560 26690
26762 26811
26814 26996
27032 27306
27326 27327
27357 27618
27695 27870
27906 28144
28185 28389
28433 28626
28702 28889
28899 28901
28927 29194
29235 29317
29320 29460
29538 29744
29787 29890
29907 30019
30128 30250
30270 30271
30299 30318
30321 30505
30529 30645
30670 30872
30947 31172
31207 31314
31348 31436
31462 31578
31648 31746
31758 31760
31781 31898
31927 32049
32089 32286
32309 32423
32511 32679
32697 32698
32716 32937
33014 33107
33156 33250
33278 33494
33543 33724
33757 33927
34019 34116
34166 34274
34300 34303
34339 34533
34582 34681
34726 34900
34925 34927
34948 35072
35191 35322
35365 35534
35564 35685
35820 36011
36041 36122
36160 36431
36443 36445
36480 36671
36716 36876
36974 37136
37198 37306
37316 37446
37532 37670
37690 37803
37848 37978
37995 37996
38025 38148
38167 38249
38291 38565
38593 38714
38806 39021
39055 39221
39268 39464
39478 39480
39502 39637
39670 39837
39942 40080
40110 40165
40168 40426
40450 40567
40631 40851
40862 40863
40884 41082
41148 41388
41431 41444
41450 41632
41635 41790
41828 41927
41960 42123
42174 42228
42231 42390
42394 42396
42414 42598
42653 42822
42857 42990
43023 43170
43273 43510
43538 43731
43771 43857
43871 43872
43901 44025
44047 44210
44303 44405
44427 44501
44571 44745
44796 44970
45003 45100
45103 45196
45269 45387
45394 45396
45453 45623
45652 45733
45829 45949
45957 46065
46163 46319
46347 46474
46524 46738
46778 46931
46954 46956
46990 47008
47011 47171
47237 47334
47366 47479
47509 47674
47747 47999
48041 48212
48215 48331
48358 48358
48394 48570
48604 48774
48856 49034
49071 49143
49172 49375
49425 49553
49578 49726
49755 49758
49783 49942
50005 50111
50141 50214
50243 50357
50430 50596
50631 50786
50881 51074
51085 51087
51105 51388
51450 51627
51661 51822
51856 52046
52100 52315
52341 52450
52476 52478
52532 52689
52742 53025
53075 53271
53350 53531
53568 53687
53738 53841
53848 53850
53861 54167
54195 54269
54295 54483
54535 54604
54644 54924
54962 55125
55174 55460
55510 55511
55565 55739
55768 55880
55883 56009
56072 56180
56233 56414
56458 56584
56629 56807
56838 57018
57041 57043
57072 57232
57286 57573
57626 57715
57800 57970
58009 58162
58165 58450
