24 308
364 563
566 610
613 751
754 770
773 1035
1082 1083
1139 1691
1730 1976
2021 2023
2076 2352
2355 2499
2511 2832
2873 3173
3194 3196
3224 3353
3358 3760
3829 4062
4068 4145
4148 4234
4239 4543
4553 4555
4574 5007
5018 5261
5288 5290
5324 5431
5434 5607
5610 5719
5770 6020
6064 6177
6180 6315
6324 6445
6448 6563
6596 6852
6877 6878
6911 7307
7341 7343
7369 7433
7438 7616
7689 8299
8352 8538
8564 8765
8770 8771
8801 8976
8980 9224
9238 9240
9266 9612
9616 9731
9761 9844
9847 10012
10015 10098
10142 10215
10238 10493
10515 10516
10547 10600
10603 10684
10687 10900
10954 11195
11270 11867
11870 12146
12163 12166
12191 12331
12381 12432
12437 12535
12541 12637
12640 12721
12729 13082
13102 13710
13746 13747
13804 14037
14040 14577
14694 14877
14880 14976
14979 15170
15186 15187
15211 15407
15418 15611
15617 15830
15873 15876
15930 16224
16243 16406
16410 16826
16877 17063
17078 17078
17101 17617
17694 18066
18069 18297
18300 18487
18490 18600
18611 18613
18635 19118
19138 19267
19270 19494
19508 19511
19535 19929
19973 20004
20014 20054
20057 20236
20239 20441
20446 20671
20692 20693
20723 21273
21312 21433
21436 21564
21578 21580
21597 21878
21927 22376
22380 22649
22652 22724
22764 22766
22815 22841
22844 23034
23037 23316
23380 23653
23656 24009
24012 24013
24027 24392
24400 24601
24648 24650
24704 25531
25546 25747
25770 25996
25999 26237
26255 26256
26287 26650
26710 26953
26956 27199
27260 27380
27383 27508
27513 27516
27531 27709
27712 27999
28057 28412
28441 29098
29123 29125
29158 29387
29431 29456
29459 29512
29515 29559
29562 29629
29632 29791
29794 29893
29896 30109
30113 30171
30174 30321
30346 30347
30368 30619
30622 30732
30736 30810
30813 30867
30870 31003
31045 31047
31101 31385
31423 31592
31610 31788
31849 32165
32185 32187
32222 32324
32328 32570
32577 32710
32761 32932
32935 33278
33282 33486
33504 33506
33529 34091
34182 34519
34522 34728
34733 34825
34851 34852
34891 35032
35035 35167
35170 35501
35552 35976
36028 36218
36235 36237
36265 36619
36658 37446
37471 37473
37510 37596
37599 38179
38188 38445
38454 38691
38715 38717
38755 38856
38863 39338
39379 39568
39661 40022
40029 40384
40413 40415
40450 40520
40529 40644
40676 40959
40963 41357
41391 41805
41824 41826
41853 42288
42295 42380
42383 42505
42508 42572
42620 43015
43053 43245
43269 43271
43307 43704
43714 43715
43768 43901
43908 44090
44137 44396
44400 44437
44440 44608
44623 44625
44661 44856
44859 45288
45291 45336
45341 45655
45712 45947
45951 46038
46041 46108
46112 46226
46236 46237
46257 46731
46852 47059
47062 47342
47389 47673
47692 47693
47721 47843
47846 47996
48000 48339
48400 48499
48503 48749
48792 48885
48888 49008
49020 49250
49277 49280
49300 49760
49773 50136
50139 50363
50384 50386
50415 50800
50803 50925
50928 50972
51009 51257
51260 51366
51396 51619
51636 51637
51666 52097
52194 52564
52575 52828
52836 53059
53074 53076
53101 53692
53714 53716
53746 53778
53789 54230
54245 54769
54814 54815
54837 55123
55126 55293
55341 55628
55631 55879
55882 56079
56082 56386
56409 56411
56441 57000
57108 57299
57302 57578
57581 57754
57770 57771
57797 58181
58243 58428
58433 58672
58675 59194
