26 83
192 342
346 518
561 638
670 807
894 1102
1109 1266
1271 1512
1533 1535
1565 1691
1710 1838
1841 1963
1975 2244
2310 2456
2473 2720
2723 2806
2809 3057
3079 3080
3104 3162
3168 3408
3422 3636
3696 3784
3817 3844
3847 4048
4054 4115
4166 4314
4342 4496
4516 4517
4544 4696
4711 4832
4839 4893
4986 5374
5385 5418
5421 5553
5556 5598
5646 5874
5888 6092
6113 6115
6143 6196
6212 6375
6378 6408
6417 6483
6486 6644
6685 6871
6897 7047
7154 7270
7273 7406
7422 7423
7448 7916
7955 8075
8146 8226
8237 8366
8403 8601
8620 8919
8929 8931
8950 8968
8971 9052
9059 9111
9123 9196
9236 9238
9268 9570
9579 9689
9692 9834
9873 10304
10325 10326
10358 10412
10421 10502
10507 10686
10696 10914
11002 11195
11208 11325
11329 11407
11410 11661
11680 11682
11707 11908
11913 11985
11988 12095
12127 12259
12293 12384
12391 12529
12532 12781
12862 13064
13074 13213
13223 13225
13244 13261
13264 13438
13449 13606
13609 13691
13783 13935
13943 14166
14200 14346
14362 14499
14530 14531
14569 15025
15094 15237
15243 15354
15393 15624
15627 15741
15826 15936
15939 16153
16165 16167
16188 16384
16451 16632
16636 16752
16770 16844
16903 16925
16928 17272
17289 17436
17481 17482
17503 17719
17722 17837
17907 18033
18036 18312
18344 18571
18631 18749
18752 18856
18876 18995
19005 19007
19028 19147
19150 19222
19225 19346
19359 19622
19684 19821
19828 20013
20028 20030
20052 20376
20381 20494
20512 20688
20751 20888
20891 20927
20930 20993
21007 21157
21188 21190
21228 21411
21427 21444
21448 21752
21777 21945
21949 22127
22171 22419
22424 22614
22657 22658
22708 22837
22848 23093
23128 23446
23504 23685
23758 24004
24022 24274
24280 24282
24298 24431
24461 24623
24626 24769
24823 25053
25057 25122
25125 25241
25245 25358
25437 25578
25588 25774
25782 25785
25804 26011
26031 26249
26300 26423
26430 26722
26774 26935
26938 26953
26959 27080
27093 27095
27119 27224
27232 27436
27471 27652
27655 27870
27913 28083
28087 28229
28263 28307
28311 28339
28346 28453
28458 28632
28666 28667
28686 28778
28781 28912
28983 29281
29300 29376
29379 29428
29432 29596
29678 29857
29881 29993
29998 30001
30016 30141
30155 30263
30279 30377
30380 30458
30528 30833
30868 31081
31120 31388
31402 31587
31603 31605
31628 31722
31731 31913
31926 32071
32089 32252
32277 32278
32319 32467
32476 32568
32580 32717
32784 33325
33363 33497
33512 33692
33716 33718
33749 33849
33864 34153
34184 34316
34324 34411
34451 34722
34729 34823
34826 35058
35082 35083
35116 35353
35364 35550
35647 35954
35964 36301
36334 36428
36431 36565
36568 36651
36677 36680
36715 36854
36860 36989
36997 37097
37146 37385
37392 37482
37499 37671
37674 37902
37922 37923
37953 38108
38123 38139
38143 38324
38340 38438
38441 38515
38594 38736
38741 38951
38993 39186
39206 39325
39336 39338
39358 39433
39436 39529
39550 39613
39642 40203
40241 40496
40504 40701
40712 40802
40815 40817
40843 40995
40998 41133
41140 41337
41410 41494
41501 41674
41691 41778
41853 42126
42140 42291
42311 42313
42341 42423
42429 42566
42569 42664
42717 43024
43054 43379
43409 43655
43672 43673
43698 44373
44422 44666
44672 44749
44758 44908
44965 45231
45240 45242
45259 45400
45404 45539
45542 45640
45699 45974
45977 46103
46108 46236
46245 46379
46455 46552
46555 46755
46758 46778
46781 46926
46938 46940
46960 47081
47119 47215
47224 47494
47540 47846
47915 48179
48182 48344
48401 48471
48479 48480
48496 48628
48640 48853
48860 49013
49074 49188
49191 49371
49374 49455
49542 49635
49650 49773
49787 49788
49811 49978
49985 50192
50200 50465
50468 50552
50555 50630
50664 50853
50859 51039
51044 51224
51236 51344
51374 51376
51416 51631
51646 51844
51893 51966
51972 52059
52071 52134
52137 52267
52282 52527
52571 52647
52650 52836
52854 52856
52882 53084
53115 53345
53349 53438
53486 53648
53651 53808
53871 53991
53994 54134
54151 54314
54344 54346
54390 54652
54688 54890
54906 54995
55005 55196
55201 55326
55379 55425
55428 55600
55603 55751
55767 55768
55793 55974
55983 56105
56146 56288
56291 56332
56335 56415
56523 56734
56744 56883
56906 57104
57114 57117
57135 57251
57277 57369
57479 58118
58183 58429
58465 58600
58636 58637
58681 58859
58876 59069
59097 59147
59161 59497
59580 59812
59850 59904
