46 208
211 284
299 628
638 640
658 1011
1037 1343
1388 1443
1446 1668
1672 1707
1738 1895
1914 1916
1950 2097
2125 2180
2183 2245
2269 2405
2438 2822
2948 3202
3222 3223
3275 3588
3645 3888
3896 4294
4329 4525
4582 4755
4767 4770
4788 4882
4915 5092
5095 5120
5123 5248
5287 5378
5401 5515
5536 5538
5593 5842
5869 6007
6093 6197
6201 6286
6314 6591
6627 6659
6662 6711
6763 6856
6861 6929
6971 6972
7021 7538
7570 7811
7854 7876
7879 8188
8292 8394
8399 8560
8575 8577
8601 8945
8948 9034
9118 9465
9493 9632
9656 9735
9745 9885
9944 10010
10030 10031
10058 10282
10360 10545
10551 10693
10696 10817
10844 10895
10902 11062
11108 11457
11466 11589
11596 11598
11616 11879
11889 12035
12142 12272
12303 12376
12379 12464
12471 12598
12626 13021
13033 13036
13054 13222
13255 13647
13650 13731
13814 13995
14008 14010
14046 14240
14245 14310
14338 14363
14379 14604
14696 14771
14774 14929
14977 15032
15035 15386
15394 15395
15413 15683
15690 15791
15879 15957
15970 16102
16131 16323
16346 16382
16387 16452
16456 16645
16677 16977
17023 17025
17079 17195
17212 17387
17414 17531
17534 17770
17845 17918
17921 18005
18011 18137
18171 18353
18356 18530
18545 18546
18567 18798
18826 18975
19046 19120
19123 19338
19361 19395
19398 19514
19660 19732
19735 19820
19826 19828
19843 20080
20086 20189
20218 20460
20485 20759
20846 20985
20988 21233
21262 21412
21423 21425
21445 21863
21900 21901
21923 22136
22142 22215
22218 22366
22407 22560
22563 22764
22829 23182
23221 23391
23415 23482
23515 23516
23560 23726
23749 23937
23966 24059
24062 24147
24150 24204
24337 24679
24684 24801
24849 24972
24983 25055
25074 25076
25107 25311
25346 25484
25517 25700
25721 25745
25755 25912
25971 26121
26124 26240
26274 26362
26399 26567
26608 26611
26664 26988
27017 27084
27103 27265
27290 27321
27324 27506
27555 27583
27587 27836
27865 27947
27957 27958
27975 28222
28262 28343
28346 28426
28455 28639
28668 28725
28728 29012
29097 29166
29170 29337
29346 29347
29363 29727
29765 29998
30002 30090
30118 30476
30510 30720
30723 30880
30925 30927
30982 31109
31120 31262
31302 31540
31544 31568
31576 31675
31704 31752
31756 31834
31905 31988
31991 32051
32127 32193
32200 32476
32522 32525
32580 32644
32647 32918
32946 33129
33159 33380
33430 33575
33603 33909
33932 33933
33970 34262
34268 34380
34406 34691
34830 34946
34949 35124
35157 35333
35336 35462
35465 35544
35575 35577
35625 35741
35755 35837
35884 35910
35939 36063
36105 36144
36147 36244
36286 36412
36423 36527
36583 36726
36733 36845
36868 37069
37096 37097
37135 37279
37283 37448
37557 37631
37637 37751
37770 37927
37995 38137
38151 38224
38227 38293
38308 38476
38555 38589
38598 38601
38619 38896
38992 39035
39038 39240
39248 39326
39330 39410
39439 39660
39745 39939
39962 40040
40043 40188
40215 40216
40253 40296
40309 40407
40434 40761
40792 41075
41161 41223
41229 41357
41424 41495
41500 41664
41670 41671
41686 42012
42016 42101
42209 42307
42336 42582
42616 42896
42933 43232
43276 43278
43332 43600
43636 43968
43978 44174
44208 44399
44407 44496
44562 44608
44611 44711
44758 44761
44814 45024
45050 45224
45265 45428
45464 45762
45790 45827
45843 45938
45979 46026
46052 46131
46173 46175
46193 46361
46394 46563
46646 46722
46725 46919
46931 47067
47172 47285
47325 47389
47399 47470
47482 47483
47506 47786
47790 47888
47891 47987
48103 48364
48368 48440
48449 48451
48504 48618
48778 48956
48959 49045
49074 49337
49374 49470
49473 49649
49679 49771
49776 49951
49963 49965
49985 50197
50201 50362
50411 50671
50698 50946
51037 51384
51401 51402
51426 51619
51630 51837
51861 51946
51979 52127
52145 52242
52245 52442
52478 52519
52522 52643
52646 52774
52802 52887
52893 52895
52914 53035
53057 53210
53255 53257
53271 53532
53554 53717
53743 53862
53886 54181
54284 54369
54394 54699
54708 54710
54732 54955
55045 55325
55356 55626
55669 55755
55758 55877
55884 55886
55912 56210
56213 56343
56409 56474
56495 56676
56709 56790
56795 56856
56859 57099
57114 57116
57137 57668
57727 57756
57786 58146
58186 58253
58278 58423
58442 58462
58465 58549
58561 58562
58583 58615
58618 58722
58725 58796
58920 58981
59013 59168
59199 59328
59331 59413
59438 59597
59621 59741
59744 59896
