18 69
105 199
270 386
417 526
529 768
889 948
951 1203
1239 1301
1304 1543
1570 1571
1595 1880
1917 2046
2071 2187
2193 2291
2296 2486
2526 2564
2567 2633
2646 2671
2681 2974
3006 3008
3054 3437
3477 3644
3708 3984
3991 4112
4115 4233
4264 4364
4390 4513
4542 4543
4579 4827
4832 4948
4986 5004
5007 5199
5317 5693
5735 5774
5801 6082
6091 6093
6113 6174
6177 6447
6476 6533
6542 6647
6673 6731
6816 7044
7072 7090
7093 7228
7257 7376
7432 7517
7523 7592
7595 7597
7608 7788
7794 7842
7845 8082
8133 8188
8216 8369
8379 8575
8591 8653
8675 8785
8858 8926
8945 9019
9022 9072
9084 9086
9111 9379
9384 9669
9675 9786
9818 10029
10110 10341
10350 10352
10369 10649
10673 10765
10782 10873
10884 11023
11050 11168
11250 11278
11281 11442
11486 11625
11685 11917
11930 11932
11953 12179
12230 12262
12276 12338
12373 12486
12537 12764
12767 12849
12858 12969
13087 13113
13116 13261
13266 13267
13306 13608
13644 13945
14003 14153
14171 14315
14333 14376
14397 14513
14598 14721
14725 14727
14739 14974
15044 15120
15129 15221
15227 15274
15300 15389
15445 15678
15725 15896
15926 16298
16310 16312
16366 16519
16539 16788
16825 16950
16953 17058
17094 17270
17308 17378
17381 17411
17424 17557
17581 17582
17616 17710
17713 17734
17737 18025
18055 18204
18207 18302
18305 18348
18351 18410
18511 18550
18553 18904
18928 18987
19002 19127
19135 19137
19152 19294
19325 19609
19654 19936
19939 20223
20265 20267
20322 20745
20800 20957
20987 21172
21234 21441
21449 21451
21468 21650
21653 21849
21907 22258
22337 22490
22514 22579
22594 22684
22729 23008
23014 23016
23034 23176
23252 23503
23506 23726
23789 23852
23855 24056
24090 24324
24328 24483
24499 24500
24528 24741
24762 24809
24812 24973
24997 25103
25207 25453
25506 25537
25547 25689
25692 25851
25861 25863
25886 26211
26274 26512
26549 26905
26910 27119
27143 27421
27435 27515
27574 27928
28020 28167
28198 28522
28525 28752
28847 28933
28941 28943
28962 29241
29244 29449
29520 29564
29578 29848
29871 29992
30076 30214
30221 30369
30393 30395
30429 30590
30593 30821
30858 31069
31072 31224
31294 31461
31495 31822
31868 31868
31922 32161
32230 32359
32405 32549
32635 32873
32935 33087
33091 33215
33228 33231
33255 33428
33455 33822
33896 34057
34068 34204
34251 34468
34481 34568
34598 34773
34781 34782
34798 34886
34889 34944
34991 35243
35246 35414
35497 35633
35636 35690
35716 35756
35759 35854
35885 36152
36162 36163
36180 36396
36479 36624
36633 36792
36863 37125
37128 37137
37140 37169
37175 37434
37455 37458
37489 37893
37929 38169
38198 38259
38262 38358
38411 38662
38738 38816
38819 38934
38940 38942
38964 39228
39266 39327
39330 39624
39697 40267
40284 40286
40315 40402
40436 40556
40653 40698
40730 40825
40849 41021
41026 41103
41108 41220
41224 41337
41364 41365
41389 41510
41516 41581
41691 41985
42022 42196
42253 42374
42377 42459
42479 42756
42799 42801
42850 42961
42964 43054
43057 43169
43192 43337
43423 43576
43601 43749
43781 43933
43947 43989
44021 44116
44119 44172
44187 44188
44234 44522
44609 45074
45092 45110
45114 45286
45308 45526
45542 45543
45569 45721
45724 45857
46002 46281
46332 46422
46429 46531
46598 46788
46791 46943
46972 46975
47003 47040
47054 47226
47259 47351
47354 47627
47725 47903
47955 48009
48012 48082
48111 48341
48349 48351
48398 48448
48452 49011
49067 49156
49159 49179
49184 49254
49284 49524
49527 49620
49664 49969
49972 49973
49985 50054
50085 50256
50261 50328
50446 50495
50499 50861
50897 51112
51145 51243
51247 51361
51364 51458
51503 51506
51544 51892
51938 52305
52358 52602
52646 52647
52696 53112
53149 53345
53407 53436
53439 53589
53613 53778
53796 53957
53960 54117
54135 54137
54168 54352
54381 54483
54486 54655
54728 55169
55269 55489
55496 55595
55613 55615
55645 55880
55883 56081
56130 56489
56556 56859
56867 56932
56972 56973
57023 57066
57075 57377
57426 57489
57521 57675
57678 57721
57724 57779
57810 57947
57977 58034
58050 58122
58146 58269
58272 58304
58307 58345
58375 58377
58413 58564
58591 58811
58880 58956
58959 59011
59034 59095
59118 59159
59162 59218
59273 59528
59626 59754
59798 59949
