23 120
227 392
403 683
714 1010
1048 1050
1090 1324
1361 1605
1633 1871
1935 2279
2307 2308
2344 2617
2621 2800
2850 3021
3024 3236
3316 3721
3747 3748
3776 4060
4072 4075
4110 4580
4630 4931
4979 5381
5401 5402
5430 5955
5999 6232
6294 6765
6799 6995
7009 7011
7047 7304
7347 7699
7756 8248
8276 8278
8317 8737
8782 9001
9031 9223
9266 9512
9536 9689
9703 9705
9728 9969
9995 10254
10319 10718
10768 10844
10847 11167
11174 11176
11194 11633
11680 12024
12084 12253
12299 12524
12535 12536
12561 12621
12628 12982
13050 13391
13426 13693
13736 14160
14181 14183
14205 14448
14477 14673
14777 14926
14957 15233
15310 15452
15455 15626
15641 15643
15668 15921
15962 16381
16455 16699
16702 16799
16825 17184
17209 17211
17248 17471
17519 17704
17726 17961
18008 18333
18355 18356
18389 18823
18871 19213
19248 19299
19302 19494
19545 19716
19730 19942
19953 19956
19976 20185
20236 20510
20538 20925
20970 21174
21210 21424
21433 21433
21449 21761
21815 22089
22132 22398
22432 22795
22810 22812
22837 23285
23352 23724
23785 24028
24072 24251
24260 24262
24279 24707
24748 24984
25015 25237
25266 25592
25630 25632
25659 26140
26204 26549
26603 26952
26967 26968
26992 27056
27066 27110
27113 27303
27359 27671
27707 28034
28038 28084
28150 28416
28427 28430
28449 28603
28606 28739
28772 28983
29028 29509
29555 29902
29913 29915
29939 30139
30185 30658
30701 30912
30936 30956
30959 31180
31205 31206
31239 31662
31733 32016
32060 32275
32278 32403
32458 32623
32631 32633
32661 32954
33000 33186
33219 33506
33535 33902
33931 34116
34135 34137
34153 34352
34359 34361
34401 34711
34734 34982
35013 35266
35288 35290
35311 35459
35533 35961
36005 36384
36416 36737
36769 36770
36791 36929
36932 36989
36992 37114
37165 37458
37488 37786
37821 37946
37970 37971
38001 38379
38423 38571
38600 38660
38674 38740
38769 39153
39171 39379
39415 39417
39463 39851
39891 40250
40279 40412
40451 40697
40706 40708
40722 40914
40995 41379
41418 41620
41641 41838
41854 42106
42151 42153
42213 42294
42297 42329
42333 42405
42431 42501
42552 42736
42761 43166
43184 43186
43214 43453
43497 43706
43709 43782
43818 44089
44139 44392
44424 44698
44714 44716
44741 45069
45112 45441
45474 45855
45902 46078
46091 46093
46115 46482
46537 46929
46970 47080
47126 47139
47142 47436
47445 47447
47467 47616
47624 47693
47696 47825
47850 47918
47960 48188
48217 48340
48343 48467
48470 48541
48572 48917
48938 48940
48968 49247
49250 49385
49430 49675
49712 50046
50081 50278
50289 50290
50312 50381
50384 50551
50594 50626
50629 50746
50766 50944
50999 51169
51196 51356
51359 51519
51532 51533
51555 51905
51952 52073
52076 52293
52340 52582
52585 52760
52808 53079
53087 53090
53106 53310
53344 53608
53662 53709
53732 53845
53875 54013
54040 54114
54130 54132
54158 54221
54224 54282
54314 54587
54611 54780
54814 54852
54861 54929
54933 55034
55058 55346
55372 55705
55719 55721
55745 55907
55914 55916
55951 56248
56278 56593
56645 56771
56817 57148
57158 57160
57178 57453
57456 57599
57641 57893
57920 58062
58070 58072
58089 58316
58332 58398
58411 58848
58883 59051
59054 59208
59274 59666
